1.4840672016143799 1.6328970193862915
1.4741053581237793 1.6628906726837158
1.4727628231048584 1.6411901712417603
1.4713788032531738 1.633375644683838
1.4717121124267578 1.634010910987854
1.4706976413726807 1.6302191019058228
1.470642328262329 1.6438101530075073
1.4706244468688965 1.6373172998428345
1.4707273244857788 1.6334843635559082
1.4703338146209717 1.6306716203689575
1.470395565032959 1.630901575088501
1.4696084260940552 1.6394743919372559
1.4694329500198364 1.6304608583450317
1.4697766304016113 1.6461580991744995
1.4699647426605225 1.6373463869094849
1.4694218635559082 1.6554489135742188
1.4699385166168213 1.6311451196670532
1.469788908958435 1.6355706453323364
1.4696029424667358 1.63326096534729
1.469457745552063 1.6312336921691895
1.4693647623062134 1.6319063901901245
1.4696192741394043 1.6492990255355835
1.4695011377334595 1.6374034881591797
1.4697482585906982 1.638659954071045
1.4691596031188965 1.6372222900390625
1.4690909385681152 1.6364883184432983
1.4690593481063843 1.6306641101837158
1.469066858291626 1.6388883590698242
1.4689115285873413 1.6396164894104004
1.4691345691680908 1.6313445568084717
1.4689877033233643 1.6323612928390503
1.4687598943710327 1.636080265045166
1.4690724611282349 1.6426361799240112
1.4687557220458984 1.635502576828003
1.4685853719711304 1.6423890590667725
1.4689828157424927 1.6321070194244385
1.4686874151229858 1.644112467765808
1.4687572717666626 1.633418321609497
1.3566557168960571 1.2643764019012451
1.1368801593780518 1.2209367752075195
1.0926865339279175 1.1615078449249268
1.0448583364486694 1.1154568195343018
0.9930515885353088 1.0409153699874878
0.9577248096466064 1.02577543258667
0.9402108788490295 1.0010191202163696
0.9054533839225769 0.9415833353996277
0.8444018363952637 0.8956520557403564
0.8161957263946533 0.8709366321563721
0.7989462018013 0.8853943943977356
0.7841824293136597 0.8372927904129028
0.7704313397407532 0.8345737457275391
0.75905841588974 0.8222359418869019
0.728768527507782 0.7644316554069519
0.6731004118919373 0.6999266147613525
0.6050472259521484 0.5995142459869385
0.5174246430397034 0.5049127340316772
0.4351666271686554 0.42896246910095215
0.39564499258995056 0.40550002455711365
0.3685842752456665 0.36655622720718384
0.34308794140815735 0.3413386642932892
0.3172689974308014 0.33013981580734253
0.29915910959243774 0.3118254542350769
0.2852904796600342 0.289163202047348
0.2765757441520691 0.30040252208709717
0.2706703245639801 0.2918544113636017
0.2640654742717743 0.2884916663169861
0.25938594341278076 0.26859602332115173
0.25557655096054077 0.27497974038124084
0.2503647804260254 0.2556723952293396
0.24694830179214478 0.2633354067802429
0.24365390837192535 0.2636543810367584
0.23994068801403046 0.25046306848526
0.23772555589675903 0.2819715142250061
0.2342093288898468 0.30154067277908325
0.23145374655723572 0.2527613639831543
0.22906887531280518 0.23847578465938568
0.22491280734539032 0.2429104745388031
0.22368894517421722 0.22731390595436096
0.21992889046669006 0.24674232304096222
0.21756300330162048 0.24191609025001526
0.21518413722515106 0.23823049664497375
0.21455729007720947 0.2360343039035797
0.21164339780807495 0.23597703874111176
0.2104085385799408 0.22252772748470306
0.2079722285270691 0.22089332342147827
0.20789125561714172 0.2218175083398819
0.2052641212940216 0.2130671888589859
0.20373626053333282 0.21970035135746002
0.20218533277511597 0.2163611203432083
0.20261387526988983 0.21077801287174225
0.20078134536743164 0.21712425351142883
0.2003614455461502 0.2150719314813614
0.19968539476394653 0.2389678806066513
0.1975906491279602 0.24083854258060455
0.1964636594057083 0.2122700959444046
0.195075124502182 0.2051820158958435
0.1933557540178299 0.21736612915992737
0.19352953135967255 0.1986776441335678
0.19151392579078674 0.20762862265110016
0.19037990272045135 0.19715870916843414
0.1898777037858963 0.20987054705619812
0.19018234312534332 0.1987563818693161
0.18798011541366577 0.20802879333496094
0.1873990148305893 0.21976763010025024
0.1865893006324768 0.19988927245140076
0.18574431538581848 0.20968709886074066
0.18586322665214539 0.21149513125419617
0.18307052552700043 0.20189625024795532
0.18205001950263977 0.19774703681468964
0.18183445930480957 0.23125842213630676
0.18146628141403198 0.21390384435653687
0.17931954562664032 0.20213215053081512
0.17981849610805511 0.21744464337825775
0.17841680347919464 0.19404247403144836
0.17738528549671173 0.19443951547145844
0.17695948481559753 0.19865773618221283
0.17523954808712006 0.1805092990398407
0.17503419518470764 0.1798810511827469
0.17391175031661987 0.18253162503242493
0.1742108017206192 0.19826288521289825
0.17245031893253326 0.17645438015460968
0.17195291817188263 0.1901802122592926
0.1719674915075302 0.1780758649110794
0.17096449434757233 0.1867612600326538
0.17071498930454254 0.18034422397613525
0.16908682882785797 0.17821285128593445
0.16925367712974548 0.18618009984493256
0.16855302453041077 0.19702750444412231
0.16819390654563904 0.19784288108348846
0.1669570356607437 0.18306052684783936
0.16626346111297607 0.1819412261247635
0.16601862013339996 0.17382670938968658
0.16562730073928833 0.17615899443626404
0.16512227058410645 0.18975980579853058
0.16493043303489685 0.20029795169830322
0.16442109644412994 0.1765996515750885
0.16288626194000244 0.1722477823495865
0.1627664864063263 0.16782599687576294
0.1627044975757599 0.17327718436717987
0.16173893213272095 0.17138618230819702
0.1617865115404129 0.17637476325035095
0.16032882034778595 0.16878561675548553
0.16033490002155304 0.16635443270206451
0.15910129249095917 0.16946923732757568
0.15975259244441986 0.1671261191368103
0.15803085267543793 0.17132239043712616
0.15724125504493713 0.17892098426818848
0.15723560750484467 0.1667925864458084
0.15597084164619446 0.16854454576969147
0.15601801872253418 0.1594204157590866
0.15451553463935852 0.1648101955652237
0.1550254374742508 0.16506004333496094
0.15508468449115753 0.1610403060913086
0.15370962023735046 0.16868560016155243
0.15270006656646729 0.19884054362773895
0.15300342440605164 0.15876731276512146
0.1522512286901474 0.16249145567417145
0.15265695750713348 0.15977083146572113
0.15183158218860626 0.1567821502685547
0.15088950097560883 0.1571493297815323
0.15141142904758453 0.17124053835868835
0.15053878724575043 0.17967867851257324
0.15054824948310852 0.1661250740289688
0.1492568552494049 0.15781760215759277
0.1495700478553772 0.16198790073394775
0.14962053298950195 0.1554042249917984
0.1490090936422348 0.15912692248821259
0.1480923295021057 0.15523061156272888
0.14784817397594452 0.16083063185214996
0.14715220034122467 0.1558188945055008
0.1469331979751587 0.1560646891593933
0.1477014273405075 0.15844003856182098
0.14724533259868622 0.14904336631298065
0.14555242657661438 0.15939649939537048
0.14511747658252716 0.15250137448310852
0.14499016106128693 0.15354713797569275
0.14578582346439362 0.18364496529102325
0.145126074552536 0.16725163161754608
0.14461220800876617 0.15983866155147552
0.14511863887310028 0.22195906937122345
0.1441328227519989 0.16076870262622833
0.14396993815898895 0.14967207610607147
0.14346085488796234 0.15492895245552063
0.1435214877128601 0.1610507071018219
0.14287039637565613 0.14752380549907684
0.14372891187667847 0.16355282068252563
0.14234474301338196 0.15685009956359863
0.14279469847679138 0.15217481553554535
0.14237284660339355 0.1469610333442688
0.1410851627588272 0.14566229283809662
0.14048363268375397 0.15313835442066193
0.14073000848293304 0.16628313064575195
0.14076165854930878 0.1809016913175583
0.14004690945148468 0.14816780388355255
0.1399080604314804 0.14728738367557526
0.1397928148508072 0.1528005599975586
0.13936154544353485 0.14591021835803986
0.13939814269542694 0.19349074363708496
0.13866476714611053 0.14586812257766724
0.13885170221328735 0.14479900896549225
0.13811440765857697 0.2196921557188034
0.13713893294334412 0.14113479852676392
0.13738766312599182 0.16360151767730713
0.13772134482860565 0.14615587890148163
0.1369706690311432 0.14896515011787415
0.13726221024990082 0.1422318071126938
0.1352311074733734 0.14159122109413147
0.13757669925689697 0.15572655200958252
0.13599207997322083 0.15363438427448273
0.13591724634170532 0.14310920238494873
0.13520069420337677 0.14942233264446259
0.13555458188056946 0.14274612069129944
0.13534697890281677 0.14211870729923248
0.13522636890411377 0.14324705302715302
0.13484244048595428 0.14577361941337585
0.13448767364025116 0.1548379361629486
0.13343758881092072 0.1570725291967392
0.13375221192836761 0.14042384922504425
0.13316462934017181 0.13992822170257568
0.1332664042711258 0.15328489243984222
0.13343152403831482 0.15371054410934448
0.13286274671554565 0.1495860368013382
0.13353478908538818 0.18644413352012634
0.13314791023731232 0.14580917358398438
0.1319546401500702 0.14296871423721313
0.1336439698934555 0.13987785577774048
0.13109777867794037 0.14999718964099884
0.13176462054252625 0.17883138358592987
0.13111665844917297 0.13760417699813843
0.13080014288425446 0.14818015694618225
0.13063760101795197 0.13768920302391052
0.13004063069820404 0.14990295469760895
0.12976451218128204 0.13998471200466156
0.13085772097110748 0.1366700530052185
0.13062691688537598 0.1477385312318802
0.12969784438610077 0.13892902433872223
0.13076023757457733 0.13823774456977844
0.12907998263835907 0.13536547124385834
0.13013657927513123 0.15792721509933472
0.12937454879283905 0.13714765012264252
0.1303728073835373 0.13848866522312164
0.12848645448684692 0.1402503103017807
0.12872934341430664 0.13588353991508484
0.12813296914100647 0.1425616294145584
0.1285393238067627 0.14206033945083618
0.1292903870344162 0.14119572937488556
0.12746888399124146 0.1389969140291214
0.12715616822242737 0.13309592008590698
0.12711313366889954 0.13387417793273926
0.12718524038791656 0.16751345992088318
0.12780511379241943 0.1628352254629135
0.12638580799102783 0.13452084362506866
0.1270631104707718 0.14111283421516418
0.12678757309913635 0.14187847077846527
0.14842990040779114 0.141921266913414
0.12800554931163788 0.13347214460372925
0.12682613730430603 0.13364392518997192
0.12692341208457947 0.14239545166492462
0.12552663683891296 0.13242200016975403
0.1259581446647644 0.14439459145069122
0.12570323050022125 0.15502896904945374
0.12629514932632446 0.139606773853302
0.12528301775455475 0.12848199903964996
0.12548452615737915 0.13459020853042603
0.12489231675863266 0.13842616975307465
0.1250346302986145 0.13832122087478638
0.12376686930656433 0.1302872747182846
0.12560459971427917 0.15666507184505463
0.12515883147716522 0.13056297600269318
0.12448126822710037 0.1287134438753128
0.12468717247247696 0.13601839542388916
0.12530159950256348 0.13157853484153748
0.12393832951784134 0.13273048400878906
0.12387341260910034 0.13991543650627136
0.1242847740650177 0.14259611070156097
0.12396188825368881 0.13114477694034576
0.12310279905796051 0.1271439641714096
0.1242087185382843 0.14132292568683624
0.12293077260255814 0.1366213709115982
0.12386731058359146 0.14602884650230408
0.12188072502613068 0.1431111991405487
0.12423919886350632 0.1523427814245224
0.1217360869050026 0.1344459056854248
0.1218060851097107 0.13581588864326477
0.12189535051584244 0.1326025426387787
0.12240543216466904 0.14958272874355316
0.1229877695441246 0.15094377100467682
0.12178634107112885 0.14549006521701813
0.12233282625675201 0.12834447622299194
0.12114657461643219 0.12944954633712769
0.12163818627595901 0.12685175240039825
0.12126697599887848 0.12612025439739227
0.1215309277176857 0.13784711062908173
0.12150035798549652 0.13529829680919647
0.12092961370944977 0.14837990701198578
0.12070492655038834 0.12735016644001007
0.12142747640609741 0.1326408088207245
0.12039089947938919 0.13407105207443237
0.12132517993450165 0.13847382366657257
0.1211937963962555 0.14153224229812622
0.11957118660211563 0.1264301836490631
0.12123974412679672 0.12968458235263824
0.12140657752752304 0.12800735235214233
0.12015494704246521 0.13414441049098969
0.12016697227954865 0.1259271651506424
0.12018939107656479 0.1479211151599884
0.12074091285467148 0.12882967293262482
0.11940059065818787 0.1465899497270584
0.11907976865768433 0.12919601798057556
0.11957795172929764 0.15138442814350128
0.11873482167720795 0.13388732075691223
0.11966921389102936 0.13197684288024902
0.11890272796154022 0.12581980228424072
0.11994484812021255 0.1443880796432495
0.11985044181346893 0.12685510516166687
0.11760570108890533 0.12304522097110748
0.11902240663766861 0.12470245361328125
0.11819808930158615 0.12528418004512787
0.11915665864944458 0.15120713412761688
0.11802244186401367 0.12574319541454315
0.11806722730398178 0.12454435229301453
0.11687498539686203 0.15828731656074524
0.11997001618146896 0.12535063922405243
0.11797039955854416 0.13078510761260986
0.11852461844682693 0.12132983654737473
0.11866641044616699 0.1375621110200882
0.11764420568943024 0.12453064322471619
0.11756302416324615 0.1293219029903412
0.11711843311786652 0.147950679063797
0.11817159503698349 0.12397485971450806
0.11691400408744812 0.12305978685617447
0.11763104051351547 0.12214639782905579
0.11709453165531158 0.13175122439861298
0.11800773441791534 0.12482843548059464
0.11672679334878922 0.12921248376369476
0.1172223761677742 0.13543909788131714
0.11674279719591141 0.12866127490997314
0.1171547994017601 0.12642186880111694
0.11749141663312912 0.12170305848121643
0.11649507284164429 0.12446761131286621
0.11632012575864792 0.13038168847560883
0.11611295491456985 0.13067160546779633
0.11608472466468811 0.12842001020908356
0.11632487177848816 0.14837124943733215
0.11567388474941254 0.13208948075771332
0.11635790020227432 0.16371765732765198
0.11670593917369843 0.12711793184280396
0.11571822315454483 0.12637926638126373
0.11598840355873108 0.1226486936211586
0.11841330677270889 0.12394023686647415
0.11516872048377991 0.12231792509555817
0.11524073779582977 0.12830840051174164
0.11644331365823746 0.1410425305366516
0.11550494283437729 0.1263827383518219
0.11526008695363998 0.12559454143047333
0.11506038159132004 0.12366659194231033
0.11560830473899841 0.12630929052829742
0.11517113447189331 0.12068907171487808
0.11469455808401108 0.12837843596935272
0.11466321349143982 0.13501515984535217
0.11461010575294495 0.12222915142774582
0.11488556861877441 0.12499860674142838
0.11382906883955002 0.12768790125846863
0.11537303030490875 0.12141823768615723
0.11538537591695786 0.1477968990802765
0.11381649971008301 0.14378012716770172
0.11420780420303345 0.12153235077857971
0.11394532024860382 0.13563638925552368
0.11393675953149796 0.12459678947925568
0.11437265574932098 0.13400737941265106
0.11384060978889465 0.1762191504240036
0.11440321058034897 0.12712019681930542
0.1141575276851654 0.12198536843061447
0.11447029560804367 0.12321178615093231
0.11306459456682205 0.13383199274539948
0.113682322204113 0.11907017230987549
0.11434353142976761 0.14772118628025055
0.11329999566078186 0.12049978226423264
0.11281124502420425 0.12261535972356796
0.1132042184472084 0.14085249602794647
0.11348626017570496 0.11990997940301895
0.11356720328330994 0.12331007421016693
0.1133449599146843 0.12869106233119965
0.11340000480413437 0.1259821206331253
0.11226248741149902 0.12283430248498917
0.11407561600208282 0.12137185782194138
0.11317642033100128 0.1173587515950203
0.11183951050043106 0.14241859316825867
0.11333541572093964 0.12034790962934494
0.11214497685432434 0.16979530453681946
0.11289184540510178 0.1306353509426117
0.11231236904859543 0.12589792907238007
0.11224661767482758 0.1251596212387085
0.1130044013261795 0.14096373319625854
0.11117343604564667 0.1787915974855423
0.11205531656742096 0.1212957575917244
0.13180844485759735 0.12111031264066696
0.11245229095220566 0.12122097611427307
0.1119355708360672 0.12436287105083466
0.11326491087675095 0.11965012550354004
0.1124386265873909 0.11667151749134064
0.11165202409029007 0.13101138174533844
0.11203838139772415 0.11863789707422256
0.11236461251974106 0.12355942279100418
0.11105860769748688 0.12785254418849945
0.1113700345158577 0.13308708369731903
0.11141862720251083 0.11633685231208801
0.11098477989435196 0.11597130447626114
0.11220216006040573 0.1187785342335701
0.11181212961673737 0.13651448488235474
0.11129657179117203 0.1326807141304016
0.11158140003681183 0.11465337872505188
0.11305040866136551 0.13060025870800018
0.11094232648611069 0.12034663558006287
0.11118008941411972 0.12481574714183807
0.11028891801834106 0.12735290825366974
0.11040657013654709 0.11660056561231613
0.1110561192035675 0.11446832865476608
0.11124740540981293 0.12973226606845856
0.11095789074897766 0.14188899099826813
0.10987367480993271 0.12504026293754578
0.11035619676113129 0.11506282538175583
0.11035134643316269 0.13965660333633423
0.11025196313858032 0.1173308938741684
0.11006652563810349 0.15642301738262177
0.11047806590795517 0.12421578913927078
0.11016657948493958 0.1313650906085968
0.10932576656341553 0.12718692421913147
0.10995245724916458 0.11452785134315491
0.10988737642765045 0.13921238481998444
0.10986290127038956 0.11636445671319962
0.11008566617965698 0.11497200280427933
0.10995528846979141 0.12188832461833954
0.10999862849712372 0.12175983190536499
0.10898812860250473 0.13124579191207886
0.10955540835857391 0.12482697516679764
0.10959610342979431 0.11854732036590576
0.10908957570791245 0.14354002475738525
0.10979366302490234 0.12081066519021988
0.1101355329155922 0.11977085471153259
0.10964209586381912 0.1168208122253418
0.10866043716669083 0.1344044953584671
0.10981448739767075 0.1325443834066391
0.10918634384870529 0.13616447150707245
0.109833724796772 0.136450856924057
0.10787093639373779 0.12703168392181396
0.1089082658290863 0.11435003578662872
0.10971064120531082 0.11963256448507309
0.10881830006837845 0.13555780053138733
0.10837263613939285 0.11864446848630905
0.10926144570112228 0.12152577191591263
0.1093335822224617 0.12923720479011536
0.10851850360631943 0.12293921411037445
0.10775338858366013 0.11281348019838333
0.10884744673967361 0.11413923650979996
0.1080298125743866 0.11328750848770142
0.10739751905202866 0.1264006644487381
0.10843859612941742 0.11449263989925385
0.10859403759241104 0.12407266348600388
0.1073584035038948 0.1158234253525734
0.10859480500221252 0.1263323277235031
0.10858564078807831 0.1125900149345398
0.10727731883525848 0.13201728463172913
0.10737294703722 0.11354868859052658
0.10928340256214142 0.11366746574640274
0.10740192979574203 0.1457890272140503
0.10767678171396255 0.1285715103149414
0.10720400512218475 0.1320967972278595
0.10805008560419083 0.11603263020515442
0.107179656624794 0.11488530039787292
0.10644697397947311 0.1190226674079895
0.1070958748459816 0.11492722481489182
0.10672508180141449 0.1146392896771431
0.10802415013313293 0.1526513695716858
0.10756489634513855 0.11793947964906693
0.11542319506406784 0.12507767975330353
0.10742552578449249 0.12954086065292358
0.10703998804092407 0.12126467376947403
0.10715276747941971 0.11705183982849121
0.1064990684390068 0.11301043629646301
0.10642416775226593 0.11825140565633774
0.10665691643953323 0.12021265178918839
0.10586635768413544 0.12074838578701019
0.10660100728273392 0.11429598927497864
0.10728049278259277 0.14393647015094757
0.106868676841259 0.11179513484239578
0.10706041753292084 0.11350235342979431
0.1068878248333931 0.1248282790184021
0.10789389908313751 0.10979726165533066
0.10678724199533463 0.11303050071001053
0.1062423586845398 0.11369355022907257
0.10611522942781448 0.12474475055932999
0.10701900720596313 0.11334454268217087
0.1058955192565918 0.1310262382030487
0.10615678876638412 0.1104826033115387
0.1072520762681961 0.11174189299345016
0.1058938205242157 0.1239069476723671
0.1065315455198288 0.12063471972942352
0.1063772588968277 0.12432696670293808
0.10539625585079193 0.1196039468050003
0.10526150465011597 0.15322652459144592
0.10617470741271973 0.11818243563175201
0.10541396588087082 0.11073411256074905
0.10621403902769089 0.11231186240911484
0.10656832158565521 0.11549492180347443
0.10512779653072357 0.1587839424610138
0.10628999769687653 0.11032415926456451
0.10461641848087311 0.11525586992502213
0.10484304279088974 0.11492610722780228
0.10546380281448364 0.12023431807756424
0.10588947683572769 0.13061292469501495
0.10452575236558914 0.15275737643241882
0.10579264163970947 0.1121821328997612
0.1056308001279831 0.13626651465892792
0.10740865767002106 0.12649334967136383
0.1042630672454834 0.11348268389701843
0.10595736652612686 0.12224320322275162
0.10499498248100281 0.11591701954603195
0.1046702191233635 0.12921634316444397
0.10632722824811935 0.11498761922121048
0.10521320253610611 0.11750926822423935
0.1045185923576355 0.11452662944793701
0.10470153391361237 0.1124117523431778
0.10509798675775528 0.11836634576320648
0.10522294789552689 0.13215354084968567
0.10471977293491364 0.12476333230733871
0.10588343441486359 0.11301013827323914
0.10447495430707932 0.11779988557100296
0.10460295528173447 0.11579569429159164
0.1055203452706337 0.10823901742696762
0.10445428639650345 0.11643323302268982
0.10498698055744171 0.11226969957351685
0.10378415882587433 0.11351512372493744
0.10438480228185654 0.1326575130224228
0.11156415939331055 0.11158543080091476
0.10397424548864365 0.11774098873138428
0.10392789542675018 0.12039344757795334
0.10372845083475113 0.11075269430875778
0.1045619547367096 0.11099307984113693
0.10446502268314362 0.11167185753583908
0.10473495721817017 0.11161885410547256
0.10451699048280716 0.11208543181419373
0.10376535356044769 0.11302193254232407
0.1041259691119194 0.11079930514097214
0.1040022149682045 0.11807204782962799
0.10415064543485641 0.11988508701324463
0.10456272959709167 0.1154903843998909
0.10404957830905914 0.11174914985895157
0.10368373990058899 0.12006071954965591
0.10355076193809509 0.10853864252567291
0.10376477986574173 0.10821501910686493
0.10345442593097687 0.114615797996521
0.10483164340257645 0.11926812678575516
0.10395219177007675 0.11762241274118423
0.10358237475156784 0.1099398285150528
0.10432828962802887 0.11579565703868866
0.10443505644798279 0.1125483363866806
0.10312730818986893 0.11997906118631363
0.10420337319374084 0.13967937231063843
0.10425851494073868 0.10872072726488113
0.10279430449008942 0.11141548305749893
0.10291172564029694 0.12603266537189484
0.10454771667718887 0.11757464706897736
0.10259684175252914 0.11427299678325653
0.10397586226463318 0.11110126227140427
0.10342444479465485 0.12218063324689865
0.10291121900081635 0.12003263831138611
0.10328438878059387 0.11008349061012268
0.10329684615135193 0.10769497603178024
0.10294073075056076 0.10908862948417664
0.10308674722909927 0.1317855268716812
0.10296966880559921 0.11174661666154861
0.10353206843137741 0.11013002693653107
0.1027638241648674 0.10715372860431671
0.10234787315130234 0.11001743376255035
0.10371213406324387 0.10944311320781708
0.10447682440280914 0.10996203869581223
0.10174461454153061 0.1115124449133873
0.10243257880210876 0.10787633806467056
0.10281369090080261 0.11370080709457397
0.10217227041721344 0.11179172247648239
0.10264260321855545 0.11016125977039337
0.10220684856176376 0.11651590466499329
0.10235526412725449 0.1128380298614502
0.10191232711076736 0.12519681453704834
0.10350769013166428 0.10761994123458862
0.10169854760169983 0.10951213538646698
0.10316415131092072 0.10824384540319443
0.1034720316529274 0.11038289964199066
0.10304120182991028 0.11066736280918121
0.10234837234020233 0.13076500594615936
0.10263678431510925 0.1310674250125885
0.10322965681552887 0.11357013136148453
0.10238421708345413 0.11074548959732056
0.10271958261728287 0.10956539958715439
0.10234995931386948 0.10978514701128006
0.10233240574598312 0.14014919102191925
0.10291638970375061 0.10698216408491135
0.10267157107591629 0.10766198486089706
0.1016257181763649 0.11113975942134857
0.10213398933410645 0.11013086885213852
0.1022801622748375 0.11249114573001862
0.10233248770236969 0.127604678273201
0.1016005128622055 0.12128666788339615
0.10159915685653687 0.10983400046825409
0.1021152064204216 0.1085495725274086
0.10428906232118607 0.11061729490756989
0.10177545249462128 0.11388090252876282
0.10196756571531296 0.11369790881872177
0.10206843167543411 0.12191719561815262
0.10166051983833313 0.11098894476890564
0.1030425876379013 0.12065499275922775
0.10166388750076294 0.10828857123851776
0.1013922169804573 0.11232136934995651
0.10169070214033127 0.11813715845346451
0.10351152718067169 0.11136585474014282
0.1020602136850357 0.10630089044570923
0.1016223132610321 0.11179620772600174
0.10111210495233536 0.10934611409902573
0.10096381604671478 0.12647947669029236
0.1019868478178978 0.11573565751314163
0.10129819065332413 0.11052941530942917
0.10242267698049545 0.12451640516519547
0.10067690908908844 0.1290515512228012
0.10076425969600677 0.11708902567625046
0.10243983566761017 0.1321169137954712
0.10081477463245392 0.10636268556118011
0.10065657645463943 0.11247595399618149
0.10203159600496292 0.12361454963684082
0.10072934627532959 0.11143053323030472
0.103990338742733 0.1064535602927208
0.10074479877948761 0.10791933536529541
0.10197678208351135 0.13101021945476532
0.10120955854654312 0.10912398993968964
0.10110560059547424 0.12473530322313309
0.10234517604112625 0.10877611488103867
0.1001063734292984 0.11762502044439316
0.10178547352552414 0.1103118285536766
0.10049087554216385 0.11434539407491684
0.10038819164037704 0.11955343931913376
0.10493098944425583 0.11050666123628616
0.10001031309366226 0.11276000738143921
0.10091926902532578 0.11941390484571457
0.1017172783613205 0.109775610268116
0.1011490598320961 0.11587610095739365
0.10079236328601837 0.11148562282323837
0.10081123560667038 0.1088251918554306
0.10067043453454971 0.10915928333997726
0.10130175948143005 0.11332125961780548
0.10071208328008652 0.11027614772319794
0.10120867937803268 0.10768191516399384
0.09990517050027847 0.10598918795585632
0.10214360058307648 0.11112922430038452
0.10117818415164948 0.1108013167977333
0.09958699345588684 0.11006812751293182
0.10023007541894913 0.11399563401937485
0.10088849067687988 0.11781731247901917
0.10063670575618744 0.12827976047992706
0.09942477941513062 0.1128978356719017
0.0994025394320488 0.10598554462194443
0.10010885447263718 0.13110657036304474
0.10125073045492172 0.1126742735505104
0.10032381862401962 0.1165582686662674
0.10038714110851288 0.10908926278352737
0.09968288242816925 0.11205602437257767
0.10063674300909042 0.11028280109167099
0.10110162943601608 0.11508037894964218
0.10020912438631058 0.11948054283857346
0.0998225286602974 0.10799708217382431
0.09973155707120895 0.11713399738073349
0.10006126016378403 0.11072582006454468
0.10067807137966156 0.1073615550994873
0.10029452294111252 0.11241810768842697
0.10060025751590729 0.10499704629182816
0.09946636855602264 0.10964221507310867
0.10022469609975815 0.12429822981357574
0.1002817377448082 0.10534360259771347
0.09936516731977463 0.10689208656549454
0.10068458318710327 0.10629902780056
0.09923754632472992 0.1054801344871521
0.10025785863399506 0.10731024295091629
0.09825605154037476 0.12367706745862961
0.0992785319685936 0.11850891262292862
0.09923714399337769 0.10927131026983261
0.09952933341264725 0.1285223811864853
0.09949305653572083 0.10705797374248505
0.10028345137834549 0.11006385087966919
0.09989515691995621 0.11321482062339783
0.09957651793956757 0.13873815536499023
0.09850525110960007 0.10817364603281021
0.10415074974298477 0.11264626681804657
0.09882024675607681 0.11265718936920166
0.09896786510944366 0.10637262463569641
0.09937631338834763 0.11282353103160858
0.09881053119897842 0.10624632239341736
0.09902537614107132 0.10693271458148956
0.09944549202919006 0.10602110624313354
0.09982401132583618 0.10681565850973129
0.09865826368331909 0.1164546087384224
0.09991733729839325 0.11831650882959366
0.09864939004182816 0.10736104846000671
0.10196144133806229 0.11089074611663818
0.09899912029504776 0.10722912102937698
0.09931304305791855 0.1135277971625328
0.09813782572746277 0.10426712781190872
0.09911695867776871 0.1125272884964943
0.09888254106044769 0.10624440014362335
0.10001803934574127 0.11794459819793701
0.10048098117113113 0.113010935485363
0.09848951548337936 0.10380470752716064
0.09858755767345428 0.10898012667894363
0.09942711144685745 0.10434314608573914
0.0989525094628334 0.10720465332269669
0.09887198358774185 0.10736681520938873
0.09925813227891922 0.10775987058877945
0.09800364822149277 0.10493090748786926
0.10227031260728836 0.11513906717300415
0.09841609746217728 0.10996761918067932
0.09788472950458527 0.11114876717329025
0.09872550517320633 0.12371768057346344
0.09999226033687592 0.10253532230854034
0.09804358333349228 0.10915105789899826
0.09849158674478531 0.14309877157211304
0.09921343624591827 0.10793043673038483
0.09853818267583847 0.10746379941701889
0.0980280190706253 0.11758330464363098
0.09798704832792282 0.12504693865776062
0.09847214072942734 0.11285951733589172
0.09796152263879776 0.10676421225070953
0.0989878922700882 0.11671683937311172
0.09787410497665405 0.10767817497253418
0.09791126102209091 0.10482794046401978
0.10083339363336563 0.10634689778089523
0.09741441160440445 0.10995886474847794
0.09896861761808395 0.11446696519851685
0.09720081090927124 0.10824064165353775
0.09802531450986862 0.11216293275356293
0.09798255562782288 0.1098017692565918
0.0981878936290741 0.10927683860063553
0.09841400384902954 0.10710632055997849
0.0985141173005104 0.10978066176176071
0.09723547101020813 0.10978320986032486
0.09758956730365753 0.10514847934246063
0.09727635234594345 0.10828735679388046
0.09868864715099335 0.10308240354061127
0.09732140600681305 0.10605740547180176
0.09742013365030289 0.11482688784599304
0.09788554161787033 0.11433534324169159
0.09849251806735992 0.10504437983036041
0.09943070262670517 0.10403081774711609
0.09765993803739548 0.10681147873401642
0.09746351093053818 0.11123407632112503
0.0974397286772728 0.11236865073442459
0.0977562665939331 0.12031462788581848
0.09784510731697083 0.10598965734243393
0.09703409671783447 0.10355594754219055
0.09702267497777939 0.10289613157510757
0.09866482764482498 0.10773307830095291
0.09703174233436584 0.1073131337761879
0.09660836309194565 0.10925314575433731
0.09876332432031631 0.1043647974729538
0.09656231850385666 0.10447751730680466
0.09746761620044708 0.10509775578975677
0.09719949960708618 0.10591400414705276
0.0975833460688591 0.1324750781059265
0.09819797426462173 0.10545523464679718
0.09669578075408936 0.1212550550699234
0.09762963652610779 0.10288003832101822
0.0964232087135315 0.10683644562959671
0.09794406592845917 0.10471019893884659
0.0969821959733963 0.1161423847079277
0.0982048436999321 0.10503462702035904
0.09601011127233505 0.13828344643115997
0.09695811569690704 0.10578006505966187
0.09751377254724503 0.11589452624320984
0.09756337106227875 0.13655342161655426
0.09639467298984528 0.10461820662021637
0.09956416487693787 0.10985159128904343
0.09642262756824493 0.10462794452905655
0.09695108979940414 0.10763953626155853
0.10054492205381393 0.11342545598745346
0.09686338901519775 0.10841386020183563
0.0962596982717514 0.11099284142255783
0.09660305827856064 0.11549686640501022
0.09628524631261826 0.11703717708587646
0.09620693325996399 0.10752809047698975
0.09599249064922333 0.10817229002714157
0.09669499844312668 0.1133713349699974
0.09584857523441315 0.10551495850086212
0.09737057238817215 0.1219068318605423
0.09690771251916885 0.1091417744755745
0.09677848219871521 0.10627468675374985
0.09725534915924072 0.10296130180358887
0.09670121967792511 0.10776735842227936
0.09956558048725128 0.10324963927268982
0.09605841338634491 0.1139322891831398
0.09608539938926697 0.11344964057207108
0.09645736217498779 0.10523596405982971
0.09679719060659409 0.11933723837137222
0.09693542867898941 0.11171846836805344
0.0980890542268753 0.10929380357265472
0.09588474035263062 0.12209556251764297
0.09559568762779236 0.10549356788396835
0.09743966907262802 0.12234245985746384
0.09600609540939331 0.10950926691293716
0.09554430842399597 0.10888929665088654
0.09802775084972382 0.1046433299779892
0.09727105498313904 0.11314910650253296
0.09669287502765656 0.11401396989822388
0.09532232582569122 0.11761767417192459
0.0962468683719635 0.13962429761886597
0.09731817990541458 0.10478328913450241
0.09582342952489853 0.1298488825559616
0.09568851441144943 0.11109974980354309
0.09589837491512299 0.10462530702352524
0.09749417006969452 0.150035098195076
0.09572786092758179 0.10480614751577377
0.0958554670214653 0.10420217365026474
0.0955454632639885 0.10337809473276138
0.09583333879709244 0.10137739032506943
0.09522790461778641 0.1165144145488739
0.09658389538526535 0.10988305509090424
0.0956646278500557 0.11080626398324966
0.09526153653860092 0.10737116634845734
0.09619003534317017 0.10565809160470963
0.09537917375564575 0.11630888283252716
0.09552764892578125 0.11072085797786713
0.09563525021076202 0.11902134120464325
0.09553942829370499 0.10534100234508514
0.09612306207418442 0.11634456366300583
0.09629089385271072 0.15670734643936157
0.09572765231132507 0.10689932852983475
0.0960179939866066 0.10724812746047974
0.09600900858640671 0.10615605860948563
0.09581056237220764 0.10270560532808304
0.09595414996147156 0.10322325676679611
0.09655314683914185 0.1054869219660759
0.09568055719137192 0.11703012138605118
0.09502968937158585 0.10042981058359146
0.09583296626806259 0.11738655716180801
0.0954832136631012 0.1096593588590622
0.09589404612779617 0.12151098251342773
0.09478891640901566 0.10760367661714554
0.0965588316321373 0.10249101370573044
0.0951986089348793 0.11075441539287567
0.09557896107435226 0.10683659464120865
0.09639304876327515 0.10102558881044388
0.0953039899468422 0.10257428139448166
0.09641997516155243 0.11543558537960052
0.09391364455223083 0.1114560067653656
0.09529681503772736 0.10243389755487442
0.09559407830238342 0.10254807770252228
0.09478183090686798 0.1312551349401474
0.09577857702970505 0.11505034565925598
0.09580778330564499 0.11109771579504013
0.09526622295379639 0.10964377224445343
0.09507954865694046 0.13369405269622803
0.09429864585399628 0.10017776489257812
0.09464133530855179 0.11119873821735382
0.09456393867731094 0.10834542661905289
0.09557994455099106 0.10310667753219604
0.09471956640481949 0.11005493253469467
0.09611829370260239 0.10257793217897415
0.09563853591680527 0.12835972011089325
0.09455303102731705 0.11081172525882721
0.0956018939614296 0.10579042881727219
0.09502264857292175 0.10198323428630829
0.09558726102113724 0.10142965614795685
0.09385412186384201 0.13764114677906036
0.09598162770271301 0.10573514550924301
0.09508860111236572 0.10176615417003632
0.09435359388589859 0.10119997709989548
0.09424256533384323 0.10556039959192276
0.0954175740480423 0.10263311117887497
0.09400597959756851 0.10131673514842987
0.09463805705308914 0.10336056351661682
0.09436777234077454 0.12060582637786865
0.09511510282754898 0.121660016477108
0.09612848609685898 0.1002008467912674
0.09342869371175766 0.102781742811203
0.09378346055746078 0.10864947736263275
0.09499432891607285 0.11139838397502899
0.09468287974596024 0.10692942142486572
0.09420538693666458 0.11512264609336853
0.09415873885154724 0.10626604408025742
0.09469295293092728 0.10515956580638885
0.0944131389260292 0.1047181636095047
0.09459485113620758 0.10844039171934128
0.0949641689658165 0.10190214216709137
0.09466242790222168 0.14751079678535461
0.09549631178379059 0.10201430320739746
0.09418508410453796 0.11337002366781235
0.09348919987678528 0.10188698768615723
0.0952899381518364 0.10668331384658813
0.09352132678031921 0.10617860406637192
0.09513167291879654 0.11249100416898727
0.09509536623954773 0.10269073396921158
0.09376782923936844 0.11206593364477158
0.0943043977022171 0.10138997435569763
0.09364191442728043 0.1026080846786499
0.09358329325914383 0.10047212243080139
0.09545999020338058 0.10637091100215912
0.09360726177692413 0.11100980639457703
0.09385817497968674 0.10146190226078033
0.09413710981607437 0.10503656417131424
0.09487327188253403 0.10318830609321594
0.09376488626003265 0.10229500383138657
0.09439251571893692 0.11034856736660004
0.09464620798826218 0.10060922801494598
0.0932038277387619 0.10310995578765869
0.09394772350788116 0.11218442022800446
0.09394718706607819 0.11394371837377548
0.09442060440778732 0.10091055929660797
0.09417465329170227 0.1023155003786087
0.09292487800121307 0.10384886711835861
0.09366748481988907 0.10396648198366165
0.09343790262937546 0.10559086501598358
0.09417407959699631 0.10194525867700577
0.0931389331817627 0.10561160743236542
0.09346581250429153 0.10990245640277863
0.09351610392332077 0.10665329545736313
0.09494075924158096 0.11143183708190918
0.09282863140106201 0.10518904030323029
0.09416668862104416 0.12622645497322083
0.0942373052239418 0.10388153046369553
0.09445039927959442 0.11293302476406097
0.094331756234169 0.10060713440179825
0.09352526813745499 0.11638141423463821
0.0938827395439148 0.11084053665399551
0.09388598054647446 0.10800908505916595
0.09352898597717285 0.10170450061559677
0.09309975802898407 0.11138312518596649
0.09447221457958221 0.12735211849212646
0.09281641244888306 0.11472602933645248
0.09358986467123032 0.0999016985297203
0.093982994556427 0.1069941371679306
0.09303613752126694 0.1005588173866272
0.09301949292421341 0.10268998146057129
0.09326709061861038 0.10112501680850983
0.0939299538731575 0.1037198156118393
0.09344282001256943 0.10319402813911438
0.09302572906017303 0.09939547628164291
0.09308036416769028 0.10504546761512756
0.09405405819416046 0.10043472051620483
0.09365945309400558 0.10428038239479065
0.09264469891786575 0.10784321278333664
0.0930948555469513 0.10089235007762909
0.09327177703380585 0.11064392328262329
0.09439750015735626 0.10261908918619156
0.09267431497573853 0.1058155968785286
0.09279996156692505 0.10379809141159058
0.09372750669717789 0.1058097705245018
0.09244924038648605 0.12114034593105316
0.09325206279754639 0.10157621651887894
0.09223242104053497 0.10414983332157135
0.0934709832072258 0.10391107946634293
0.0938330888748169 0.10395713150501251
0.09364941716194153 0.10968159139156342
0.09334830939769745 0.10501174628734589
0.09235214442014694 0.1020706370472908
0.09361136704683304 0.10714196413755417
0.09283410757780075 0.10625745356082916
0.09263397753238678 0.10859352350234985
0.09312804043292999 0.1037953570485115
0.09510587900876999 0.09943480789661407
0.09269409626722336 0.10177802294492722
0.09244883805513382 0.11831271648406982
0.0923478901386261 0.09882169961929321
0.09258589893579483 0.1064617931842804
0.09339480847120285 0.1038794219493866
0.09375891834497452 0.09955628216266632
0.09323394298553467 0.10279890149831772
0.09265371412038803 0.10951535403728485
0.09218703955411911 0.10726004838943481
0.09452291578054428 0.09903979301452637
0.09205455332994461 0.14295212924480438
0.09244988858699799 0.10034870356321335
0.09214860945940018 0.10610037297010422
0.09258827567100525 0.0993947833776474
0.0922318771481514 0.10039141774177551
0.09254851192235947 0.09889132529497147
0.09203014522790909 0.10863672196865082
0.09961263835430145 0.14994147419929504
0.09339457750320435 0.10345850139856339
0.09191305190324783 0.10050951689481735
0.09306308627128601 0.10200372338294983
0.09222974628210068 0.12092220783233643
0.09216375648975372 0.11765920370817184
0.0944129079580307 0.10160797834396362
0.09161989390850067 0.11405794322490692
0.09275248646736145 0.10182290524244308
0.09321003407239914 0.09838820993900299
0.09181215614080429 0.0997772067785263
0.09267628937959671 0.10475866496562958
0.09262534976005554 0.10216516256332397
0.09173127263784409 0.10372215509414673
0.09204564243555069 0.10398253798484802
0.09164052456617355 0.10180571675300598
0.09208128601312637 0.10073189437389374
0.09205440431833267 0.177754208445549
