1.5572710037231445 1.516869306564331
1.4853665828704834 1.5044207572937012
1.4794597625732422 1.5276387929916382
1.47765052318573 1.4991341829299927
1.4770128726959229 1.5011706352233887
1.475951075553894 1.5053290128707886
1.475495457649231 1.49897038936615
1.4754345417022705 1.498388409614563
1.4750949144363403 1.5076868534088135
1.4747909307479858 1.5109230279922485
1.4748190641403198 1.5054014921188354
1.4747942686080933 1.5072600841522217
1.4746631383895874 1.5027230978012085
1.474640965461731 1.5088452100753784
1.4748541116714478 1.5000914335250854
1.4746118783950806 1.5039297342300415
1.4740954637527466 1.5038535594940186
1.4744147062301636 1.5017633438110352
1.4743692874908447 1.5017958879470825
1.474064588546753 1.5050508975982666
1.4742648601531982 1.5078049898147583
1.474076271057129 1.500600814819336
1.4742244482040405 1.5044012069702148
1.4742456674575806 1.5119842290878296
1.3034669160842896 1.1995618343353271
1.141296625137329 1.1122426986694336
1.017699956893921 0.9985555410385132
0.9059710502624512 0.8899226188659668
0.8455002307891846 0.8288519978523254
0.8077247738838196 0.8095864653587341
0.7904703617095947 0.7869643568992615
0.775084376335144 0.7640511989593506
0.7535467147827148 0.7549432516098022
0.7289999127388 0.7495266795158386
0.7081636786460876 0.6997765302658081
0.6590925455093384 0.6316073536872864
0.59635990858078 0.5737411975860596
0.5449246764183044 0.5491685271263123
0.5015581250190735 0.48641055822372437
0.4686136841773987 0.4595220983028412
0.4496125280857086 0.45522844791412354
0.4369993209838867 0.4927889406681061
0.428102046251297 0.4125744700431824
0.4243085980415344 0.430514931678772
0.4142902195453644 0.4949098527431488
0.41268715262413025 0.4048312306404114
0.4059034585952759 0.4029907286167145
0.4019266963005066 0.41019463539123535
0.3994124233722687 0.3921706974506378
0.3955249488353729 0.4036470651626587
0.3946777582168579 0.3957120180130005
0.390497624874115 0.3968561887741089
0.3895406126976013 0.3870331645011902
0.38731539249420166 0.4243687391281128
0.3868098556995392 0.4112479090690613
0.38310831785202026 0.38797813653945923
0.38007935881614685 0.3641017973423004
0.37832197546958923 0.3614407479763031
0.37683331966400146 0.3895939886569977
0.3736235201358795 0.38675767183303833
0.3721897304058075 0.40740296244621277
0.37386131286621094 0.36555346846580505
0.3695964813232422 0.35611870884895325
0.3735852539539337 0.3667663335800171
0.36866307258605957 0.3546869456768036
0.36716338992118835 0.3621610105037689
0.3639494478702545 0.3616913855075836
0.3622575104236603 0.36105459928512573
0.3648001551628113 0.35213208198547363
0.3580527603626251 0.4462868273258209
0.35833582282066345 0.3502625524997711
0.35632529854774475 0.3682187497615814
0.3579750657081604 0.346638947725296
0.3533211648464203 0.5027938485145569
0.35471200942993164 0.39104726910591125
0.35281842947006226 0.34649187326431274
0.3521648049354553 0.33901241421699524
0.35004696249961853 0.3765927255153656
0.3512802720069885 0.3501930832862854
0.3510173261165619 0.3368387818336487
0.3460189700126648 0.350249320268631
0.3483961224555969 0.37051957845687866
0.3470865488052368 0.33993273973464966
0.34774890542030334 0.352157324552536
0.3439556956291199 0.40962931513786316
0.34290042519569397 0.3383914530277252
0.3441845178604126 0.33768436312675476
0.34398093819618225 0.3354637622833252
0.34163400530815125 0.36751988530158997
0.34213119745254517 0.325808584690094
0.34089770913124084 0.35043802857398987
0.34098097681999207 0.3362431228160858
0.33881404995918274 0.36031579971313477
0.33721810579299927 0.38179874420166016
0.33671918511390686 0.4718058109283447
0.33638545870780945 0.32302865386009216
0.3367478549480438 0.3260696828365326
0.336540162563324 0.34490323066711426
0.3331104516983032 0.3953249454498291
0.3330855071544647 0.32818955183029175
0.33499911427497864 0.3276040852069855
0.33151155710220337 0.3248349726200104
0.33165982365608215 0.3197171688079834
0.32946211099624634 0.3233714699745178
0.32928022742271423 0.3211042284965515
0.3295055329799652 0.3195593059062958
0.3296560049057007 0.37397047877311707
0.3304885923862457 0.3255235254764557
0.32792577147483826 0.3204786777496338
0.33052077889442444 0.35281941294670105
0.3278433680534363 0.35507380962371826
0.3268411457538605 0.3346301317214966
0.32592907547950745 0.3276072144508362
0.32683202624320984 0.3200601041316986
0.3243873119354248 0.3482333719730377
0.32475945353507996 0.32636386156082153
0.3256338834762573 0.3245543837547302
0.3237948715686798 0.3413107693195343
0.3255292475223541 0.31655409932136536
0.32243528962135315 0.379134863615036
0.3242362439632416 0.327041357755661
0.32364338636398315 0.3171778619289398
0.3221518397331238 0.31494688987731934
0.32053685188293457 0.3134251832962036
0.32059499621391296 0.3443288803100586
0.3192894458770752 0.3477186858654022
0.3200629651546478 0.33397340774536133
0.3217090666294098 0.31526100635528564
0.3188522756099701 0.31315258145332336
0.3202134370803833 0.32288825511932373
0.31639283895492554 0.3436516225337982
0.3180564045906067 0.3329717814922333
0.31784337759017944 0.33071276545524597
0.3171813189983368 0.30774933099746704
0.31671908497810364 0.30978912115097046
0.31670987606048584 0.3352932035923004
0.3159995973110199 0.4039636254310608
0.31539037823677063 0.3251791000366211
0.3152884840965271 0.3984948992729187
0.317362904548645 0.30862605571746826
0.3148154318332672 0.3116731345653534
0.3127157688140869 0.3104165494441986
0.3132265508174896 0.31293460726737976
0.3137112557888031 0.3226964771747589
0.31286823749542236 0.3143745958805084
0.31255924701690674 0.3233604431152344
0.31244218349456787 0.3086504340171814
0.3110576570034027 0.30506911873817444
0.31106075644493103 0.32740360498428345
0.3121144771575928 0.31385916471481323
0.3096318542957306 0.3301956355571747
0.3113560378551483 0.3131334185600281
0.31043580174446106 0.3429206907749176
0.31171706318855286 0.3216671347618103
0.3084731101989746 0.3075152635574341
0.31138041615486145 0.3173123896121979
0.3119374215602875 0.31384941935539246
0.31041261553764343 0.33069920539855957
0.30825701355934143 0.3265448212623596
0.30935654044151306 0.30735617876052856
0.3074890375137329 0.31002211570739746
0.30793365836143494 0.3185864984989166
0.30768898129463196 0.300727516412735
0.30620893836021423 0.32820722460746765
0.3070708215236664 0.31250879168510437
0.306325763463974 0.3655678629875183
0.3067627251148224 0.30190062522888184
0.3073625862598419 0.31969961524009705
0.3066757023334503 0.3104687035083771
0.3064156472682953 0.3048592209815979
0.30269184708595276 0.3041051924228668
0.30415573716163635 0.31621742248535156
0.3061767518520355 0.30598315596580505
0.30320897698402405 0.3168471157550812
0.304022878408432 0.32217827439308167
0.3030226230621338 0.3475007712841034
0.30277279019355774 0.30254119634628296
0.3023401200771332 0.3064775764942169
0.30204299092292786 0.302710622549057
0.30165010690689087 0.30177730321884155
0.3020935356616974 0.30493494868278503
0.30149200558662415 0.34341713786125183
0.30179664492607117 0.3180636763572693
0.302819162607193 0.3119651675224304
0.3016156256198883 0.31946784257888794
0.3020990788936615 0.30275043845176697
0.3022858202457428 0.31658071279525757
0.30119186639785767 0.30593255162239075
0.30122777819633484 0.31010696291923523
0.3020968735218048 0.30791860818862915
0.30031490325927734 0.41071948409080505
0.3010193407535553 0.3086808919906616
0.3015356659889221 0.3186984360218048
0.29990285634994507 0.30901336669921875
0.29969537258148193 0.339145690202713
0.30211159586906433 0.3042699098587036
0.3003807067871094 0.2982330918312073
0.2992251515388489 0.29999640583992004
0.29989194869995117 0.29313915967941284
0.30056264996528625 0.38125133514404297
0.30019891262054443 0.3555891215801239
0.2986016273498535 0.314642995595932
0.2989368140697479 0.3137072026729584
0.3002576231956482 0.299654096364975
0.300087034702301 0.29329127073287964
0.2993483543395996 0.31607896089553833
0.2982455790042877 0.33574891090393066
0.29905635118484497 0.3016670048236847
0.29755160212516785 0.34107255935668945
0.2982965111732483 0.29616081714630127
0.29775094985961914 0.3016960322856903
0.2965832054615021 0.3103994131088257
0.2978307008743286 0.31027379631996155
0.29918524622917175 0.30763739347457886
0.2988273799419403 0.3190271854400635
0.29847145080566406 0.3063795268535614
0.29758477210998535 0.309439092874527
0.2978528141975403 0.29592013359069824
0.2973637878894806 0.3331846594810486
0.29576030373573303 0.3510974943637848
0.298452228307724 0.3163071274757385
0.2964000403881073 0.31995663046836853
0.29695653915405273 0.30634257197380066
0.2974780201911926 0.2940813899040222
0.29722774028778076 0.31002259254455566
0.295127809047699 0.2991084158420563
0.29673001170158386 0.29288139939308167
0.2953549027442932 0.2956355810165405
0.29531025886535645 0.29576408863067627
0.29543009400367737 0.3599604070186615
0.2956295311450958 0.3264887034893036
0.29482153058052063 0.3245049715042114
0.2967621982097626 0.3080204725265503
0.2947593331336975 0.29805001616477966
0.2971620559692383 0.3379383087158203
0.29494550824165344 0.3005812466144562
0.29711997509002686 0.2926594018936157
0.2958196699619293 0.29564112424850464
0.2938007414340973 0.290294885635376
0.29392221570014954 0.3083130419254303
0.2934093773365021 0.30804356932640076
0.2943868637084961 0.2936508357524872
0.2939867675304413 0.32412806153297424
0.292665034532547 0.30253833532333374
0.29395467042922974 0.29114457964897156
0.2936079502105713 0.29702866077423096
0.29464539885520935 0.29246145486831665
0.2937174141407013 0.2922695577144623
0.2941691279411316 0.3177245557308197
0.2928677499294281 0.29603269696235657
0.29409366846084595 0.2991016209125519
0.29287177324295044 0.30886006355285645
0.2930144965648651 0.3028779625892639
0.29324570298194885 0.2949070930480957
0.29445651173591614 0.2993035614490509
0.2945692837238312 0.30553075671195984
0.2934363782405853 0.3145782947540283
0.2933541536331177 0.29593148827552795
0.2943991720676422 0.3140560984611511
0.29184791445732117 0.32235556840896606
0.2923230826854706 0.29191911220550537
0.29229792952537537 0.3166520297527313
0.2919667959213257 0.29790541529655457
0.2923823297023773 0.2942025065422058
0.2934282422065735 0.2915612459182739
0.29375120997428894 0.30425140261650085
0.29369303584098816 0.3068450093269348
0.2931847870349884 0.2970554232597351
0.2925628423690796 0.2903825342655182
0.2917892336845398 0.293799489736557
0.2908383011817932 0.29401955008506775
0.2920493185520172 0.3083193004131317
0.29054367542266846 0.31018850207328796
0.29212817549705505 0.2971394956111908
0.2910613715648651 0.2889750599861145
0.2915038764476776 0.3021354079246521
0.29220667481422424 0.31101882457733154
0.29186010360717773 0.3032154142856598
0.29139694571495056 0.30301761627197266
0.29171642661094666 0.32575738430023193
0.2910222113132477 0.3195304572582245
0.29100993275642395 0.3390366733074188
0.2906350791454315 0.3118892312049866
0.29217472672462463 0.2968733310699463
0.290036141872406 0.2908523678779602
0.28997430205345154 0.29479703307151794
0.29063934087753296 0.30313506722450256
0.2900623679161072 0.3025829493999481
0.2908412516117096 0.3187142312526703
0.29064488410949707 0.29140353202819824
0.29009750485420227 0.32371848821640015
0.29007428884506226 0.2995361387729645
0.2899552285671234 0.2904573976993561
0.29027923941612244 0.3027941882610321
0.29117822647094727 0.2932102382183075
0.28887927532196045 0.3062134385108948
0.29029542207717896 0.29051539301872253
0.28978103399276733 0.3048350214958191
0.2897440493106842 0.3167603611946106
0.29055076837539673 0.298833966255188
0.29005879163742065 0.3318302035331726
0.289704293012619 0.2912149131298065
0.2902805805206299 0.3046998083591461
0.28912076354026794 0.29318076372146606
0.28971055150032043 0.296467661857605
0.2888753414154053 0.296689510345459
0.2880193591117859 0.295099139213562
0.2886215150356293 0.299434632062912
0.28945738077163696 0.29056140780448914
0.2877129316329956 0.31214290857315063
0.28845739364624023 0.3001166880130768
0.28712278604507446 0.29485654830932617
0.2886955738067627 0.3057102859020233
0.2886624336242676 0.29475364089012146
0.28840526938438416 0.3086182177066803
0.28832411766052246 0.3011270761489868
0.28857362270355225 0.2929835915565491
0.2882441580295563 0.2896345853805542
0.2882077395915985 0.30351710319519043
0.2882855534553528 0.29767289757728577
0.2883969843387604 0.2877016067504883
0.2882333993911743 0.2912513315677643
0.28743380308151245 0.29328858852386475
0.28769296407699585 0.299251526594162
0.2868276834487915 0.30613434314727783
0.2879348695278168 0.29539579153060913
0.28709283471107483 0.309584379196167
0.288447767496109 0.3003438115119934
0.2887016534805298 0.3037593364715576
0.28796327114105225 0.29632529616355896
0.2880352735519409 0.29889237880706787
0.28769204020500183 0.2912154495716095
0.2873857915401459 0.2920320928096771
0.2866364121437073 0.29327622056007385
0.28767383098602295 0.29645031690597534
0.2873256504535675 0.2902325987815857
0.2877707779407501 0.3017968237400055
0.28567636013031006 0.33140164613723755
0.2878493070602417 0.29227787256240845
0.2860635221004486 0.30811020731925964
0.2863411009311676 0.2953861951828003
0.2868075966835022 0.28752148151397705
0.286038875579834 0.29356399178504944
0.2879963517189026 0.28772759437561035
0.28581416606903076 0.2883113622665405
0.2873291075229645 0.29150906205177307
0.2853318750858307 0.3053423762321472
0.28646284341812134 0.2865973114967346
0.28604593873023987 0.2890557646751404
0.28665927052497864 0.31745222210884094
0.28602856397628784 0.2931005656719208
0.2863847613334656 0.3128591477870941
0.28698042035102844 0.30885234475135803
0.2861950099468231 0.2966874837875366
0.2865534722805023 0.3105408847332001
0.2852495014667511 0.3423343300819397
0.28568944334983826 0.31229254603385925
0.2867715060710907 0.30999755859375
0.2865419387817383 0.2892095744609833
0.28648996353149414 0.28805625438690186
0.2860945761203766 0.2978655695915222
0.28665056824684143 0.2918337285518646
0.2859923839569092 0.29687586426734924
0.2862941026687622 0.3142075836658478
0.2872070074081421 0.2896946966648102
0.2865642309188843 0.31228405237197876
0.28762710094451904 0.28895318508148193
0.2853892147541046 0.28951016068458557
0.28573471307754517 0.3018229305744171
0.2887454330921173 0.28896233439445496
0.28446248173713684 0.2897604703903198
0.2859020531177521 0.29348525404930115
0.28505396842956543 0.2937677800655365
0.28414788842201233 0.29394662380218506
0.28422752022743225 0.30455121397972107
0.2852271497249603 0.2954244017601013
0.28524208068847656 0.2999633252620697
0.285305917263031 0.2900192141532898
0.2851095199584961 0.30935370922088623
0.2850034832954407 0.28971439599990845
0.2860172390937805 0.29639703035354614
0.2844811677932739 0.2928508222103119
0.2848125100135803 0.292241632938385
0.28542932868003845 0.30376842617988586
0.285451740026474 0.2918345034122467
0.2850019335746765 0.2873404324054718
0.28472083806991577 0.2929370403289795
0.28419414162635803 0.2924858331680298
0.2855984568595886 0.29738813638687134
0.2844872772693634 0.30418160557746887
0.2846059501171112 0.2884005308151245
0.2845728099346161 0.2950439453125
0.2842139005661011 0.29047563672065735
0.2845214009284973 0.2894396185874939
0.28484630584716797 0.3028481900691986
0.2842315137386322 0.2857353687286377
0.2849149703979492 0.2965686321258545
0.2848447859287262 0.30301034450531006
0.2839023172855377 0.29101553559303284
0.2842998504638672 0.2908789813518524
0.2839735150337219 0.2984279692173004
0.2843779921531677 0.3030336797237396
0.2842133045196533 0.2910538911819458
0.2843451201915741 0.29052063822746277
0.28351807594299316 0.28982481360435486
0.28373971581459045 0.3070739805698395
0.28300291299819946 0.29048073291778564
0.2831215560436249 0.2886061668395996
0.2827376425266266 0.2963065505027771
0.2838645279407501 0.2883075177669525
0.28260889649391174 0.3030971586704254
0.28371235728263855 0.3007894456386566
0.28342875838279724 0.31195592880249023
0.2819240093231201 0.2851974070072174
0.283221960067749 0.28635114431381226
0.2835920453071594 0.29236888885498047
0.2831520736217499 0.30143001675605774
0.2831253409385681 0.29896605014801025
0.2825136184692383 0.303520530462265
0.2837786376476288 0.2874204218387604
0.28368625044822693 0.29331740736961365
0.2828111946582794 0.2887636125087738
0.28389444947242737 0.29924193024635315
0.28278326988220215 0.2898074984550476
0.28261813521385193 0.28576844930648804
0.2829572856426239 0.29307475686073303
0.28187447786331177 0.28707119822502136
0.28299233317375183 0.31154027581214905
0.2828280031681061 0.30260759592056274
0.28278663754463196 0.29711905121803284
0.28378498554229736 0.3100690245628357
0.2829185724258423 0.298789381980896
0.28315532207489014 0.3115011155605316
0.282237708568573 0.2880816161632538
0.28296998143196106 0.29434633255004883
0.28258708119392395 0.29774153232574463
0.28258398175239563 0.2967422306537628
0.28348326683044434 0.29414263367652893
0.2824585437774658 0.303821861743927
0.28245115280151367 0.2887038588523865
0.2819400727748871 0.2903713285923004
0.2814168632030487 0.3040115237236023
0.28234460949897766 0.2859518229961395
0.2821381688117981 0.2883559763431549
0.28253358602523804 0.2861924171447754
0.2813165485858917 0.2905508577823639
0.2815430760383606 0.29367494583129883
0.28290876746177673 0.29405757784843445
0.28148648142814636 0.2997661530971527
0.28166264295578003 0.2935817241668701
0.2821529805660248 0.2907087206840515
0.2813306748867035 0.30666571855545044
0.2810990810394287 0.3011743724346161
0.28174838423728943 0.29610201716423035
0.28173911571502686 0.28591388463974
0.28134337067604065 0.28813230991363525
0.28171199560165405 0.28741616010665894
0.28178471326828003 0.2886474132537842
0.2811242640018463 0.29501447081565857
0.281699538230896 0.28819799423217773
0.2806338369846344 0.29325422644615173
0.28172531723976135 0.2865247428417206
0.2811533212661743 0.28471118211746216
0.28082361817359924 0.2893267571926117
0.2807139456272125 0.28808343410491943
0.280775249004364 0.28890323638916016
0.28094974160194397 0.29109156131744385
0.28169533610343933 0.2875875234603882
0.2806229591369629 0.2915622591972351
0.28114405274391174 0.29055407643318176
0.28084540367126465 0.3005812168121338
0.28075823187828064 0.28787294030189514
0.2799701988697052 0.31148257851600647
0.28003767132759094 0.2842034101486206
0.28165552020072937 0.2963431775569916
0.2804320454597473 0.286713570356369
0.2797488868236542 0.2905844748020172
0.2798800766468048 0.2861423194408417
0.2807391583919525 0.2948356568813324
0.28043612837791443 0.2890980839729309
0.28104346990585327 0.28606241941452026
0.279789000749588 0.29575902223587036
0.28024381399154663 0.2897440195083618
0.28036370873451233 0.2834070324897766
0.27968305349349976 0.2929892838001251
0.2804317772388458 0.2881118953227997
0.28007403016090393 0.2874634265899658
0.2792309820652008 0.2880096435546875
0.280682772397995 0.3154190480709076
0.28010526299476624 0.29217270016670227
0.2794381380081177 0.28506994247436523
0.27997085452079773 0.28303924202919006
0.27941372990608215 0.29463306069374084
0.27960994839668274 0.29002898931503296
0.27995237708091736 0.29233843088150024
0.2798974812030792 0.2883908450603485
0.28068187832832336 0.2896309196949005
0.28007209300994873 0.2856302559375763
0.2803066074848175 0.29019397497177124
0.27887454628944397 0.3072851598262787
0.28008922934532166 0.29377469420433044
0.2803095281124115 0.2989572584629059
0.2792251706123352 0.2898688316345215
0.2798965871334076 0.2994193136692047
0.28015878796577454 0.2939344644546509
0.2784263789653778 0.28864336013793945
0.2787768542766571 0.2847801744937897
0.2792372703552246 0.29029330611228943
0.27863645553588867 0.2847752273082733
0.27834823727607727 0.30908364057540894
0.27870187163352966 0.29671019315719604
0.27885642647743225 0.2996295988559723
0.2786259651184082 0.3252308666706085
0.2783443033695221 0.29174500703811646
0.27921003103256226 0.2875217795372009
0.27953118085861206 0.304273784160614
0.27831998467445374 0.28603729605674744
0.2784937918186188 0.294644832611084
0.2787092924118042 0.28874722123146057
0.27928608655929565 0.2864791452884674
0.27882498502731323 0.2879731357097626
0.2785780131816864 0.292346715927124
0.27858275175094604 0.290486603975296
0.2792106568813324 0.3105248510837555
0.27788546681404114 0.30248570442199707
0.2783055901527405 0.28848299384117126
0.2790757417678833 0.28642311692237854
0.27846434712409973 0.2846278250217438
0.2777145206928253 0.2908126711845398
0.2795618772506714 0.30200180411338806
0.2790238559246063 0.3423992395401001
0.27907758951187134 0.2901802062988281
0.27912449836730957 0.3312685787677765
0.27881258726119995 0.29643040895462036
0.2789679169654846 0.2841449975967407
0.27780991792678833 0.2936147153377533
0.27804768085479736 0.28819775581359863
0.2782275080680847 0.29022088646888733
0.2776864469051361 0.2929059863090515
0.27753859758377075 0.29165178537368774
0.2775367498397827 0.2906171679496765
0.2786347568035126 0.28408825397491455
0.27734312415122986 0.28621652722358704
0.27769309282302856 0.28813299536705017
0.2778472900390625 0.29111042618751526
0.2776334881782532 0.28663694858551025
0.27843162417411804 0.2872411012649536
0.27773529291152954 0.2830275893211365
0.277983695268631 0.28781720995903015
0.2768074572086334 0.28702715039253235
0.27840396761894226 0.2896001935005188
0.27809831500053406 0.2999124228954315
0.2778055965900421 0.30379384756088257
0.27733317017555237 0.28749343752861023
0.2792593240737915 0.3014805316925049
0.2774001955986023 0.2838987410068512
0.2775611877441406 0.30028483271598816
0.27682965993881226 0.28631630539894104
0.27750277519226074 0.28685712814331055
0.27708736062049866 0.3036222457885742
0.2764698266983032 0.29125547409057617
0.27721962332725525 0.29161304235458374
0.2770516872406006 0.28652817010879517
0.27741318941116333 0.28700700402259827
0.27710282802581787 0.2877419888973236
0.2771499752998352 0.2903237044811249
0.27803486585617065 0.28622233867645264
0.2783103585243225 0.2854006886482239
0.27742913365364075 0.29619115591049194
0.2765764892101288 0.30120208859443665
0.27683117985725403 0.30309364199638367
0.2772065997123718 0.28230181336402893
0.27639999985694885 0.2882263660430908
0.2761304974555969 0.2849818170070648
0.2768003046512604 0.2839742600917816
0.27622705698013306 0.2955009341239929
0.2767297029495239 0.28540071845054626
0.2758236527442932 0.2866993546485901
0.27665650844573975 0.29180312156677246
0.276763916015625 0.285506933927536
0.2763073444366455 0.28726926445961
0.27631038427352905 0.28624093532562256
0.27690389752388 0.29256871342658997
0.2761101722717285 0.2989906072616577
0.2769405245780945 0.2993919849395752
0.27678513526916504 0.28298044204711914
0.2761766314506531 0.3049732446670532
0.27723637223243713 0.2857569754123688
0.2763938009738922 0.2863347828388214
0.2768407464027405 0.2847329378128052
0.2761223018169403 0.28422510623931885
0.27676206827163696 0.28850653767585754
0.2761569321155548 0.29763445258140564
0.27621498703956604 0.29271018505096436
0.2761279046535492 0.2924850583076477
0.2768567204475403 0.2848343849182129
0.27667632699012756 0.28588297963142395
0.27703508734703064 0.28547751903533936
0.27631238102912903 0.314395934343338
0.27631911635398865 0.28489184379577637
0.2760411202907562 0.28573712706565857
0.2763637602329254 0.29951488971710205
0.27629509568214417 0.2891347110271454
0.2754562497138977 0.28829100728034973
0.2768133878707886 0.2864287495613098
0.2756078839302063 0.2863445281982422
0.27544674277305603 0.2923039197921753
0.27523326873779297 0.3313761353492737
0.27563515305519104 0.2880021333694458
0.2749573290348053 0.2994931638240814
0.27505916357040405 0.2906621992588043
0.2752423584461212 0.2916290760040283
0.2764497399330139 0.284246563911438
0.27578189969062805 0.28407761454582214
0.2760401964187622 0.3244135081768036
0.2758714258670807 0.29132136702537537
0.27544474601745605 0.285549134016037
0.27575409412384033 0.28927698731422424
0.2752607762813568 0.284708708524704
0.27505722641944885 0.28285107016563416
0.27620789408683777 0.2921110987663269
0.27502700686454773 0.3111095130443573
0.2753157913684845 0.2865620255470276
0.27517175674438477 0.28712910413742065
0.2757937014102936 0.28837263584136963
0.27517497539520264 0.2865470051765442
0.27489081025123596 0.2853326201438904
0.27569103240966797 0.3058367669582367
0.2754618227481842 0.30104684829711914
0.27578744292259216 0.29622843861579895
0.27519533038139343 0.2947002947330475
0.27544641494750977 0.2967791259288788
0.27544164657592773 0.28691568970680237
0.27511537075042725 0.2955901622772217
0.27543526887893677 0.2839406132698059
0.27511611580848694 0.3028241693973541
0.2752172648906708 0.283566415309906
0.2754356265068054 0.31495919823646545
0.2750023603439331 0.2841615080833435
0.27503517270088196 0.2917807102203369
0.2751542329788208 0.3348917067050934
0.2749929130077362 0.2880902886390686
0.27431800961494446 0.28664320707321167
0.275029718875885 0.297454297542572
0.27497172355651855 0.28369492292404175
0.27503615617752075 0.28682416677474976
0.27439084649086 0.2843623757362366
0.2744554877281189 0.2903822660446167
0.2743735909461975 0.2910808026790619
0.27445194125175476 0.281955748796463
0.2746296226978302 0.29429468512535095
0.27410754561424255 0.28976863622665405
0.27440544962882996 0.28755834698677063
0.2744211256504059 0.29025182127952576
0.2749401330947876 0.2905413806438446
0.2739541828632355 0.28243815898895264
0.2743338644504547 0.2927025556564331
0.27386486530303955 0.2884071469306946
0.274292528629303 0.28544309735298157
0.27426618337631226 0.2875211834907532
0.27407222986221313 0.2850046455860138
0.2742563486099243 0.2829515039920807
0.27458634972572327 0.28761932253837585
0.2741696834564209 0.3041726350784302
0.2742721438407898 0.28787973523139954
0.2740596830844879 0.28485268354415894
0.27387535572052 0.298837274312973
0.27415651082992554 0.2927013635635376
0.27422308921813965 0.2828925848007202
0.2748238742351532 0.28662386536598206
0.273994505405426 0.28292566537857056
0.2740190923213959 0.2985023856163025
0.2736838757991791 0.2960435748100281
0.2730717062950134 0.29280391335487366
0.27341607213020325 0.29532545804977417
0.2736143171787262 0.29113298654556274
0.2733306586742401 0.31730103492736816
0.27443021535873413 0.286239892244339
0.2735089063644409 0.3171365559101105
0.2734740078449249 0.31246912479400635
0.2737320065498352 0.31291863322257996
0.2732759118080139 0.28866633772850037
0.27289527654647827 0.286087304353714
0.2732715308666229 0.28570571541786194
0.2731427550315857 0.28688663244247437
0.27307865023612976 0.31346848607063293
0.27327245473861694 0.29195287823677063
0.27383941411972046 0.2930759787559509
0.27366647124290466 0.28824734687805176
0.2732342481613159 0.29977869987487793
0.27357909083366394 0.28878286480903625
0.2733047306537628 0.28759023547172546
0.27378764748573303 0.2901926338672638
0.27268093824386597 0.2846444249153137
0.27355679869651794 0.2820926308631897
0.27263087034225464 0.2849765419960022
0.2728864848613739 0.2848358154296875
0.27296334505081177 0.28868862986564636
0.2734297215938568 0.290665864944458
0.2735886871814728 0.28225985169410706
0.27315688133239746 0.3018975853919983
0.2733762562274933 0.2824936509132385
0.273622065782547 0.3050399422645569
0.27322715520858765 0.32137271761894226
0.2727334797382355 0.2868458032608032
0.27281126379966736 0.29158324003219604
0.2730518877506256 0.28721800446510315
0.27242040634155273 0.2952587902545929
0.2729828655719757 0.28407588601112366
0.2729852497577667 0.28229737281799316
0.27233901619911194 0.2875436544418335
0.27225735783576965 0.28660956025123596
0.27293661236763 0.30071547627449036
0.27265340089797974 0.28245818614959717
0.2722269594669342 0.2894521951675415
0.2723388969898224 0.2890569865703583
0.27223703265190125 0.2825048565864563
0.2727004587650299 0.2953323423862457
0.27313968539237976 0.2830725908279419
0.27220386266708374 0.28519532084465027
0.2730709910392761 0.2861155569553375
0.27279961109161377 0.2882848083972931
0.27213481068611145 0.2861737012863159
0.27273741364479065 0.2833407521247864
0.27191999554634094 0.28567084670066833
0.27210724353790283 0.28726926445961
0.27168670296669006 0.2890459895133972
0.27192381024360657 0.2818002700805664
0.2722708284854889 0.29001951217651367
0.27223509550094604 0.29143548011779785
0.2720223367214203 0.2942218482494354
0.2720515727996826 0.28479692339897156
0.27205726504325867 0.2885386645793915
0.2722032368183136 0.28348809480667114
0.27251121401786804 0.2828179597854614
0.2722002863883972 0.28807181119918823
0.27264204621315 0.2857266068458557
0.2722223103046417 0.28345251083374023
0.2722437381744385 0.2811204493045807
0.2730523645877838 0.283902108669281
0.27207422256469727 0.28559374809265137
0.2714947462081909 0.2955513894557953
0.2718868851661682 0.28530585765838623
0.27195778489112854 0.290420264005661
0.27206507325172424 0.28865161538124084
0.27219587564468384 0.28479668498039246
0.27159833908081055 0.28596559166908264
0.27212241291999817 0.30046790838241577
0.2712298631668091 0.2854567766189575
0.27158841490745544 0.286892294883728
0.2718968093395233 0.28443703055381775
0.2722857594490051 0.2814931273460388
0.2715035080909729 0.2860862910747528
0.27135545015335083 0.3011884391307831
0.2717854976654053 0.2863765358924866
0.2724539339542389 0.2864777743816376
0.2718670666217804 0.2909715175628662
0.2718818187713623 0.29024869203567505
0.2715262472629547 0.2875593602657318
0.2713758647441864 0.2847270965576172
0.2718702256679535 0.29040762782096863
0.2707003653049469 0.2820819318294525
0.2723729610443115 0.30476871132850647
0.2708490788936615 0.28206267952919006
0.2718687355518341 0.28288373351097107
0.27134397625923157 0.28590187430381775
0.2708645761013031 0.29262012243270874
0.2720988094806671 0.2997705340385437
0.2711442708969116 0.28368785977363586
0.27163824439048767 0.28179803490638733
0.27165186405181885 0.2918536961078644
0.2708744406700134 0.30655813217163086
0.27100032567977905 0.28355762362480164
0.27144676446914673 0.2819521427154541
0.27071672677993774 0.2823655605316162
0.27074673771858215 0.2849331200122833
0.27075454592704773 0.2849104404449463
0.27105486392974854 0.2836216986179352
0.27089226245880127 0.2853916585445404
0.27115070819854736 0.2884824872016907
0.27112212777137756 0.2934182584285736
0.27062466740608215 0.2834436893463135
0.27072104811668396 0.28528907895088196
0.2715930640697479 0.31973525881767273
0.2706415057182312 0.2860867381095886
0.2714132070541382 0.3009742200374603
0.27084779739379883 0.28569090366363525
0.27081432938575745 0.2857503592967987
0.2701684534549713 0.2812774181365967
0.2710510790348053 0.2934645414352417
0.27029305696487427 0.2885667383670807
0.2702673077583313 0.28362300992012024
0.27073603868484497 0.2823353409767151
0.27110087871551514 0.28335556387901306
0.2704574763774872 0.28548210859298706
0.2707870602607727 0.3092610538005829
0.27069225907325745 0.28327271342277527
0.2704430818557739 0.28785738348960876
0.27013906836509705 0.2845100462436676
0.27020660042762756 0.2968698740005493
