1.4879446029663086 1.421356439590454
1.3230122327804565 1.1688929796218872
1.0133535861968994 0.866209089756012
0.6943960785865784 0.5703142285346985
0.4947109520435333 0.4646507501602173
0.42544934153556824 0.5606598854064941
0.3895922303199768 0.3707326650619507
0.3730556070804596 0.3628239631652832
0.355807900428772 0.361386775970459
0.3481355309486389 0.353702574968338
0.3424012064933777 0.36503952741622925
0.3379414677619934 0.328762948513031
0.3332537114620209 0.32387575507164
0.3290274441242218 0.3513575792312622
0.32700079679489136 0.32376760244369507
0.3223758339881897 0.32139909267425537
0.3216572701931 0.3404838740825653
0.3198632001876831 0.3269292116165161
0.31599682569503784 0.31679263710975647
0.31431785225868225 0.3288528323173523
0.3130236864089966 0.31954145431518555
0.3121454417705536 0.31764426827430725
0.3109280467033386 0.3105015456676483
0.30978164076805115 0.31300628185272217
0.30870524048805237 0.31597110629081726
0.3069172501564026 0.3395007848739624
0.30562376976013184 0.3030787706375122
0.3047049343585968 0.34764182567596436
0.3049698770046234 0.3065570592880249
0.3036401569843292 0.33709216117858887
0.3022896349430084 0.31483787298202515
0.3015281856060028 0.3392230272293091
0.3028387725353241 0.304658442735672
0.29976341128349304 0.2965700924396515
0.30014193058013916 0.307304322719574
0.2987358570098877 0.3044525980949402
0.2981380224227905 0.2988477051258087
0.29843974113464355 0.3150307238101959
0.2968548834323883 0.29661715030670166
0.29757457971572876 0.29565852880477905
0.2958028316497803 0.31152287125587463
0.2949577271938324 0.3035544157028198
0.2961513102054596 0.2934384047985077
0.29578378796577454 0.3093256950378418
0.2953084111213684 0.31965065002441406
0.29509690403938293 0.29438817501068115
0.2946303188800812 0.29931914806365967
0.29366278648376465 0.2974160313606262
0.2952952980995178 0.30048081278800964
0.2931501865386963 0.2995717227458954
0.29323750734329224 0.3114253282546997
0.29157209396362305 0.32111993432044983
0.2919789254665375 0.3031620979309082
0.2916451692581177 0.2994914650917053
0.2921639084815979 0.29079657793045044
0.291767418384552 0.29146814346313477
0.2907354235649109 0.2964223325252533
0.2907666563987732 0.2908072769641876
0.2911316454410553 0.29875725507736206
0.29186779260635376 0.30477190017700195
0.29024723172187805 0.29878512024879456
0.2900599241256714 0.3204382061958313
0.29050201177597046 0.30335745215415955
0.28971579670906067 0.2976732850074768
0.28987646102905273 0.2916243076324463
0.2908012270927429 0.290851354598999
0.2896188199520111 0.31226760149002075
0.2885734438896179 0.2933265268802643
0.28810879588127136 0.319637268781662
0.28778305649757385 0.29099345207214355
0.2878361642360687 0.3058301508426666
0.2876119017601013 0.2861784100532532
0.2881622910499573 0.2969088554382324
0.28798407316207886 0.29421064257621765
0.2878614366054535 0.30360791087150574
0.2870723605155945 0.2918035686016083
0.2869435250759125 0.29473164677619934
0.2868877649307251 0.2889400124549866
0.28669825196266174 0.30479127168655396
0.28717246651649475 0.2906041741371155
0.28719305992126465 0.29756292700767517
0.2861347794532776 0.3013972342014313
0.28586506843566895 0.2954622209072113
0.28558704257011414 0.2911224663257599
0.28762006759643555 0.3053324222564697
0.2862109839916229 0.30506694316864014
0.2856898903846741 0.3071745038032532
0.28563374280929565 0.2895248830318451
0.2852899432182312 0.29202577471733093
0.28533974289894104 0.2887115478515625
0.2845793664455414 0.2854478657245636
0.2850522994995117 0.2955871820449829
0.2847880721092224 0.30692675709724426
0.2856665849685669 0.3375415802001953
0.2850821316242218 0.28752079606056213
0.2851557731628418 0.29507091641426086
0.28427061438560486 0.29831308126449585
0.28420138359069824 0.2975023686885834
0.2836453914642334 0.29843077063560486
0.2844676375389099 0.3055039644241333
0.28425341844558716 0.29287514090538025
0.2832939326763153 0.3011757731437683
0.28251442313194275 0.2957874536514282
0.28363654017448425 0.2896474301815033
0.2832961678504944 0.2832910120487213
0.28319668769836426 0.30566757917404175
0.2825276553630829 0.30183279514312744
0.28398948907852173 0.3083513081073761
0.2829568684101105 0.2888624668121338
0.28225651383399963 0.3015638589859009
0.28260597586631775 0.2897125780582428
0.2825615108013153 0.292044460773468
0.28268712759017944 0.29005861282348633
0.28247010707855225 0.2987722158432007
0.2824908494949341 0.28921329975128174
0.2826221287250519 0.28625452518463135
0.2820614278316498 0.2936568856239319
0.2823885977268219 0.3104957640171051
0.28180351853370667 0.3034837543964386
0.2824329733848572 0.2871563136577606
0.2816879451274872 0.2874040901660919
0.2815576493740082 0.293415904045105
0.2815788686275482 0.2959921061992645
0.2812061011791229 0.29594165086746216
0.28181755542755127 0.28270336985588074
0.2810429334640503 0.31203493475914
0.2816492021083832 0.2934376001358032
0.28066930174827576 0.2956722676753998
0.28089815378189087 0.2983498275279999
0.2809315025806427 0.28534629940986633
0.28014859557151794 0.2849050462245941
0.2805335819721222 0.3002053499221802
0.2804490029811859 0.298533171415329
0.28126782178878784 0.30500516295433044
0.2803844213485718 0.32700014114379883
0.2796143889427185 0.28612062335014343
0.2804758846759796 0.2871242165565491
0.2794162631034851 0.29697996377944946
0.27938342094421387 0.28389519453048706
0.2800086736679077 0.31508174538612366
0.2801729738712311 0.28362762928009033
0.27927687764167786 0.30857130885124207
0.27932485938072205 0.2809823751449585
0.2791570723056793 0.2834146320819855
0.2790035009384155 0.2837332785129547
0.2799946069717407 0.29129844903945923
0.2794989049434662 0.30834856629371643
0.2788311541080475 0.2913386821746826
0.27925506234169006 0.28737157583236694
0.2789638340473175 0.29063111543655396
0.27873581647872925 0.29244309663772583
0.27901509404182434 0.29880550503730774
0.2781728208065033 0.28499653935432434
0.278401255607605 0.28793415427207947
0.27933594584465027 0.28230148553848267
0.27889642119407654 0.31307411193847656
0.27906927466392517 0.3170260787010193
0.2786599099636078 0.288260281085968
0.27852383255958557 0.2990880310535431
0.2786470949649811 0.2923162579536438
0.2780025601387024 0.28698065876960754
0.2781074643135071 0.29179126024246216
0.27834057807922363 0.29265111684799194
0.27791547775268555 0.2841126620769501
0.27880561351776123 0.28115114569664
0.27788668870925903 0.2831651270389557
0.2791503369808197 0.2886172831058502
0.278560996055603 0.29518741369247437
0.27724939584732056 0.28934019804000854
0.27735835313796997 0.2823167145252228
0.2775541841983795 0.2825017273426056
0.27763065695762634 0.28314709663391113
0.2768218219280243 0.2875669598579407
0.27662795782089233 0.29900503158569336
0.2771488130092621 0.28609395027160645
0.27717432379722595 0.29162171483039856
0.2768523097038269 0.28525829315185547
0.27752259373664856 0.3008926212787628
0.27621617913246155 0.29311197996139526
0.2764993906021118 0.2852577269077301
0.2766583561897278 0.2982853353023529
0.2770156264305115 0.3048936128616333
0.2764364778995514 0.2892763614654541
0.27680009603500366 0.2869129478931427
0.2765243351459503 0.2912599742412567
0.27659526467323303 0.2926953136920929
0.27642422914505005 0.3066866099834442
0.276252418756485 0.2846859395503998
0.2766183316707611 0.2884519696235657
0.2764572203159332 0.2911694645881653
0.2769441306591034 0.2888401746749878
0.27569374442100525 0.3033645451068878
0.27621421217918396 0.30102473497390747
0.2756878733634949 0.29745954275131226
0.2763203978538513 0.2925351858139038
0.27543777227401733 0.2816418409347534
0.2758851945400238 0.29687294363975525
0.27615198493003845 0.2953534424304962
0.2759431004524231 0.2818252146244049
0.2757444679737091 0.29567793011665344
0.27576372027397156 0.2868579030036926
0.2753586173057556 0.28484004735946655
0.2746508717536926 0.2890525758266449
0.27463191747665405 0.2866404950618744
0.27439406514167786 0.28435274958610535
0.2752787470817566 0.28286609053611755
0.27468129992485046 0.2997598350048065
0.2744678854942322 0.29505470395088196
0.2744225263595581 0.2855900228023529
0.2744382917881012 0.2846187353134155
0.27397191524505615 0.284593790769577
0.27490711212158203 0.28741681575775146
0.27459001541137695 0.2836512327194214
0.2744637727737427 0.28240883350372314
0.2749045491218567 0.2862919270992279
0.27428507804870605 0.28183311223983765
0.2749350070953369 0.28784236311912537
0.2748308777809143 0.2917385697364807
0.2742321491241455 0.29006844758987427
0.2738078832626343 0.286268413066864
0.2741571068763733 0.2860235571861267
0.2745349705219269 0.2880697548389435
0.2741701900959015 0.2797682285308838
0.273775577545166 0.3061811625957489
0.274801105260849 0.2823088765144348
0.2738957107067108 0.3063892424106598
0.2746064066886902 0.2873781621456146
0.2738812267780304 0.28416624665260315
0.2735852301120758 0.28417742252349854
0.2738575339317322 0.28235337138175964
0.2745532691478729 0.28988903760910034
0.2738695442676544 0.2997424900531769
0.2736830711364746 0.28293195366859436
0.2741663455963135 0.2908022403717041
0.2736763060092926 0.2859913110733032
0.2732451856136322 0.28239551186561584
0.27350473403930664 0.2818143367767334
0.2731831967830658 0.28308290243148804
0.2731170058250427 0.2850436568260193
0.27295124530792236 0.28112244606018066
0.2730017602443695 0.27936622500419617
0.2726411819458008 0.2960645854473114
0.2729785144329071 0.283832848072052
0.27257871627807617 0.28501272201538086
0.2725633978843689 0.28668850660324097
0.2728020250797272 0.2928732931613922
0.27317389845848083 0.3017798066139221
0.27244454622268677 0.29735493659973145
0.2731919586658478 0.2872336506843567
0.27248457074165344 0.28729280829429626
0.2726275324821472 0.28025537729263306
0.27270594239234924 0.2860954999923706
0.2722456753253937 0.28436803817749023
0.2728807032108307 0.3062807321548462
0.272665798664093 0.2828160226345062
0.27253544330596924 0.2820340394973755
0.27175968885421753 0.28393515944480896
0.27274295687675476 0.28419098258018494
0.2730061709880829 0.28470945358276367
0.27222463488578796 0.28718894720077515
0.27200230956077576 0.27985215187072754
0.271660178899765 0.28113487362861633
0.2715817093849182 0.28731516003608704
0.2717739939689636 0.28436583280563354
0.27257072925567627 0.2997615933418274
0.27220192551612854 0.28228405117988586
0.27181190252304077 0.2943938672542572
0.2723228335380554 0.28330063819885254
0.2721983790397644 0.29620862007141113
0.2717010974884033 0.28993141651153564
0.27139562368392944 0.285068154335022
0.271850049495697 0.28518038988113403
0.2707686722278595 0.2829088568687439
0.27138420939445496 0.2836606502532959
0.27161651849746704 0.30890989303588867
0.2713291645050049 0.2918473482131958
0.2716502547264099 0.28489527106285095
0.27116912603378296 0.28275004029273987
0.27150759100914 0.28391706943511963
0.2707134485244751 0.28437238931655884
0.2711337208747864 0.2817084491252899
0.2712620496749878 0.2876920700073242
0.270931601524353 0.2888766825199127
0.2714664936065674 0.2805478572845459
0.2710684835910797 0.31350889801979065
0.2703092694282532 0.30370816588401794
0.2712368071079254 0.285069078207016
0.27067407965660095 0.29916226863861084
0.2708476185798645 0.28096210956573486
0.2710130214691162 0.2833961844444275
0.27084338665008545 0.2904198169708252
0.2710525393486023 0.2916301488876343
0.27047592401504517 0.2819405794143677
0.27178671956062317 0.2826841175556183
0.27036020159721375 0.2872380018234253
0.27088749408721924 0.29261520504951477
0.27051228284835815 0.28176411986351013
0.2704085409641266 0.2807607650756836
0.27075693011283875 0.2810433804988861
0.2707121968269348 0.28583216667175293
0.27005255222320557 0.308804988861084
0.2706579566001892 0.295295774936676
0.2702558636665344 0.2790159285068512
0.26945993304252625 0.2836010158061981
0.2700183689594269 0.2803010046482086
0.27005624771118164 0.28491106629371643
0.26990747451782227 0.28281310200691223
0.2700574994087219 0.29030388593673706
0.2697383165359497 0.28155064582824707
0.26957976818084717 0.2814640998840332
0.2703891098499298 0.288943350315094
0.26965561509132385 0.28447437286376953
0.2697249948978424 0.2875787913799286
0.2694707214832306 0.2911064624786377
0.26983654499053955 0.28136488795280457
0.2695466876029968 0.28236067295074463
0.2697640359401703 0.29739394783973694
0.27011746168136597 0.2832612693309784
0.2700147032737732 0.2808226943016052
0.2695721685886383 0.28176480531692505
0.2693500816822052 0.2780170142650604
0.268844336271286 0.2827151119709015
0.26934611797332764 0.2843482196331024
0.26963552832603455 0.28025075793266296
0.2690872550010681 0.2819429039955139
0.26937225461006165 0.27806228399276733
0.2693465054035187 0.2851978540420532
0.2698938548564911 0.2930680811405182
0.26924076676368713 0.29730355739593506
0.2692873179912567 0.28637248277664185
0.2689077854156494 0.28637003898620605
0.268995463848114 0.2805134057998657
0.26932135224342346 0.2822451889514923
0.2695661187171936 0.29089125990867615
0.26929551362991333 0.29104122519493103
0.2695622444152832 0.28243669867515564
0.26868936419487 0.2798072099685669
0.26867222785949707 0.2838100492954254
0.2683425843715668 0.28399717807769775
0.26920217275619507 0.29544296860694885
0.26909783482551575 0.2805942893028259
0.26909729838371277 0.3103121519088745
0.26851141452789307 0.2793179452419281
0.26893845200538635 0.2801327109336853
0.26871660351753235 0.28449946641921997
0.26784151792526245 0.2846606969833374
0.26817047595977783 0.2876145541667938
0.26864907145500183 0.2840419113636017
0.2689233124256134 0.27982205152511597
0.26852065324783325 0.28538978099823
0.26861250400543213 0.2813453674316406
0.268218070268631 0.2836877107620239
0.26850956678390503 0.2787829637527466
0.26815417408943176 0.2799763083457947
0.26890358328819275 0.295840322971344
0.26836496591567993 0.3034878373146057
0.2684003710746765 0.2832361161708832
0.2680063545703888 0.288875013589859
0.2676941156387329 0.29165342450141907
0.26789137721061707 0.2844417095184326
0.26794493198394775 0.28341537714004517
0.268678218126297 0.29023483395576477
0.26871350407600403 0.283086359500885
0.2668026387691498 0.2864711880683899
0.26837632060050964 0.28335392475128174
0.26768165826797485 0.27873367071151733
0.2680569291114807 0.2846825122833252
0.2686416208744049 0.28999847173690796
0.26830291748046875 0.2786027193069458
0.26821741461753845 0.2904130518436432
0.2677711546421051 0.27910587191581726
0.2673150300979614 0.283335417509079
0.26755985617637634 0.286560982465744
0.2670912742614746 0.28762558102607727
0.2674238383769989 0.2852320969104767
0.2672412097454071 0.28019964694976807
0.2670109272003174 0.2823668122291565
0.2673782408237457 0.28333207964897156
0.2671988308429718 0.2855152487754822
0.2673700153827667 0.2819784879684448
0.2671172320842743 0.2818078398704529
0.2674485445022583 0.30123183131217957
0.2672666013240814 0.2919834554195404
0.26668623089790344 0.28150153160095215
0.2668512463569641 0.2802552282810211
0.2666917145252228 0.28260672092437744
0.26719900965690613 0.28375768661499023
0.2673865258693695 0.2970118820667267
0.2671642303466797 0.28466010093688965
0.2672654390335083 0.2812157869338989
0.2668646574020386 0.29240429401397705
0.2667393684387207 0.28556594252586365
0.267046719789505 0.28684288263320923
0.26683303713798523 0.28504183888435364
0.26672303676605225 0.28503814339637756
0.2667294442653656 0.28421705961227417
0.2667873501777649 0.2821134924888611
0.26733633875846863 0.28850260376930237
0.2661990225315094 0.2804572582244873
0.26656684279441833 0.28930070996284485
0.26686015725135803 0.2850858271121979
0.2666899561882019 0.28547385334968567
0.26694029569625854 0.28812143206596375
0.2668297290802002 0.2819797098636627
0.26657065749168396 0.28933724761009216
0.2663281559944153 0.28445330262184143
0.2656993567943573 0.3076300024986267
0.2662210762500763 0.2829769253730774
0.26592347025871277 0.28747597336769104
0.2663705348968506 0.2804832458496094
0.2659822404384613 0.2826061248779297
0.26588666439056396 0.28301721811294556
0.2661605775356293 0.29396891593933105
0.26657867431640625 0.2833641469478607
0.2661723792552948 0.28414320945739746
0.2653767764568329 0.2917007803916931
0.2663654386997223 0.28131958842277527
0.26590508222579956 0.28616854548454285
0.26604345440864563 0.28944864869117737
0.26626577973365784 0.27910470962524414
0.26588770747184753 0.28306806087493896
0.2661259174346924 0.2828003168106079
0.2659011483192444 0.28778812289237976
0.2658471167087555 0.2809177339076996
0.2657916247844696 0.287583589553833
0.2658446431159973 0.2835029661655426
0.2661263346672058 0.27965375781059265
0.2660074234008789 0.2870129942893982
0.26669788360595703 0.28569450974464417
0.2659666836261749 0.29820704460144043
0.2655336856842041 0.28361037373542786
0.2650260329246521 0.29508456587791443
0.2657875418663025 0.28011831641197205
0.265844464302063 0.2885536551475525
0.26552364230155945 0.28364405035972595
0.2653818726539612 0.2910601496696472
0.2658165991306305 0.2841721177101135
0.26534298062324524 0.2804816961288452
0.2649134695529938 0.28500938415527344
0.2649827003479004 0.2792810797691345
0.2647396922111511 0.2861202359199524
0.2648492157459259 0.28612279891967773
0.2654932737350464 0.27991732954978943
0.2649286389350891 0.2820104658603668
0.26491662859916687 0.2801589369773865
0.26543128490448 0.285302996635437
0.26483267545700073 0.30413684248924255
0.26508477330207825 0.2817314863204956
0.26446831226348877 0.28017616271972656
0.26461488008499146 0.2799510955810547
0.264790803194046 0.28880417346954346
0.26476556062698364 0.28191545605659485
0.2646412253379822 0.28279098868370056
0.2649308443069458 0.28031206130981445
0.2643798887729645 0.2837824523448944
0.26457491517066956 0.2835490107536316
0.2648533284664154 0.2835158705711365
0.2645516097545624 0.28189215064048767
0.26430562138557434 0.277385413646698
0.26512280106544495 0.28834375739097595
0.26460564136505127 0.27911919355392456
0.26466718316078186 0.30364298820495605
0.2650371789932251 0.2834970951080322
0.26468580961227417 0.28534653782844543
0.26456722617149353 0.28103360533714294
0.26423966884613037 0.2793106734752655
0.2649325430393219 0.28042325377464294
0.2647225558757782 0.2787090539932251
0.2642350494861603 0.28693845868110657
0.26444336771965027 0.2788565158843994
0.2641829252243042 0.27845171093940735
0.2635875344276428 0.28402090072631836
0.264080673456192 0.2808047831058502
0.26428765058517456 0.2838207185268402
0.2639491856098175 0.2849878966808319
0.26383131742477417 0.2864886522293091
0.26425448060035706 0.29036593437194824
0.2635059058666229 0.2834090292453766
0.26412463188171387 0.28120487928390503
0.2633328437805176 0.28459298610687256
0.2637747824192047 0.30077165365219116
0.26383736729621887 0.28246843814849854
0.26409757137298584 0.27958449721336365
0.2637515962123871 0.28226950764656067
0.2641071677207947 0.28398001194000244
0.2639932930469513 0.281771719455719
0.26365771889686584 0.2843596935272217
0.2639033794403076 0.2905082106590271
0.2631456255912781 0.27903449535369873
0.2630484402179718 0.2822481691837311
0.26383042335510254 0.2843586504459381
0.2635464072227478 0.2851731777191162
0.2639080584049225 0.28330883383750916
0.26313427090644836 0.28265100717544556
0.2633770704269409 0.283321350812912
0.2637704014778137 0.2883155047893524
0.2639220654964447 0.28111377358436584
0.26385340094566345 0.2851428687572479
0.2636033296585083 0.2838938534259796
0.2640380859375 0.2860840857028961
0.2634769678115845 0.2993544638156891
0.2632254958152771 0.2810831367969513
0.2636747658252716 0.28553715348243713
0.26360711455345154 0.2796490490436554
0.26314106583595276 0.3186394274234772
0.2625325918197632 0.2841203212738037
0.2627934217453003 0.2852654457092285
0.263136088848114 0.2889421582221985
0.26346731185913086 0.28717806935310364
0.2626463770866394 0.27994924783706665
0.262821763753891 0.28489017486572266
0.2632531225681305 0.2828879952430725
0.26302608847618103 0.28179195523262024
0.26289626955986023 0.2844555377960205
0.2625431716442108 0.28870147466659546
0.26290082931518555 0.2845473289489746
0.2628650665283203 0.29759085178375244
0.26301610469818115 0.280110627412796
0.26283738017082214 0.3042326867580414
0.26258715987205505 0.2817201316356659
0.2626664638519287 0.279774934053421
0.2626302242279053 0.2838915288448334
0.26251575350761414 0.2828260064125061
0.2624409794807434 0.28172221779823303
0.26299020648002625 0.2882654070854187
0.26232463121414185 0.2822582423686981
0.26221704483032227 0.2865915298461914
0.262503445148468 0.28601768612861633
0.2620094120502472 0.28189709782600403
0.26253625750541687 0.2895808219909668
0.2623213231563568 0.29086896777153015
0.262620747089386 0.2810215651988983
0.2625061869621277 0.28815940022468567
0.26186296343803406 0.28445276618003845
0.2625780999660492 0.2884378135204315
0.26228371262550354 0.2833634912967682
0.2621525824069977 0.2837086319923401
0.26226672530174255 0.2908295691013336
0.2618277668952942 0.2959357500076294
0.2617868185043335 0.2827356457710266
0.26197996735572815 0.2797321379184723
0.2620422840118408 0.2800547480583191
0.26122307777404785 0.2791910767555237
0.2616480588912964 0.28162461519241333
0.2613662779331207 0.2812090516090393
0.2616680860519409 0.2807502746582031
0.2614832818508148 0.2865552008152008
0.26151591539382935 0.28319790959358215
0.2617867887020111 0.2860584557056427
0.26161184906959534 0.28224119544029236
0.2617187201976776 0.28427889943122864
0.2616674602031708 0.28492921590805054
0.26138341426849365 0.28063151240348816
0.2616421580314636 0.2842211127281189
0.2614777386188507 0.2814132571220398
0.2618940770626068 0.2800568640232086
0.2615787386894226 0.28599318861961365
0.2612554132938385 0.279690146446228
0.26158976554870605 0.29544103145599365
0.26180288195610046 0.2884151339530945
0.2614351212978363 0.2825387120246887
0.26148489117622375 0.29212486743927
0.2612830698490143 0.2803407311439514
0.2611807882785797 0.2796449661254883
0.26156142354011536 0.29356756806373596
0.2614377439022064 0.28543922305107117
0.2617034912109375 0.28184744715690613
0.261118620634079 0.28360098600387573
0.2615789771080017 0.2845246195793152
0.26126569509506226 0.2850330173969269
0.26146456599235535 0.28358012437820435
0.2613986134529114 0.2844507694244385
0.2608853876590729 0.2854247987270355
0.2610494792461395 0.28279274702072144
0.26062846183776855 0.2853430509567261
0.26075220108032227 0.2810742259025574
0.2604682445526123 0.2870790958404541
0.2614614963531494 0.2871893048286438
0.2607252895832062 0.28827187418937683
0.26068511605262756 0.2832207679748535
0.2607904374599457 0.2820626199245453
0.26044008135795593 0.2802791893482208
0.26080384850502014 0.2818371057510376
0.26089033484458923 0.29483914375305176
0.2604745328426361 0.28288522362709045
0.26021093130111694 0.295173704624176
0.26047003269195557 0.2908746600151062
0.2607679069042206 0.2821386158466339
0.2603931128978729 0.28016898036003113
0.26049208641052246 0.2914780080318451
0.2602536976337433 0.2864883244037628
0.26058390736579895 0.2836751639842987
0.2605430781841278 0.28473520278930664
0.2607184648513794 0.28419867157936096
0.2604779005050659 0.2840198874473572
0.26073282957077026 0.2863083779811859
0.2608463168144226 0.2808774709701538
0.26031091809272766 0.28108182549476624
0.26010680198669434 0.2824958860874176
0.2604799270629883 0.28289178013801575
0.26056262850761414 0.2833705544471741
0.26035746932029724 0.28242528438568115
0.26054272055625916 0.28469857573509216
0.26076802611351013 0.28844836354255676
0.2602061331272125 0.2914173901081085
0.2602503299713135 0.28999653458595276
0.26031219959259033 0.2869454622268677
0.2595899701118469 0.28234562277793884
0.25986674427986145 0.2834380269050598
0.25997790694236755 0.30073827505111694
0.2602989673614502 0.2864202857017517
0.2601195275783539 0.28152212500572205
0.2594527006149292 0.2789410650730133
0.259701132774353 0.28053197264671326
0.2595761716365814 0.29186785221099854
0.2597319483757019 0.2888326644897461
0.25994062423706055 0.28636348247528076
0.2594635486602783 0.28490251302719116
0.260358989238739 0.2883240580558777
0.2598411738872528 0.28475770354270935
0.25962674617767334 0.28533226251602173
0.2600257992744446 0.28616324067115784
0.25936374068260193 0.28398045897483826
0.25959399342536926 0.2875349223613739
0.25972262024879456 0.2897220253944397
0.25948280096054077 0.27954229712486267
0.25930482149124146 0.28347522020339966
0.25945937633514404 0.2847999036312103
0.2599797546863556 0.2895294725894928
0.25954219698905945 0.29460105299949646
0.2596795856952667 0.2795102298259735
0.2592553496360779 0.28436464071273804
0.2592085897922516 0.28327974677085876
0.25926703214645386 0.2792736887931824
0.2591598927974701 0.27857133746147156
0.25972339510917664 0.2808975875377655
0.25951138138771057 0.2814618945121765
0.2593768239021301 0.280376136302948
0.2595778703689575 0.2867242395877838
0.25915300846099854 0.2846663296222687
0.25897085666656494 0.2874971330165863
0.25888800621032715 0.28183668851852417
0.25851941108703613 0.28751492500305176
0.25889113545417786 0.2831134796142578
0.258939266204834 0.2846046984195709
0.2586926817893982 0.2823958396911621
0.25842493772506714 0.2920500338077545
0.259631484746933 0.28791728615760803
0.2586776614189148 0.2869442105293274
0.2592217028141022 0.2871670722961426
0.2584637999534607 0.27965977787971497
0.258466899394989 0.28291693329811096
0.2587262690067291 0.2817351520061493
0.2592414915561676 0.29038649797439575
0.2591570019721985 0.2850964367389679
0.2585928440093994 0.28329870104789734
0.25874266028404236 0.28224119544029236
0.25898662209510803 0.28003937005996704
0.2585395574569702 0.2892445921897888
0.25840792059898376 0.2835674583911896
0.2586115300655365 0.28051161766052246
0.2583504319190979 0.28201907873153687
0.2584838569164276 0.2931280732154846
0.2587701380252838 0.28165099024772644
0.25806179642677307 0.28430840373039246
0.25848883390426636 0.28330713510513306
0.25875014066696167 0.3023172914981842
0.25856009125709534 0.2925167381763458
0.25876855850219727 0.2874951660633087
0.25879764556884766 0.28448861837387085
0.25859397649765015 0.2868131399154663
0.258474737405777 0.28459030389785767
0.25817301869392395 0.28246456384658813
0.25792792439460754 0.29095375537872314
0.25795218348503113 0.2824579179286957
0.2584015727043152 0.2888408601284027
0.2582702338695526 0.2881283462047577
0.2587110996246338 0.28289794921875
0.25817203521728516 0.28602197766304016
0.25794023275375366 0.28132525086402893
0.2582191526889801 0.2883009910583496
0.2579069435596466 0.2873147130012512
0.2576447129249573 0.28104397654533386
0.25833821296691895 0.28602659702301025
0.25804588198661804 0.28241196274757385
0.25783342123031616 0.2861430048942566
0.2572919428348541 0.28181490302085876
0.25783148407936096 0.2831556797027588
0.25738030672073364 0.2802146077156067
0.25814974308013916 0.2844020426273346
0.2580466866493225 0.2838963568210602
0.2578355073928833 0.2835201025009155
0.2577663064002991 0.28229138255119324
0.25803282856941223 0.2826555669307709
0.2575848400592804 0.28045791387557983
0.25773969292640686 0.28885191679000854
0.257537841796875 0.2985447943210602
0.2573477625846863 0.2840156555175781
0.25799423456192017 0.2856893837451935
0.25784680247306824 0.28846314549446106
0.25781378149986267 0.2824782729148865
0.2577365040779114 0.2844051718711853
0.25780025124549866 0.28408315777778625
0.25709277391433716 0.2794179618358612
0.25767433643341064 0.2833383083343506
0.25767695903778076 0.2843036353588104
0.2575424313545227 0.2803710997104645
0.25744935870170593 0.2852775752544403
0.2571927309036255 0.2806456387042999
0.2573234736919403 0.284404456615448
0.257409930229187 0.28197136521339417
0.2570842504501343 0.2821626365184784
0.25723907351493835 0.2836051881313324
0.25676190853118896 0.28268542885780334
0.2571053206920624 0.28410306572914124
0.25732892751693726 0.2930391728878021
0.2569811940193176 0.28194862604141235
0.2572435140609741 0.28166043758392334
0.25694409012794495 0.2882920205593109
0.2571820318698883 0.28689658641815186
0.25707346200942993 0.2836700975894928
0.2570050358772278 0.28132662177085876
0.25703468918800354 0.2829238474369049
0.2568798363208771 0.28843843936920166
0.25710102915763855 0.2851293981075287
0.25674548745155334 0.2853596806526184
0.25699755549430847 0.2817632853984833
0.25676265358924866 0.2855134606361389
0.2568756937980652 0.2843536138534546
0.2568299174308777 0.2841423451900482
0.25722238421440125 0.28265124559402466
0.25691595673561096 0.28241148591041565
0.257118821144104 0.2896825969219208
0.2571454644203186 0.2838926315307617
0.25668156147003174 0.28255128860473633
0.25653618574142456 0.2836942672729492
0.25720104575157166 0.28000351786613464
0.25659409165382385 0.2896360158920288
0.25675132870674133 0.28569382429122925
0.25660181045532227 0.283293217420578
0.2564208209514618 0.2852199077606201
0.2563973665237427 0.2888467609882355
0.25628605484962463 0.2837909460067749
0.25619834661483765 0.2866608500480652
0.2563345730304718 0.28552868962287903
0.2564360499382019 0.28168919682502747
0.25633665919303894 0.2831692397594452
0.2564980089664459 0.2830877900123596
0.2562132477760315 0.2837929129600525
0.25651878118515015 0.2808009088039398
0.25601616501808167 0.2839106023311615
0.25632503628730774 0.2846357822418213
0.2558852434158325 0.29128754138946533
0.2564160227775574 0.28066059947013855
0.2564932107925415 0.28279903531074524
0.2558242380619049 0.28215521574020386
0.25594961643218994 0.28564995527267456
0.2560998499393463 0.28677427768707275
0.25628653168678284 0.2812391221523285
0.25608083605766296 0.29111096262931824
0.2559894025325775 0.2812001407146454
0.2558723986148834 0.28951066732406616
0.2562917172908783 0.2872210741043091
0.2559749484062195 0.28043070435523987
0.25584879517555237 0.28386932611465454
0.2558077871799469 0.2845383584499359
0.2561180293560028 0.2819506824016571
0.2558349370956421 0.2853734493255615
0.2560117542743683 0.28357282280921936
0.2562028467655182 0.28032591938972473
0.25566166639328003 0.28784409165382385
0.2561180889606476 0.28702616691589355
0.25606292486190796 0.28311043977737427
0.25537267327308655 0.28930386900901794
0.25536760687828064 0.2869432866573334
0.2554343342781067 0.288750559091568
0.25550416111946106 0.2827233374118805
0.255574494600296 0.28727641701698303
0.25543373823165894 0.28823259472846985
0.2556813955307007 0.2842963933944702
0.2556419372558594 0.283184289932251
0.2553502321243286 0.286223441362381
0.25556808710098267 0.2901165783405304
0.25547006726264954 0.2817193567752838
0.2551330327987671 0.280882328748703
0.2555423676967621 0.2864511013031006
0.25486382842063904 0.28627312183380127
0.25532272458076477 0.2832087576389313
0.2553987205028534 0.2861253321170807
0.25493597984313965 0.2824496328830719
0.2552882730960846 0.28397658467292786
0.2553541958332062 0.28361576795578003
0.2552776634693146 0.28943881392478943
0.25505557656288147 0.2805637717247009
0.2553318738937378 0.28216394782066345
0.2549685835838318 0.2907625138759613
0.2555611729621887 0.287720650434494
0.25513917207717896 0.28584447503089905
0.25524428486824036 0.28940603137016296
0.25520867109298706 0.2827771008014679
