1.4949700832366943 1.513731598854065
1.4286342859268188 1.331727147102356
1.279144048690796 1.1903246641159058
0.8670170307159424 0.6369823217391968
0.5891914367675781 0.553321897983551
0.5292269587516785 0.5104143619537354
0.503727376461029 0.5067147612571716
0.48634156584739685 0.4777672588825226
0.47559595108032227 0.4784580171108246
0.46656671166419983 0.473383367061615
0.4598786234855652 0.45811280608177185
0.45417365431785583 0.4592124819755554
0.4494644105434418 0.44743794202804565
0.4444864094257355 0.4513363540172577
0.44181162118911743 0.4468848705291748
0.43772655725479126 0.4455008804798126
0.4343554675579071 0.4437330365180969
0.4305027723312378 0.4394204914569855
0.4275970458984375 0.437913715839386
0.42507022619247437 0.443351686000824
0.4221372604370117 0.4360535740852356
0.4203977882862091 0.4256104528903961
0.41838759183883667 0.42791450023651123
0.4164555072784424 0.4245481789112091
0.4141448140144348 0.4251096248626709
0.41301319003105164 0.42514675855636597
0.4113180339336395 0.42007720470428467
0.41017577052116394 0.4187152087688446
0.4087488651275635 0.41667431592941284
0.4076547622680664 0.41856130957603455
0.40690064430236816 0.41455501317977905
0.4058081805706024 0.4126032888889313
0.40537065267562866 0.4142613112926483
0.40458470582962036 0.4159453809261322
0.4039459526538849 0.41516441106796265
0.40308713912963867 0.41168010234832764
0.4028330147266388 0.4134940803050995
0.4023075997829437 0.4103451371192932
0.4019174575805664 0.4100668132305145
0.40162527561187744 0.41134336590766907
0.4012671709060669 0.4105490446090698
0.4009230434894562 0.4101375639438629
0.40074995160102844 0.4098907709121704
0.40049734711647034 0.410347044467926
0.40022021532058716 0.41248559951782227
0.40001505613327026 0.41103267669677734
0.399910569190979 0.41003772616386414
0.39972221851348877 0.41061732172966003
0.3996615707874298 0.4095059633255005
0.3994234502315521 0.40918704867362976
0.3993898332118988 0.40875035524368286
0.3992713391780853 0.4087723195552826
0.39923498034477234 0.4094809293746948
0.3991275429725647 0.4092561602592468
0.39908403158187866 0.40877002477645874
0.3990153670310974 0.4087977111339569
0.39896461367607117 0.4096132516860962
0.3989092707633972 0.40881866216659546
0.39890164136886597 0.4088938236236572
0.39883849024772644 0.40883487462997437
0.39882388710975647 0.4087856709957123
0.39878228306770325 0.40902844071388245
0.39875176548957825 0.4090914726257324
0.3987320363521576 0.4088190495967865
0.3987089991569519 0.40884673595428467
0.39869779348373413 0.4087177813053131
0.3986796736717224 0.40883713960647583
0.3986525535583496 0.4089410901069641
0.3986600339412689 0.4086335301399231
0.39863839745521545 0.4088863432407379
0.39862874150276184 0.4089391827583313
0.3986174762248993 0.40877676010131836
0.39862170815467834 0.40863165259361267
0.39860799908638 0.4086495339870453
0.398601233959198 0.40865516662597656
0.3985948860645294 0.40873172879219055
0.39859169721603394 0.40869179368019104
0.3985896706581116 0.4086645245552063
0.39858153462409973 0.4086959660053253
0.3985799551010132 0.40872350335121155
0.3985789120197296 0.40874770283699036
0.39856958389282227 0.40870562195777893
0.39856991171836853 0.40869995951652527
0.398570716381073 0.40869560837745667
0.3985691964626312 0.4087010324001312
0.39856666326522827 0.4087272882461548
0.3985671401023865 0.40871748328208923
0.3985656797885895 0.40872013568878174
0.39856523275375366 0.40871289372444153
0.3985636234283447 0.40871405601501465
0.39856380224227905 0.40871602296829224
0.39856359362602234 0.4087110459804535
0.398563027381897 0.4087080657482147
0.39856231212615967 0.4087115526199341
0.39856192469596863 0.40871599316596985
0.3985607326030731 0.4087167978286743
0.39856088161468506 0.4087153673171997
0.3985607326030731 0.40870994329452515
0.39856186509132385 0.4087122678756714
0.39856112003326416 0.4087110757827759
0.3985612988471985 0.4087132513523102
0.39856207370758057 0.40871283411979675
0.39856043457984924 0.4087125062942505
0.39856046438217163 0.4087132215499878
0.39856141805648804 0.4087132215499878
0.3985609710216522 0.40871256589889526
0.3985615372657776 0.40871289372444153
0.39856112003326416 0.4087114632129669
0.39856094121932983 0.4087119400501251
0.3985609710216522 0.4087117612361908
0.39856067299842834 0.408712238073349
0.3985607922077179 0.4087117612361908
0.3985610604286194 0.4087126851081848
0.39856094121932983 0.4087126851081848
0.39856088161468506 0.4087125062942505
0.3985612690448761 0.4087124466896057
0.3985612988471985 0.4087119996547699
0.3985610902309418 0.4087122976779938
0.3985615372657776 0.4087122976779938
0.39856192469596863 0.40871185064315796
0.39856138825416565 0.4087119996547699
0.3985617458820343 0.40871214866638184
0.39856112003326416 0.4087119996547699
0.3985614478588104 0.4087119698524475
0.3985615074634552 0.408712774515152
0.39856112003326416 0.40871280431747437
0.39856165647506714 0.4087122082710266
0.39856159687042236 0.408712774515152
0.39856141805648804 0.4087126851081848
0.39856094121932983 0.4087126553058624
0.3985614478588104 0.40871259570121765
0.39856112003326416 0.4087125360965729
0.39856138825416565 0.408712774515152
0.39856186509132385 0.4087125360965729
0.39856067299842834 0.4087125360965729
0.3985615372657776 0.40871259570121765
0.39856088161468506 0.40871259570121765
0.3985612690448761 0.40871262550354004
0.3985615372657776 0.40871256589889526
0.3985617458820343 0.40871262550354004
0.3985615372657776 0.40871262550354004
0.39856117963790894 0.40871262550354004
0.39856165647506714 0.40871262550354004
0.3985615074634552 0.40871262550354004
0.3985603451728821 0.40871262550354004
0.3985609710216522 0.40871262550354004
0.39856117963790894 0.40871262550354004
0.3985610604286194 0.40871262550354004
0.3985612988471985 0.40871262550354004
0.3985614478588104 0.4087125360965729
0.39856085181236267 0.4087125360965729
0.3985607624053955 0.4087125360965729
0.39856141805648804 0.4087125360965729
0.39856141805648804 0.4087125360965729
0.39856085181236267 0.4087125360965729
0.3985610604286194 0.4087125360965729
0.3985609710216522 0.4087125360965729
0.39856117963790894 0.4087125062942505
0.39856141805648804 0.4087125062942505
0.39856141805648804 0.4087125062942505
0.3985613286495209 0.4087125062942505
0.3985612094402313 0.4087125062942505
0.39856141805648804 0.4087125062942505
0.39856094121932983 0.4087125062942505
0.3985612094402313 0.4087125062942505
0.39856141805648804 0.4087125062942505
0.39856085181236267 0.4087125062942505
0.3985610902309418 0.4087125062942505
0.39856162667274475 0.4087125062942505
0.3985610604286194 0.4087125062942505
0.39856094121932983 0.4087125062942505
0.3985609710216522 0.4087125062942505
0.3985607922077179 0.4087125062942505
0.3985614478588104 0.4087125062942505
0.3985615372657776 0.4087125062942505
0.3985605537891388 0.4087125062942505
0.3985614478588104 0.4087125062942505
0.3985609710216522 0.4087125062942505
0.3985610008239746 0.4087125062942505
0.3985615074634552 0.4087125062942505
0.3985613286495209 0.4087125062942505
0.39856117963790894 0.4087125062942505
0.3985612094402313 0.4087125062942505
0.3985605537891388 0.4087125062942505
0.39856112003326416 0.4087125062942505
0.3985610902309418 0.4087125062942505
0.3985605537891388 0.4087125062942505
0.39856138825416565 0.4087125062942505
0.3985615372657776 0.4087125062942505
0.39856141805648804 0.4087125062942505
0.39856094121932983 0.4087125062942505
0.3985610604286194 0.4087125062942505
0.39856112003326416 0.4087125062942505
0.3985610902309418 0.4087125062942505
0.39856162667274475 0.4087125062942505
0.3985612690448761 0.4087125062942505
0.39856138825416565 0.4087125062942505
0.39856183528900146 0.4087125062942505
0.39856138825416565 0.4087125062942505
0.3985612988471985 0.4087125062942505
0.39856085181236267 0.4087125062942505
0.3985615372657776 0.4087125062942505
0.3985612094402313 0.4087125062942505
0.39856094121932983 0.4087125062942505
0.3985610604286194 0.4087125062942505
0.3985612988471985 0.4087125062942505
0.39856013655662537 0.4087125062942505
0.39856117963790894 0.4087125062942505
0.3985613286495209 0.4087125062942505
0.39856159687042236 0.4087125062942505
0.39856141805648804 0.4087125062942505
0.3985609710216522 0.4087125062942505
0.3985612094402313 0.4087125062942505
0.39856085181236267 0.4087125062942505
0.39856094121932983 0.4087125062942505
0.39856138825416565 0.4087125062942505
0.39856165647506714 0.4087125062942505
0.39856067299842834 0.4087125062942505
0.3985612690448761 0.4087125062942505
0.39856141805648804 0.4087125062942505
0.3985610902309418 0.4087125062942505
0.39856141805648804 0.4087125062942505
0.3985612690448761 0.4087125062942505
0.39856141805648804 0.4087125062942505
0.3985605835914612 0.4087125062942505
0.39856094121932983 0.4087125062942505
0.3985612988471985 0.4087125062942505
0.3985610604286194 0.4087125062942505
0.3985615372657776 0.4087125062942505
0.39856141805648804 0.4087125062942505
0.3985610604286194 0.4087125062942505
0.3985614478588104 0.4087125062942505
0.3985613286495209 0.4087125062942505
0.39856159687042236 0.4087125062942505
0.39856067299842834 0.4087125062942505
0.3985617160797119 0.4087125062942505
0.39856088161468506 0.4087125062942505
0.39856085181236267 0.4087125062942505
0.3985612094402313 0.4087125062942505
0.3985607922077179 0.4087125062942505
0.39856094121932983 0.4087125062942505
0.3985603451728821 0.4087125062942505
0.3985607326030731 0.4087125062942505
0.3985612988471985 0.4087125062942505
0.3985615372657776 0.4087125062942505
0.39856088161468506 0.4087125062942505
0.39856192469596863 0.4087125062942505
0.3985609710216522 0.4087125062942505
0.3985612988471985 0.4087125062942505
0.39856117963790894 0.4087125062942505
0.3985612094402313 0.4087125062942505
0.3985612094402313 0.4087125062942505
0.3985609710216522 0.4087125062942505
0.3985612988471985 0.4087125062942505
0.3985614478588104 0.4087125062942505
0.3985609710216522 0.4087125062942505
0.3985612988471985 0.4087125062942505
0.39856117963790894 0.4087125062942505
0.39856112003326416 0.4087125062942505
0.3985613286495209 0.4087125062942505
0.39856085181236267 0.4087125062942505
0.39856117963790894 0.4087125062942505
0.3985615074634552 0.4087125062942505
0.39856117963790894 0.4087125062942505
0.39856183528900146 0.4087125062942505
0.39856117963790894 0.4087125062942505
0.39856159687042236 0.4087125062942505
0.3985614478588104 0.4087125062942505
0.3985613286495209 0.4087125062942505
0.3985612690448761 0.4087125062942505
0.3985609710216522 0.4087125062942505
0.39856162667274475 0.4087125062942505
0.3985607624053955 0.4087125062942505
0.3985610008239746 0.4087125062942505
0.3985614478588104 0.4087125062942505
0.39856138825416565 0.4087125062942505
0.3985612094402313 0.4087125062942505
0.39856019616127014 0.4087125062942505
0.3985612690448761 0.4087125062942505
0.3985607326030731 0.4087125062942505
0.39856117963790894 0.4087125062942505
0.3985607922077179 0.4087125062942505
0.39856088161468506 0.4087125062942505
0.3985607326030731 0.4087125062942505
0.3985612988471985 0.4087125062942505
0.39856067299842834 0.4087125062942505
0.3985610008239746 0.4087125062942505
0.3985609710216522 0.4087125062942505
0.39856112003326416 0.4087125062942505
0.39856183528900146 0.4087125062942505
0.39856183528900146 0.4087125062942505
0.3985612988471985 0.4087125062942505
0.3985615372657776 0.4087125062942505
0.3985610604286194 0.4087125062942505
0.3985605835914612 0.4087125062942505
0.39856183528900146 0.4087125062942505
0.39856088161468506 0.4087125062942505
0.3985610902309418 0.4087125062942505
0.3985610902309418 0.4087125062942505
0.3985612690448761 0.4087125062942505
0.3985610008239746 0.4087125062942505
0.39856094121932983 0.4087125062942505
0.3985615074634552 0.4087125062942505
0.3985610008239746 0.4087125062942505
0.3985610604286194 0.4087125062942505
0.39856085181236267 0.4087125062942505
0.3985612988471985 0.4087125062942505
0.39856112003326416 0.4087125062942505
0.3985607624053955 0.4087125062942505
0.3985612690448761 0.4087125062942505
0.3985609710216522 0.4087125062942505
0.3985613286495209 0.4087125062942505
0.39856165647506714 0.4087125062942505
0.39856112003326416 0.4087125062942505
0.398561954498291 0.4087125062942505
0.3985613286495209 0.4087125062942505
0.3985612690448761 0.4087125062942505
0.3985614478588104 0.4087125062942505
0.39856117963790894 0.4087125062942505
0.39856138825416565 0.4087125062942505
0.3985610902309418 0.4087125062942505
0.39856094121932983 0.4087125062942505
0.39856064319610596 0.4087125062942505
0.39856117963790894 0.4087125062942505
0.39856141805648804 0.4087125062942505
0.3985612690448761 0.4087125062942505
0.3985610008239746 0.4087125062942505
0.3985613286495209 0.4087125062942505
0.3985615074634552 0.4087125062942505
0.39856112003326416 0.4087125062942505
0.3985609710216522 0.4087125062942505
0.3985617458820343 0.4087125062942505
0.39856159687042236 0.4087125062942505
0.3985617160797119 0.4087125062942505
0.3985617160797119 0.4087125062942505
0.3985610902309418 0.4087125062942505
0.3985612094402313 0.4087125062942505
0.3985612690448761 0.4087125062942505
0.39856094121932983 0.4087125062942505
0.3985612094402313 0.4087125062942505
0.39856067299842834 0.4087125062942505
0.39856088161468506 0.4087125062942505
0.3985612690448761 0.4087125062942505
0.3985615074634552 0.4087125062942505
0.3985613286495209 0.4087125062942505
0.3985610604286194 0.4087125062942505
0.39856159687042236 0.4087125062942505
0.3985607624053955 0.4087125062942505
0.3985612988471985 0.4087125062942505
0.3985613286495209 0.4087125062942505
0.3985610008239746 0.4087125062942505
0.39856085181236267 0.4087125062942505
0.3985615074634552 0.4087125062942505
0.3985615074634552 0.4087125062942505
0.3985613286495209 0.4087125062942505
0.3985610902309418 0.4087125062942505
0.39856064319610596 0.4087125062942505
0.39856165647506714 0.4087125062942505
0.3985610008239746 0.4087125062942505
0.3985610902309418 0.4087125062942505
0.39856117963790894 0.4087125062942505
0.39856085181236267 0.4087125062942505
0.3985615372657776 0.4087125062942505
0.3985609710216522 0.4087125062942505
0.3985613286495209 0.4087125062942505
0.39856141805648804 0.4087125062942505
0.39856094121932983 0.4087125062942505
0.39856165647506714 0.4087125062942505
0.39855989813804626 0.4087125062942505
0.3985603153705597 0.4087125062942505
0.39856094121932983 0.4087125062942505
0.39856088161468506 0.4087125062942505
0.3985610604286194 0.4087125062942505
0.3985610008239746 0.4087125062942505
0.3985607624053955 0.4087125062942505
0.3985612690448761 0.4087125062942505
0.3985612690448761 0.4087125062942505
0.3985609710216522 0.4087125062942505
0.3985609710216522 0.4087125062942505
0.3985615074634552 0.4087125062942505
0.39856112003326416 0.4087125062942505
0.39856138825416565 0.4087125062942505
0.39856085181236267 0.4087125062942505
0.3985615074634552 0.4087125062942505
0.39856159687042236 0.4087125062942505
0.3985605537891388 0.4087125062942505
0.39856088161468506 0.4087125062942505
0.39856085181236267 0.4087125062942505
0.39856117963790894 0.4087125062942505
0.3985610008239746 0.4087125062942505
0.3985609710216522 0.4087125062942505
0.39856112003326416 0.4087125062942505
0.39856138825416565 0.4087125062942505
0.39856112003326416 0.4087125062942505
0.3985617756843567 0.4087125062942505
0.3985617756843567 0.4087125062942505
0.3985607922077179 0.4087125062942505
0.3985615372657776 0.4087125062942505
0.3985613286495209 0.4087125062942505
0.39856094121932983 0.4087125062942505
0.3985613286495209 0.4087125062942505
0.39856112003326416 0.4087125062942505
0.3985612094402313 0.4087125062942505
0.3985605239868164 0.4087125062942505
0.3985617756843567 0.4087125062942505
0.3985607326030731 0.4087125062942505
0.3985613286495209 0.4087125062942505
0.3985610604286194 0.4087125062942505
0.3985607624053955 0.4087125062942505
0.3985614478588104 0.4087125062942505
0.3985615074634552 0.4087125062942505
0.3985610902309418 0.4087125062942505
0.39856141805648804 0.4087125062942505
0.3985615074634552 0.4087125062942505
0.398561954498291 0.4087125062942505
0.3985610008239746 0.4087125062942505
0.39856085181236267 0.4087125062942505
0.3985609710216522 0.4087125062942505
0.3985607922077179 0.4087125062942505
0.3985615372657776 0.4087125062942505
0.39856085181236267 0.4087125062942505
0.3985615372657776 0.4087125062942505
0.39856064319610596 0.4087125062942505
0.3985612094402313 0.4087125062942505
0.3985617756843567 0.4087125062942505
0.3985612094402313 0.4087125062942505
0.3985610902309418 0.4087125062942505
0.3985610604286194 0.4087125062942505
0.39856141805648804 0.4087125062942505
0.39856138825416565 0.4087125062942505
0.39856067299842834 0.4087125062942505
0.3985612988471985 0.4087125062942505
0.39856067299842834 0.4087125062942505
0.3985610902309418 0.4087125062942505
0.3985610902309418 0.4087125062942505
0.3985612690448761 0.4087125062942505
0.3985609710216522 0.4087125062942505
0.39856088161468506 0.4087125062942505
0.39856040477752686 0.4087125062942505
0.39856094121932983 0.4087125062942505
0.39856138825416565 0.4087125062942505
0.3985612988471985 0.4087125062942505
0.3985612094402313 0.4087125062942505
0.3985610902309418 0.4087125062942505
0.3985612988471985 0.4087125062942505
0.3985617756843567 0.4087125062942505
0.39856112003326416 0.4087125062942505
0.3985615372657776 0.4087125062942505
0.3985615372657776 0.4087125062942505
0.3985607922077179 0.4087125062942505
0.3985610008239746 0.4087125062942505
0.3985610604286194 0.4087125062942505
0.3985615372657776 0.4087125062942505
0.39856141805648804 0.4087125062942505
0.39856186509132385 0.4087125062942505
0.39856088161468506 0.4087125062942505
0.3985607326030731 0.4087125062942505
0.39856064319610596 0.4087125062942505
0.3985615372657776 0.4087125062942505
0.39856117963790894 0.4087125062942505
0.3985614478588104 0.4087125062942505
0.3985613286495209 0.4087125062942505
0.3985612988471985 0.4087125062942505
0.3985610008239746 0.4087125062942505
0.39856138825416565 0.4087125062942505
0.3985612988471985 0.4087125062942505
0.3985610604286194 0.4087125062942505
0.39856112003326416 0.4087125062942505
0.39856165647506714 0.4087125062942505
0.3985615372657776 0.4087125062942505
0.3985610008239746 0.4087125062942505
0.3985617756843567 0.4087125062942505
0.3985615372657776 0.4087125062942505
0.3985614478588104 0.4087125062942505
0.39856088161468506 0.4087125062942505
0.39856117963790894 0.4087125062942505
0.3985612094402313 0.4087125062942505
0.3985613286495209 0.4087125062942505
0.3985612988471985 0.4087125062942505
0.3985605537891388 0.4087125062942505
0.39856117963790894 0.4087125062942505
0.39856112003326416 0.4087125062942505
0.3985610604286194 0.4087125062942505
0.39856085181236267 0.4087125062942505
0.39856159687042236 0.4087125062942505
0.3985610902309418 0.4087125062942505
0.3985610604286194 0.4087125062942505
0.39856186509132385 0.4087125062942505
0.3985615074634552 0.4087125062942505
0.3985612690448761 0.4087125062942505
0.39856112003326416 0.4087125062942505
0.39856183528900146 0.4087125062942505
0.39856094121932983 0.4087125062942505
0.3985610604286194 0.4087125062942505
0.39856094121932983 0.4087125062942505
0.3985610902309418 0.4087125062942505
0.39856088161468506 0.4087125062942505
0.3985605835914612 0.4087125062942505
0.3985607922077179 0.4087125062942505
0.39856085181236267 0.4087125062942505
