2.0467753410339355 1.5298550128936768
1.495664119720459 1.5054000616073608
1.483913540840149 1.5009716749191284
1.479603886604309 1.5048142671585083
1.4778399467468262 1.508948802947998
1.4764546155929565 1.530806303024292
1.472947120666504 1.4808937311172485
1.4390435218811035 1.4218919277191162
1.2613037824630737 0.9699540734291077
0.8434703946113586 0.8473867774009705
0.7490184903144836 0.688076376914978
0.6855142116546631 0.658467173576355
0.6486847400665283 0.6400200128555298
0.6246989965438843 0.6007007360458374
0.6108110547065735 0.5890781879425049
0.598788321018219 0.646984875202179
0.58968186378479 0.605866014957428
0.5835137963294983 0.6400067210197449
0.578972578048706 0.5820796489715576
0.5733804106712341 0.5701445937156677
0.5706659555435181 0.5631702542304993
0.5630557537078857 0.5518134832382202
0.5607819557189941 0.5780138373374939
0.556796669960022 0.5640498995780945
0.5491772890090942 0.5664555430412292
0.5466763973236084 0.5652721524238586
0.5434845089912415 0.5333680510520935
0.5328733325004578 0.5133174657821655
0.5206286311149597 0.5272618532180786
0.4961571991443634 0.4831922650337219
0.47667938470840454 0.4665176272392273
0.46144890785217285 0.4396335184574127
0.4370670020580292 0.44452863931655884
0.4165480136871338 0.39743414521217346
0.4108844995498657 0.4036344885826111
0.40056338906288147 0.38454562425613403
0.3921341896057129 0.3676883578300476
0.38621798157691956 0.37055960297584534
0.3772185742855072 0.37919163703918457
0.3707386553287506 0.3603307008743286
0.3627158999443054 0.3401716649532318
0.3602847158908844 0.3713560402393341
0.35920917987823486 0.3378819525241852
0.35026514530181885 0.33492064476013184
0.3478904664516449 0.3308901786804199
0.34755635261535645 0.38082075119018555
0.3380764126777649 0.3635566234588623
0.33541086316108704 0.3392638862133026
0.33345532417297363 0.34085115790367126
0.32921239733695984 0.32511764764785767
0.3264353573322296 0.34077325463294983
0.3237987756729126 0.41037309169769287
0.32097548246383667 0.31534573435783386
0.3176494538784027 0.31287407875061035
0.31386640667915344 0.30052998661994934
0.31243953108787537 0.31984543800354004
0.3114962577819824 0.3478499948978424
0.3099166452884674 0.30161502957344055
0.30850592255592346 0.3031529486179352
0.30613940954208374 0.329968124628067
0.3046150803565979 0.3180151581764221
0.3023275136947632 0.3254421651363373
0.30275192856788635 0.31428664922714233
0.2995728850364685 0.3057314157485962
0.30235418677330017 0.30385443568229675
0.29727962613105774 0.29561734199523926
0.29518812894821167 0.2916799783706665
0.29373598098754883 0.29575735330581665
0.2925036549568176 0.29039669036865234
0.2954358458518982 0.29721686244010925
0.2924845814704895 0.33265218138694763
0.28934183716773987 0.28495270013809204
0.2893241047859192 0.3057205379009247
0.28850600123405457 0.28866395354270935
0.28658080101013184 0.2702970504760742
0.2830900549888611 0.29365822672843933
0.28671953082084656 0.28274136781692505
0.28382396697998047 0.28124529123306274
0.28516122698783875 0.28597182035446167
0.28332021832466125 0.2737867534160614
0.2819654941558838 0.2906816303730011
0.2838152050971985 0.26851406693458557
0.2815363109111786 0.27076026797294617
0.28058838844299316 0.2775392234325409
0.2802841365337372 0.2802770733833313
0.27697500586509705 0.282183974981308
0.27769559621810913 0.2674516439437866
0.27956709265708923 0.26874276995658875
0.2754962742328644 0.29365336894989014
0.27658432722091675 0.2704579830169678
0.27298763394355774 0.3018155097961426
0.27347683906555176 0.2624949514865875
0.27490368485450745 0.3103864789009094
0.27277225255966187 0.36426791548728943
0.2733671963214874 0.29613420367240906
0.2723522186279297 0.2673768103122711
0.27014148235321045 0.28047803044319153
0.27304813265800476 0.2731035053730011
0.2749781012535095 0.26171156764030457
0.2720626890659332 0.28935155272483826
0.27001065015792847 0.27103111147880554
0.27007460594177246 0.2616320252418518
0.27121400833129883 0.2604348063468933
0.2711790204048157 0.27047425508499146
0.2668929100036621 0.2652283012866974
0.2670057713985443 0.27005431056022644
0.26884326338768005 0.26580747961997986
0.26868224143981934 0.2578248977661133
0.2663850784301758 0.2583277225494385
0.2656031847000122 0.2609656751155853
0.26673394441604614 0.281995952129364
0.2673853933811188 0.26081550121307373
0.26600149273872375 0.2761476933956146
0.26688429713249207 0.2773372530937195
0.2647903859615326 0.25587984919548035
0.26535722613334656 0.2624521255493164
0.26762306690216064 0.2746044099330902
0.2644338309764862 0.2625635266304016
0.2630649209022522 0.2650657296180725
0.26257503032684326 0.3023553490638733
0.26366305351257324 0.27497223019599915
0.265811949968338 0.2697193920612335
0.2637951076030731 0.26360124349594116
0.26404449343681335 0.25343504548072815
0.2636675536632538 0.2574327290058136
0.2610204517841339 0.25454163551330566
0.264572411775589 0.2865757644176483
0.26357296109199524 0.27738916873931885
0.2614896893501282 0.25755661725997925
0.2612263262271881 0.2612392008304596
0.260466605424881 0.24994172155857086
0.2602251172065735 0.2746121287345886
0.25983956456184387 0.2558508515357971
0.26211830973625183 0.27172988653182983
0.26265600323677063 0.2784668803215027
0.26009705662727356 0.2631055414676666
0.25810080766677856 0.297105610370636
0.2591797411441803 0.26990118622779846
0.2582292854785919 0.26102423667907715
0.25730258226394653 0.2681433856487274
0.2576221525669098 0.26065731048583984
0.2568527162075043 0.29743868112564087
0.2574242353439331 0.2964383363723755
0.2599179744720459 0.3065771758556366
0.25948378443717957 0.24903230369091034
0.25762778520584106 0.24795275926589966
0.25574228167533875 0.26372891664505005
0.2568284571170807 0.24459148943424225
0.2560462951660156 0.25867873430252075
0.2548483908176422 0.24878236651420593
0.25534406304359436 0.26153916120529175
0.2549320161342621 0.2553979456424713
0.25600236654281616 0.2566508650779724
0.2573156952857971 0.2610158920288086
0.25710898637771606 0.27435049414634705
0.2565774619579315 0.27147606015205383
0.2548943758010864 0.2732337415218353
0.255307137966156 0.2666700780391693
0.2540610432624817 0.2608952820301056
0.2538881301879883 0.26036393642425537
0.252811074256897 0.26545387506484985
0.25361356139183044 0.24506379663944244
0.25219300389289856 0.2699671685695648
0.25453105568885803 0.2636973261833191
0.25232037901878357 0.2581467628479004
0.251735657453537 0.24683962762355804
0.25220444798469543 0.26448723673820496
0.2521010637283325 0.24263323843479156
0.2513652741909027 0.25773006677627563
0.25237300992012024 0.26979494094848633
0.2507249414920807 0.2554100453853607
0.25245201587677 0.24739409983158112
0.2528288960456848 0.24545679986476898
0.25144127011299133 0.25330325961112976
0.25133398175239563 0.24696700274944305
0.2514793872833252 0.2478521466255188
0.2508324384689331 0.25572046637535095
0.25162720680236816 0.27466240525245667
0.2523026168346405 0.24881169199943542
0.25200334191322327 0.27945417165756226
0.25055181980133057 0.2475689798593521
0.24966615438461304 0.24742376804351807
0.2492709457874298 0.24670471251010895
0.24953560531139374 0.2454463541507721
0.2492271363735199 0.25172555446624756
0.24798475205898285 0.24363571405410767
0.2505786716938019 0.2537294924259186
0.2504872679710388 0.2648788392543793
0.24951304495334625 0.25528809428215027
0.24985511600971222 0.24723047018051147
0.2493605613708496 0.2587757408618927
0.24733750522136688 0.24431446194648743
0.24970048666000366 0.2523091733455658
0.24814075231552124 0.2526412308216095
0.2489645630121231 0.24555066227912903
0.2477056086063385 0.2510237991809845
0.2483392208814621 0.2591032087802887
0.24810251593589783 0.25103679299354553
0.24657458066940308 0.25307464599609375
0.2467232346534729 0.2395247370004654
0.2463615983724594 0.24522410333156586
0.24681425094604492 0.2635970413684845
0.24728164076805115 0.2499326467514038
0.2462715357542038 0.2399757355451584
0.2461303025484085 0.24655546247959137
0.24849045276641846 0.2634260654449463
0.24768778681755066 0.252398282289505
0.247040256857872 0.2750574052333832
0.24584710597991943 0.24482983350753784
0.24603979289531708 0.24887345731258392
0.2458668351173401 0.2548663318157196
0.24548761546611786 0.2496153563261032
0.24517017602920532 0.25000858306884766
0.2450995147228241 0.25360724329948425
0.24573388695716858 0.2500567138195038
0.24573026597499847 0.25170934200286865
0.2456521838903427 0.27443408966064453
0.24550242722034454 0.26563581824302673
0.2456844300031662 0.2458663284778595
0.24621322751045227 0.24875102937221527
0.2449495941400528 0.24619947373867035
0.2441645711660385 0.24223467707633972
0.24517272412776947 0.28339487314224243
0.24516673386096954 0.2504282593727112
0.2439708709716797 0.2599560022354126
0.24422991275787354 0.25187426805496216
0.24416260421276093 0.2710634469985962
0.24396957457065582 0.2658165693283081
0.24347306787967682 0.24310962855815887
0.24350233376026154 0.2642216980457306
0.2434805929660797 0.25525641441345215
0.24378223717212677 0.24419352412223816
0.2437225580215454 0.262085884809494
0.24437999725341797 0.2730253040790558
0.24326519668102264 0.24447622895240784
0.24466197192668915 0.26417216658592224
0.2444908767938614 0.25789645314216614
0.2444496601819992 0.2575535774230957
0.24409136176109314 0.25358420610427856
0.24445785582065582 0.24000802636146545
0.2434217482805252 0.2449086457490921
0.24286463856697083 0.24053947627544403
0.24348822236061096 0.24542805552482605
0.2441311776638031 0.2413344383239746
0.2430306375026703 0.2633131444454193
0.24267208576202393 0.2507501542568207
0.24295632541179657 0.24241884052753448
0.241905078291893 0.2440008521080017
0.24202106893062592 0.27427905797958374
0.2421368807554245 0.26987338066101074
0.24201622605323792 0.24633942544460297
0.2423349767923355 0.2550782859325409
0.2411862462759018 0.2449614554643631
0.24120937287807465 0.2423577606678009
0.24158057570457458 0.2566159665584564
0.24142169952392578 0.23623701930046082
0.24231965839862823 0.24038349092006683
0.24180227518081665 0.23553778231143951
0.24287179112434387 0.24287931621074677
0.24140338599681854 0.24578975141048431
0.24234533309936523 0.23921367526054382
0.24331586062908173 0.24996063113212585
0.24397097527980804 0.24458448588848114
0.24254712462425232 0.2412767857313156
0.2419498711824417 0.25445348024368286
0.2408459484577179 0.24953234195709229
0.24265171587467194 0.24454551935195923
0.24266843497753143 0.2464192509651184
0.2425539344549179 0.2729909420013428
0.24121670424938202 0.23796017467975616
0.2418263554573059 0.24612639844417572
0.24126340448856354 0.25642335414886475
0.24191029369831085 0.23713873326778412
0.24084362387657166 0.2512286603450775
0.24063250422477722 0.2415904402732849
0.24054834246635437 0.2411012500524521
0.2407400757074356 0.23635175824165344
0.23982922732830048 0.24187254905700684
0.23986275494098663 0.2496798187494278
0.24022004008293152 0.2559538185596466
0.24040700495243073 0.2396731823682785
0.24045196175575256 0.23876677453517914
0.24050289392471313 0.23741641640663147
0.24131841957569122 0.24660426378250122
0.24000896513462067 0.25128287076950073
0.2406972497701645 0.2538163363933563
0.24073471128940582 0.2460986077785492
0.2398448884487152 0.2529999315738678
0.2399642914533615 0.24077391624450684
0.24035464227199554 0.2578085660934448
0.24044887721538544 0.2517552375793457
0.2406228929758072 0.24288083612918854
0.2402334362268448 0.2427758425474167
0.24098773300647736 0.23954333364963531
0.239778533577919 0.23842988908290863
0.23942552506923676 0.245681494474411
0.24053889513015747 0.2517285645008087
0.23994088172912598 0.24717970192432404
0.2397031933069229 0.2403143048286438
0.24003152549266815 0.24847464263439178
0.24093641340732574 0.2422560155391693
0.2391434758901596 0.2359926551580429
0.23980757594108582 0.2468891739845276
0.23998041450977325 0.25962305068969727
0.24102985858917236 0.2351219654083252
0.24095039069652557 0.24828587472438812
0.24043235182762146 0.24540404975414276
0.23993387818336487 0.23965436220169067
0.2395210862159729 0.24307048320770264
0.24006211757659912 0.24717673659324646
0.2395685911178589 0.241404190659523
0.2397698014974594 0.23924346268177032
0.23863062262535095 0.24379193782806396
0.24004845321178436 0.25072231888771057
0.23975016176700592 0.28674447536468506
0.2410629540681839 0.241625115275383
0.23917025327682495 0.24094417691230774
0.23979552090168 0.24071459472179413
0.23943285644054413 0.23712213337421417
0.23938049376010895 0.24653413891792297
0.23833420872688293 0.2444755584001541
0.2383669763803482 0.25149452686309814
0.23849238455295563 0.2706988453865051
0.23812583088874817 0.2639600336551666
0.23805232346057892 0.24800258874893188
0.23768961429595947 0.25022563338279724
0.23835721611976624 0.24358044564723969
0.23722852766513824 0.23783066868782043
0.2377404123544693 0.255771666765213
0.23819869756698608 0.24633237719535828
0.2372758388519287 0.2574489712715149
0.23839227855205536 0.24991920590400696
0.23782606422901154 0.265603631734848
0.2382500171661377 0.23771673440933228
0.23726573586463928 0.239294171333313
0.237250417470932 0.25193631649017334
0.23773989081382751 0.25357121229171753
0.23736123740673065 0.23747499287128448
0.23777836561203003 0.24222995340824127
0.23764190077781677 0.2349500060081482
0.2372136414051056 0.23990409076213837
0.2375756800174713 0.23424607515335083
0.23686277866363525 0.2459668070077896
0.2365347445011139 0.23633669316768646
0.236861914396286 0.24420884251594543
0.23725460469722748 0.2492486536502838
0.23848789930343628 0.2589077949523926
0.23853272199630737 0.23723043501377106
0.23905496299266815 0.23454096913337708
0.23810362815856934 0.23862944543361664
0.23843275010585785 0.24381107091903687
0.23630613088607788 0.24623924493789673
0.23674625158309937 0.2408461570739746
0.23683904111385345 0.24397005140781403
0.23617146909236908 0.24381032586097717
0.23692737519741058 0.2454935759305954
0.23728547990322113 0.23996374011039734
0.23645469546318054 0.24632126092910767
0.2354532927274704 0.23708860576152802
0.23648951947689056 0.25352877378463745
0.23695626854896545 0.23521506786346436
0.23607699573040009 0.25114819407463074
0.23587079346179962 0.2345849722623825
0.23542630672454834 0.2499396651983261
0.23686383664608002 0.23673595488071442
0.23633943498134613 0.251443475484848
0.235168918967247 0.23461836576461792
0.2355629801750183 0.23708929121494293
0.2366477996110916 0.24139705300331116
0.23545800149440765 0.2434464395046234
0.23638977110385895 0.25481370091438293
0.2354765385389328 0.2664529085159302
0.23546169698238373 0.23733651638031006
0.23613134026527405 0.25001296401023865
0.2360074818134308 0.2511216402053833
0.23597711324691772 0.23416976630687714
0.2360638827085495 0.23637330532073975
0.23531511425971985 0.23605239391326904
0.23616021871566772 0.2464635670185089
0.23571690917015076 0.24683192372322083
0.2349385917186737 0.23664745688438416
0.2354332059621811 0.2325945943593979
0.234818696975708 0.23599810898303986
0.23521652817726135 0.2377568930387497
0.2345116138458252 0.23833291232585907
0.23502598702907562 0.23662564158439636
0.23501326143741608 0.2576494514942169
0.23451204597949982 0.23980049788951874
0.23546655476093292 0.24184830486774445
0.23523059487342834 0.23384742438793182
0.23524492979049683 0.24024948477745056
0.23420672118663788 0.252352237701416
0.23570536077022552 0.24962317943572998
0.23485033214092255 0.24538996815681458
0.23438456654548645 0.2331637740135193
0.23532181978225708 0.2418617308139801
0.23369325697422028 0.2401149570941925
0.23587730526924133 0.2429593950510025
0.2362012416124344 0.24812708795070648
0.23412472009658813 0.25010430812835693
0.23411396145820618 0.2428213506937027
0.23532803356647491 0.24320964515209198
0.23382700979709625 0.23352651298046112
0.234701469540596 0.2375793159008026
0.23484167456626892 0.2499568611383438
0.23520195484161377 0.24986037611961365
0.23467247188091278 0.2345399558544159
0.23457513749599457 0.24902239441871643
0.23493865132331848 0.24530495703220367
0.23503604531288147 0.24042367935180664
0.23521265387535095 0.23502208292484283
0.23514482378959656 0.23868651688098907
0.23368431627750397 0.27105990052223206
0.2346431314945221 0.24817320704460144
0.2352064847946167 0.24172067642211914
0.23399822413921356 0.23991498351097107
0.2347630113363266 0.23751650750637054
0.23539550602436066 0.24352948367595673
0.23456114530563354 0.24856992065906525
0.234340637922287 0.24943052232265472
0.23551331460475922 0.23360173404216766
0.23473131656646729 0.2356201410293579
0.23416092991828918 0.23577414453029633
0.23379696905612946 0.25583401322364807
0.23498517274856567 0.24895541369915009
0.23455409705638885 0.23961129784584045
0.23403356969356537 0.23955178260803223
0.2342369705438614 0.24019460380077362
0.23456324636936188 0.2399432510137558
0.23450538516044617 0.2392759472131729
0.23445600271224976 0.23451150953769684
0.23386913537979126 0.23511959612369537
0.23337332904338837 0.2468138486146927
0.23435240983963013 0.23748916387557983
0.23517757654190063 0.24200768768787384
0.23404733836650848 0.24604810774326324
0.23447197675704956 0.25493016839027405
0.23346427083015442 0.23590238392353058
0.23351339995861053 0.2350999414920807
0.23389247059822083 0.24160313606262207
0.23325540125370026 0.23384925723075867
0.23361119627952576 0.24046479165554047
0.23334698379039764 0.2616192400455475
0.23373134434223175 0.24527324736118317
0.23293247818946838 0.23402544856071472
0.23362500965595245 0.25788795948028564
0.23412393033504486 0.27645543217658997
0.23295912146568298 0.24830959737300873
0.23319393396377563 0.23815616965293884
0.23287108540534973 0.2556585967540741
0.23355288803577423 0.23340867459774017
0.23287484049797058 0.23673464357852936
0.23284542560577393 0.24182336032390594
0.232961505651474 0.2524403929710388
0.23329970240592957 0.23955917358398438
0.23427867889404297 0.23869438469409943
0.2342807799577713 0.2849264442920685
0.2334228903055191 0.23222716152668
0.23438362777233124 0.2338734269142151
0.23376500606536865 0.24155186116695404
0.2343066781759262 0.2470381110906601
0.2351597100496292 0.23381473124027252
0.2339348942041397 0.23952125012874603
0.23354755342006683 0.23955047130584717
0.2338418811559677 0.24026623368263245
0.23286491632461548 0.2339647263288498
0.23256361484527588 0.23160813748836517
0.23257434368133545 0.2831448018550873
0.232920303940773 0.23482468724250793
0.23257771134376526 0.24427704513072968
0.23400819301605225 0.2332943081855774
0.2328786551952362 0.24223071336746216
0.233520045876503 0.23922161757946014
0.23269681632518768 0.23904168605804443
0.2322443127632141 0.2441832721233368
0.23257631063461304 0.23484717309474945
0.2321876883506775 0.23547492921352386
0.23353715240955353 0.23676016926765442
0.23352333903312683 0.24623127281665802
0.23311783373355865 0.23448790609836578
0.23269066214561462 0.24762722849845886
0.233283132314682 0.23724515736103058
0.23306308686733246 0.23297637701034546
0.23195116221904755 0.23715299367904663
0.2323884218931198 0.2405361384153366
0.23308424651622772 0.24001650512218475
0.23217134177684784 0.26053211092948914
0.23255975544452667 0.23649464547634125
0.23206767439842224 0.24331845343112946
0.23223285377025604 0.23707690834999084
0.23298466205596924 0.23451288044452667
0.23296646773815155 0.2484184056520462
0.23386822640895844 0.2484462708234787
0.23234866559505463 0.26006850600242615
0.23364154994487762 0.23678117990493774
0.2335575819015503 0.24729590117931366
0.23265747725963593 0.23571103811264038
0.23265521228313446 0.23512914776802063
0.23184527456760406 0.2368803471326828
0.232504203915596 0.23755860328674316
