1.5637274980545044 1.5067793130874634
1.4845417737960815 1.502478003501892
1.4789848327636719 1.5008546113967896
1.4774645566940308 1.511945128440857
1.476327657699585 1.503281593322754
1.4754844903945923 1.511378526687622
1.4753851890563965 1.5007001161575317
1.474982500076294 1.5041142702102661
1.4748448133468628 1.5038871765136719
1.4748947620391846 1.5012282133102417
1.4745177030563354 1.5071285963058472
1.4744759798049927 1.502554178237915
1.4748584032058716 1.5022125244140625
1.4744389057159424 1.5004585981369019
1.4745945930480957 1.4983230829238892
1.4743220806121826 1.5022330284118652
1.474431037902832 1.5101267099380493
1.4741086959838867 1.5059177875518799
1.4741036891937256 1.500207543373108
1.4742169380187988 1.5234174728393555
1.4704005718231201 1.4830212593078613
1.4480469226837158 1.458878517150879
1.419986605644226 1.4339810609817505
1.4047876596450806 1.437787652015686
1.3891862630844116 1.4132091999053955
1.3772541284561157 1.4159306287765503
1.3566821813583374 1.3624234199523926
1.3175870180130005 1.3046205043792725
1.2613508701324463 1.2585595846176147
1.1949942111968994 1.1751571893692017
1.1395009756088257 1.1473850011825562
1.0948129892349243 1.0919193029403687
1.067320704460144 1.0743502378463745
1.0431405305862427 1.0458470582962036
1.014733076095581 1.0069571733474731
0.9904160499572754 1.0075597763061523
0.9671126008033752 0.951746940612793
0.9422351717948914 0.9771633744239807
0.9183439612388611 0.9401567578315735
0.9009901881217957 0.8987234830856323
0.8855105042457581 0.8839688301086426
0.8665267825126648 0.8582984209060669
0.8458278179168701 0.8254286050796509
0.8106224536895752 0.7954273223876953
0.7703671455383301 0.7537137866020203
0.7380514144897461 0.8419278264045715
0.7174087166786194 0.7039216756820679
0.703484833240509 0.6982966661453247
0.6873733997344971 0.6739190220832825
0.6678093671798706 0.6508907079696655
0.6480254530906677 0.6279712319374084
0.6223851442337036 0.6701176762580872
0.6048668026924133 0.6046304702758789
0.5907551050186157 0.6327507495880127
0.5770430564880371 0.5708807706832886
0.5624115467071533 0.6029831767082214
0.5560754537582397 0.5578742027282715
0.5469750761985779 0.5363325476646423
0.5349026322364807 0.5571350455284119
0.5351383686065674 0.5116168260574341
0.5260387659072876 0.534409761428833
0.5229963064193726 0.534735918045044
0.5198225378990173 0.5037237405776978
0.5129653811454773 0.5514633059501648
0.5128435492515564 0.5419790744781494
0.5078485012054443 0.5008182525634766
0.5007851123809814 0.5298041105270386
0.5008944869041443 0.5008108615875244
0.4913780987262726 0.4728431701660156
0.4929548501968384 0.5132829546928406
0.49100878834724426 0.525057852268219
0.48396265506744385 0.48514118790626526
0.4829300343990326 0.45932072401046753
0.48288002610206604 0.4527243971824646
0.476348340511322 0.44936299324035645
0.4758407175540924 0.4549703001976013
0.4728892743587494 0.46644049882888794
0.4721047580242157 0.4749426543712616
0.46999767422676086 0.5089065432548523
0.46644970774650574 0.46061235666275024
0.4637545943260193 0.4533340036869049
0.4633106589317322 0.439369797706604
0.4627692997455597 0.4719872772693634
0.46251416206359863 0.516677737236023
0.4587937593460083 0.44760820269584656
0.4581718444824219 0.4403105080127716
0.45811429619789124 0.43556225299835205
0.45488831400871277 0.5452417135238647
0.45852068066596985 0.4562402069568634
0.451163113117218 0.4402962625026703
0.4524646997451782 0.46297016739845276
0.45203596353530884 0.4343629479408264
0.44993239641189575 0.43860357999801636
0.44853630661964417 0.47728145122528076
0.4465624690055847 0.47460731863975525
0.44461894035339355 0.4555870294570923
0.4463768005371094 0.42888084053993225
0.44416293501853943 0.45300212502479553
0.4415750205516815 0.43998798727989197
0.4423040747642517 0.4591298997402191
0.4409497082233429 0.44579121470451355
0.43720337748527527 0.43892738223075867
0.4394844174385071 0.47312456369400024
0.4363982677459717 0.43088218569755554
0.4355344772338867 0.4429885447025299
0.43413519859313965 0.4286292791366577
0.4359285831451416 0.4187333583831787
0.4317620098590851 0.43841552734375
0.429633229970932 0.4283997118473053
0.4305178225040436 0.4222940504550934
0.4293745458126068 0.4370361864566803
0.43073296546936035 0.45890095829963684
0.4270336329936981 0.43038633465766907
0.42905938625335693 0.4419645369052887
0.42707598209381104 0.4225730299949646
0.4258482754230499 0.5403131246566772
0.4249896705150604 0.44491055607795715
0.42603567242622375 0.44525888562202454
0.4244456887245178 0.4552347660064697
0.4243319630622864 0.4446234703063965
0.4220910370349884 0.4124336838722229
0.42200767993927 0.4113699793815613
0.4208279550075531 0.4696049094200134
0.42090892791748047 0.40602684020996094
0.4203234016895294 0.4453103840351105
0.4183245301246643 0.4184730350971222
0.41989263892173767 0.4391695261001587
0.4171504080295563 0.43165716528892517
0.4165232479572296 0.4671748876571655
0.4160030782222748 0.4447251856327057
0.4161267578601837 0.4388754069805145
0.4185672402381897 0.4200313091278076
0.4154569208621979 0.47160959243774414
0.41511377692222595 0.44643619656562805
0.4123589098453522 0.39669203758239746
0.41109389066696167 0.43004199862480164
0.411657452583313 0.44547343254089355
0.40988650918006897 0.4061878025531769
0.4096311926841736 0.40029197931289673
0.40974923968315125 0.4404141306877136
0.408395916223526 0.4242933392524719
0.4084199368953705 0.3947921693325043
0.40748053789138794 0.4792806804180145
0.40577277541160583 0.43275025486946106
0.4062018096446991 0.42047905921936035
0.40525031089782715 0.47638022899627686
0.4053953289985657 0.4045690596103668
0.4059782028198242 0.3986970782279968
0.40485361218452454 0.42020413279533386
0.4049210846424103 0.39666688442230225
0.4050135910511017 0.4009016156196594
0.40591737627983093 0.4209584891796112
0.4040735065937042 0.39829811453819275
0.40402695536613464 0.4118884801864624
0.40302303433418274 0.4068368077278137
0.40355759859085083 0.44904825091362
0.4026302099227905 0.42014041543006897
0.40125274658203125 0.4142032563686371
0.4042307138442993 0.4159635305404663
0.40217125415802 0.4098154306411743
0.40173253417015076 0.39882275462150574
0.4004324674606323 0.39086320996284485
0.40179139375686646 0.3877110183238983
0.398923397064209 0.4044244885444641
0.39953720569610596 0.41881263256073
0.40057116746902466 0.3920041620731354
0.3979469835758209 0.3990187346935272
0.39750492572784424 0.43144679069519043
0.3986774682998657 0.3924911320209503
0.39740556478500366 0.3888646960258484
0.3968287706375122 0.39191311597824097
0.3969225287437439 0.3856959342956543
0.39796382188796997 0.4072073698043823
0.3969101309776306 0.42745891213417053
0.3955630362033844 0.39880332350730896
0.3950854539871216 0.40253204107284546
0.39599093794822693 0.3951464593410492
0.39597445726394653 0.4187564253807068
0.3958253562450409 0.43103158473968506
0.39496707916259766 0.38272130489349365
0.3953233063220978 0.39599740505218506
0.3958892822265625 0.4007355868816376
0.39271336793899536 0.3839828372001648
0.39342963695526123 0.402835875749588
0.3934171497821808 0.39726316928863525
0.39320939779281616 0.41127681732177734
0.39356565475463867 0.3989521861076355
0.39082103967666626 0.3821639120578766
0.39236438274383545 0.38467326760292053
0.3929532468318939 0.3898284435272217
0.39249202609062195 0.39401909708976746
0.3916340172290802 0.38233062624931335
0.3916873335838318 0.46661877632141113
0.39229071140289307 0.3910888731479645
0.39069703221321106 0.4028683602809906
0.3902405798435211 0.4042680263519287
0.38977620005607605 0.38511383533477783
0.38850313425064087 0.38715237379074097
0.38963696360588074 0.39202162623405457
0.3891889750957489 0.40137699246406555
0.39054107666015625 0.3808557391166687
0.3902139663696289 0.41487690806388855
0.38749292492866516 0.40756291151046753
0.3888704776763916 0.40508490800857544
0.3881145715713501 0.3961724042892456
0.388016939163208 0.3811805546283722
0.3871708810329437 0.40227004885673523
0.38872817158699036 0.37994542717933655
0.3864040970802307 0.3789452314376831
0.38759469985961914 0.3882564306259155
0.38711991906166077 0.38423413038253784
0.38770899176597595 0.3848634660243988
0.38754990696907043 0.44505128264427185
0.38746288418769836 0.3942011892795563
0.3855597972869873 0.4019751250743866
0.38739898800849915 0.386555552482605
0.38513538241386414 0.3793282210826874
0.38642260432243347 0.3840964734554291
0.38389837741851807 0.3893757164478302
0.38646307587623596 0.3893052637577057
0.38539689779281616 0.3816469609737396
0.3854956030845642 0.37829238176345825
0.3852943778038025 0.407694548368454
0.3862721621990204 0.39883631467819214
0.384297251701355 0.3949774503707886
0.386938214302063 0.38780248165130615
0.3847736120223999 0.3983813524246216
0.3855927586555481 0.3787623941898346
0.38572436571121216 0.3979071378707886
0.38655799627304077 0.38753268122673035
0.3827008903026581 0.3886193037033081
0.38504889607429504 0.43238261342048645
0.38357654213905334 0.3984556496143341
0.3843836486339569 0.38749954104423523
0.382022887468338 0.4020662307739258
0.3825792372226715 0.37560510635375977
0.3816317915916443 0.38883674144744873
0.3821866512298584 0.38834860920906067
0.38208356499671936 0.3874814808368683
0.3817138671875 0.3806993365287781
0.37972575426101685 0.38057640194892883
0.3805379569530487 0.37539392709732056
0.38127800822257996 0.373335063457489
0.37864285707473755 0.37324345111846924
0.3806888163089752 0.39759302139282227
0.3805965781211853 0.41351553797721863
0.3808055520057678 0.3825552761554718
0.3785019516944885 0.4010560214519501
0.37921974062919617 0.3715096414089203
0.3779013752937317 0.3929213285446167
0.3782305121421814 0.3712442219257355
0.3780485987663269 0.3724238872528076
0.37847790122032166 0.3740670084953308
0.37879785895347595 0.37772348523139954
0.37749674916267395 0.3841763734817505
0.37887129187583923 0.37390437722206116
0.37879735231399536 0.3700794279575348
0.3780685067176819 0.4252539873123169
0.37795141339302063 0.3790661692619324
0.37918394804000854 0.3954766094684601
0.3780655860900879 0.3760356605052948
0.3778136372566223 0.3889736831188202
0.3770793378353119 0.3806358873844147
0.3776460289955139 0.3836338222026825
0.3766125738620758 0.3705056607723236
0.37580764293670654 0.3786630928516388
0.3758406639099121 0.3811801075935364
0.3747479319572449 0.3739839494228363
0.37736934423446655 0.3911805748939514
0.3752613663673401 0.3751281499862671
0.37563803791999817 0.3890957832336426
0.3753935992717743 0.3881991505622864
0.3754991292953491 0.39251548051834106
0.3756842613220215 0.38166701793670654
0.3744513690471649 0.3723459541797638
0.3749430179595947 0.36811208724975586
0.37332895398139954 0.3879832625389099
0.373822420835495 0.37641528248786926
0.3760388493537903 0.3729376792907715
0.3735582232475281 0.38051506876945496
0.3739367723464966 0.37627407908439636
0.3734041452407837 0.368930459022522
0.37347689270973206 0.36829736828804016
0.37468257546424866 0.3756198585033417
0.37461552023887634 0.37998268008232117
0.3740486800670624 0.3998746871948242
0.37363022565841675 0.3696666955947876
0.3731194734573364 0.3668329417705536
0.3737444579601288 0.37540844082832336
0.3728139102458954 0.41599148511886597
0.372776061296463 0.3764401972293854
0.37280040979385376 0.3736841082572937
0.3724462389945984 0.4042356014251709
0.37187469005584717 0.36849263310432434
0.37175068259239197 0.37416738271713257
0.37142661213874817 0.3705635666847229
0.372218519449234 0.3713471591472626
0.37177199125289917 0.36682820320129395
0.3713473379611969 0.37951505184173584
0.3728845417499542 0.3761185109615326
0.372488409280777 0.3926362097263336
0.37361347675323486 0.409153014421463
0.37155115604400635 0.3729965090751648
0.3693734109401703 0.375336617231369
0.37002304196357727 0.3842011094093323
0.3707653284072876 0.3822166919708252
0.3690716326236725 0.37028297781944275
0.3716042637825012 0.39619365334510803
0.37135040760040283 0.3823547065258026
0.3707418739795685 0.3715527653694153
0.36936047673225403 0.39425957202911377
0.3695196807384491 0.3637966513633728
0.36988916993141174 0.36533689498901367
0.36979398131370544 0.3680334687232971
0.37080642580986023 0.3726217448711395
0.3700158894062042 0.38803234696388245
0.3701191544532776 0.3922930955886841
0.3698967695236206 0.3706974685192108
0.36955496668815613 0.3795950412750244
0.3692152798175812 0.3647432327270508
0.36944591999053955 0.3744850158691406
0.3698335289955139 0.3699291944503784
0.36871159076690674 0.36643731594085693
0.3703030049800873 0.3851718306541443
0.3686259090900421 0.3808790147304535
0.3700379431247711 0.41931968927383423
0.37000250816345215 0.37343698740005493
0.3687952160835266 0.3745267689228058
0.3706554174423218 0.3909825384616852
0.3682945668697357 0.36850014328956604
0.36960193514823914 0.3877212703227997
0.3682819902896881 0.38021767139434814
0.3694781959056854 0.37391725182533264
0.36926501989364624 0.37682271003723145
0.36832889914512634 0.3931151330471039
0.36914220452308655 0.3647192716598511
0.3684069514274597 0.36428022384643555
0.36685308814048767 0.3729499578475952
0.36714670062065125 0.3741728961467743
0.3679744005203247 0.3790910243988037
0.3664933145046234 0.36430105566978455
0.36777397990226746 0.393913596868515
0.36809051036834717 0.38112977147102356
0.36747342348098755 0.36600321531295776
0.36729705333709717 0.4156608283519745
0.3666810989379883 0.38975271582603455
0.3673246502876282 0.37180668115615845
0.36667728424072266 0.3721582293510437
0.36800894141197205 0.39735230803489685
0.36747559905052185 0.38803985714912415
0.36589470505714417 0.373006671667099
0.3666667938232422 0.4018196165561676
0.36646148562431335 0.3693280816078186
0.3664598762989044 0.3674725592136383
0.36777395009994507 0.3714340031147003
0.36599549651145935 0.36514097452163696
0.36615973711013794 0.3788309693336487
0.3661843538284302 0.3669765293598175
0.36588388681411743 0.38233983516693115
0.3664153814315796 0.3720661401748657
0.3661479651927948 0.38326358795166016
0.3650899827480316 0.3820740878582001
0.3663930892944336 0.3621193468570709
0.3650732934474945 0.37096118927001953
0.36577144265174866 0.38982588052749634
0.3657017648220062 0.38113147020339966
0.3664627969264984 0.37787091732025146
0.36565688252449036 0.39367902278900146
0.365879088640213 0.37507927417755127
0.366357684135437 0.36724236607551575
0.3639277517795563 0.39150315523147583
0.3644443452358246 0.36858370900154114
0.36583033204078674 0.3733550012111664
0.36503735184669495 0.36488044261932373
0.364413321018219 0.37007319927215576
0.36396127939224243 0.36443349719047546
0.36485522985458374 0.3718142807483673
0.3651273548603058 0.3664667308330536
0.3640443682670593 0.3735971748828888
0.36421826481819153 0.3664502799510956
0.36429762840270996 0.36969438195228577
0.363794207572937 0.3868957459926605
0.3633628785610199 0.3794156610965729
0.36410391330718994 0.36370736360549927
0.36439213156700134 0.3776393234729767
0.36335673928260803 0.3693241477012634
0.36377573013305664 0.3729281723499298
0.363828182220459 0.3750389516353607
0.36354219913482666 0.3818407952785492
0.3638667166233063 0.3735406994819641
0.3640427589416504 0.37065258622169495
0.3642715513706207 0.3800531029701233
0.3632662296295166 0.36865562200546265
0.3636976480484009 0.37314721941947937
0.3633610010147095 0.3724507689476013
0.3633389174938202 0.3643012046813965
0.36507469415664673 0.426548570394516
0.362448513507843 0.3897187113761902
0.3633306622505188 0.3677089512348175
0.36336174607276917 0.36275628209114075
0.3628944456577301 0.3709005117416382
0.3625979721546173 0.3722500205039978
0.36279362440109253 0.39339789748191833
0.3621050715446472 0.36683475971221924
0.3621917963027954 0.36918237805366516
0.3618641495704651 0.36498990654945374
0.36250749230384827 0.3724534809589386
0.36150500178337097 0.3670996129512787
0.3615821897983551 0.3653155267238617
0.36114028096199036 0.36651313304901123
0.3622971475124359 0.365703821182251
0.3622265160083771 0.36987534165382385
0.3619977831840515 0.3745311498641968
0.3618336021900177 0.3656604290008545
0.3617176413536072 0.36649802327156067
0.36162519454956055 0.3760569393634796
0.3613530397415161 0.36327028274536133
0.36160269379615784 0.38493576645851135
0.36155158281326294 0.36160197854042053
0.36105579137802124 0.37386277318000793
0.3620682656764984 0.36760184168815613
0.361735463142395 0.3683563768863678
0.36159881949424744 0.36882248520851135
0.36141037940979004 0.37481164932250977
0.3606983721256256 0.38483330607414246
0.3606738746166229 0.3741442859172821
0.3621409833431244 0.36406978964805603
0.3613274097442627 0.3669653534889221
0.36212456226348877 0.3762548863887787
0.3622058629989624 0.364484578371048
0.36024877429008484 0.36577147245407104
0.3619498908519745 0.36519309878349304
0.3619738817214966 0.37261292338371277
0.36065495014190674 0.3788723945617676
0.3624602258205414 0.3804781138896942
0.3603109121322632 0.3625546991825104
0.36103278398513794 0.36423906683921814
0.36026498675346375 0.3781692087650299
0.3602863550186157 0.3761860728263855
0.3593725860118866 0.37853288650512695
0.3605055510997772 0.3602606952190399
0.3600652515888214 0.3614289164543152
0.360051691532135 0.36149007081985474
0.3605422377586365 0.3916081488132477
0.3589719831943512 0.35990390181541443
0.35883283615112305 0.37204280495643616
0.3595300018787384 0.37599626183509827
0.3603936433792114 0.36501455307006836
0.3591160774230957 0.3761955201625824
0.35926055908203125 0.36436864733695984
0.3591178357601166 0.36543694138526917
0.35844165086746216 0.36464452743530273
0.3596939742565155 0.3597240149974823
0.35910022258758545 0.3607472777366638
0.3590545356273651 0.362871915102005
0.3595525622367859 0.3643931448459625
0.36069169640541077 0.3896392583847046
0.3589378893375397 0.364386647939682
0.35920122265815735 0.36491918563842773
0.35814616084098816 0.37081411480903625
0.36052873730659485 0.3807567059993744
0.35834503173828125 0.3772422671318054
0.3596484661102295 0.37661799788475037
0.3585056662559509 0.38654908537864685
0.35901501774787903 0.3707652986049652
0.3593389689922333 0.38783976435661316
0.3603729009628296 0.3600151836872101
0.35911208391189575 0.364770770072937
0.35881513357162476 0.3635214567184448
0.3586660325527191 0.36276984214782715
0.35884928703308105 0.37956199049949646
0.35788413882255554 0.3593781292438507
0.3582134246826172 0.36531999707221985
0.35732048749923706 0.3630135953426361
0.35851889848709106 0.3755210340023041
0.3570890426635742 0.36981675028800964
0.3576061427593231 0.366310715675354
0.35724130272865295 0.3857578933238983
0.35766875743865967 0.38829684257507324
0.3573470115661621 0.36634668707847595
0.35614827275276184 0.3573528826236725
0.3578784763813019 0.36240583658218384
0.35728490352630615 0.3750992715358734
0.35634657740592957 0.3648316264152527
0.35725969076156616 0.36540254950523376
0.3569902777671814 0.36116644740104675
0.3582722842693329 0.3637861907482147
0.357646644115448 0.3671596646308899
0.3570191264152527 0.3632878363132477
0.35621896386146545 0.3624646067619324
0.3573794662952423 0.3958132863044739
0.357133686542511 0.3607417643070221
0.35729390382766724 0.3716352581977844
0.3573402762413025 0.3648119568824768
0.3570047914981842 0.36529120802879333
0.3567299246788025 0.3841572105884552
0.357656866312027 0.3594585657119751
0.3574015200138092 0.3690665662288666
0.35746580362319946 0.3640761077404022
0.3563935160636902 0.3828369677066803
