1.4910720586776733 1.5228745937347412
1.4790717363357544 1.4995275735855103
1.4778028726577759 1.4990344047546387
1.4768519401550293 1.5007667541503906
1.4760853052139282 1.501494288444519
1.3596200942993164 1.311627745628357
1.2580238580703735 1.2702821493148804
1.2367178201675415 1.2485398054122925
1.2269939184188843 1.2456709146499634
1.2151954174041748 1.2244435548782349
1.1981936693191528 1.2092291116714478
1.189724087715149 1.2082549333572388
1.181936502456665 1.1881754398345947
1.1057980060577393 0.9342670440673828
0.8149425983428955 0.7150486707687378
0.7114150524139404 1.7045221328735352
0.6927638053894043 0.633489727973938
0.6245105266571045 0.6083506345748901
0.577531099319458 0.5557045340538025
0.5614001154899597 0.5463610291481018
0.5651726722717285 0.5430263876914978
0.5932472348213196 1.5021841526031494
0.6119422316551208 0.5369852185249329
0.529647707939148 0.5624880790710449
0.5185964703559875 0.5149574279785156
0.5145745873451233 0.5242429971694946
0.5063417553901672 0.5035357475280762
0.5088288187980652 0.5074973702430725
0.623533308506012 0.5033571124076843
0.49233755469322205 0.4806860089302063
0.44768181443214417 0.4458141624927521
0.4333212673664093 0.41681990027427673
0.42589324712753296 0.4168586730957031
0.414404034614563 0.4669642150402069
0.4070219099521637 0.41762739419937134
0.3987971544265747 0.38680481910705566
0.39487162232398987 0.38465598225593567
0.3853549063205719 0.4724910259246826
0.3882715106010437 0.393795907497406
0.3852331042289734 0.37474870681762695
0.37788331508636475 0.4011572003364563
0.373749703168869 0.38092362880706787
0.3720998466014862 0.36233893036842346
0.369169145822525 0.37629106640815735
0.37092477083206177 0.37628576159477234
0.3661822974681854 0.3797754645347595
0.38197061419487 0.3683658242225647
0.36415427923202515 0.42217063903808594
0.7045451998710632 0.5185535550117493
0.4381965696811676 0.37459689378738403
0.3713723421096802 0.38071563839912415
0.3658958971500397 0.3768918216228485
0.3616507351398468 0.3615858852863312
0.36563462018966675 0.3560205399990082
0.35925164818763733 0.4093661308288574
0.3604167699813843 0.38037770986557007
0.3589897155761719 0.3537738025188446
0.3570951521396637 0.36254599690437317
0.3546918034553528 0.3564928472042084
0.35636839270591736 0.3643835783004761
0.354460209608078 0.38115420937538147
0.35843226313591003 0.3765937387943268
0.3516775071620941 0.35129958391189575
0.3525087237358093 0.35833051800727844
0.3518475592136383 0.35154545307159424
0.35636597871780396 0.34284067153930664
0.3489969074726105 0.34503069519996643
0.3502548635005951 0.37853577733039856
0.3494250476360321 0.3449757397174835
0.349211186170578 0.3412705659866333
0.3485393822193146 0.3628612458705902
0.3484339416027069 0.34702566266059875
0.3491467833518982 0.3572610914707184
0.34612759947776794 0.38728153705596924
0.3454588055610657 0.34057605266571045
0.34356534481048584 0.336017370223999
0.3456794023513794 0.34517860412597656
0.34421148896217346 0.3418497145175934
0.3431214392185211 0.33579501509666443
0.3422662019729614 0.3496242165565491
0.34346988797187805 0.351213276386261
0.3434603214263916 0.3357369303703308
0.3411423861980438 0.34822535514831543
0.3421674072742462 0.34309321641921997
0.34291136264801025 0.35104256868362427
0.34243977069854736 0.34043142199516296
0.3413904011249542 0.3477686941623688
0.34262552857398987 0.3413344919681549
0.3393944501876831 0.3392728865146637
0.34145453572273254 0.3518509268760681
0.3395841121673584 0.36857870221138
0.3397349715232849 0.3354026675224304
0.340192049741745 0.3390071392059326
0.33887940645217896 0.3502296507358551
0.3395902216434479 0.3417271673679352
0.3396679162979126 0.33512112498283386
0.33801549673080444 0.3458039164543152
0.3367599844932556 0.4166097640991211
0.33722540736198425 0.3355408310890198
0.3381509482860565 0.3526429533958435
0.336772620677948 0.33795398473739624
0.33827173709869385 0.33447152376174927
0.33614426851272583 0.3744657039642334
0.3366107940673828 0.3445049524307251
0.33486664295196533 0.3501075804233551
0.33488550782203674 0.33962395787239075
0.33478257060050964 0.3374640643596649
0.3351878523826599 0.34060725569725037
0.3357323408126831 0.32827556133270264
0.3343085050582886 0.34271714091300964
0.3342720866203308 0.3324969708919525
0.3329591155052185 0.34203362464904785
0.33496519923210144 0.3754914104938507
0.33571505546569824 0.3300740122795105
0.33400505781173706 0.3324669599533081
0.33350759744644165 0.34315401315689087
0.3330046534538269 0.3859653174877167
0.33383169770240784 0.32962295413017273
0.3779631555080414 1.3922673463821411
1.0305627584457397 0.8231182098388672
0.6411674618721008 0.6481423377990723
0.5570488572120667 0.5695628523826599
0.5369852185249329 0.5314971208572388
0.5107126235961914 0.5104157328605652
0.4866357743740082 0.4928929805755615
0.7880076169967651 1.3337308168411255
0.7513566613197327 0.5622569918632507
0.4960743486881256 0.4898490011692047
0.46440523862838745 0.4721135199069977
0.4479159414768219 0.45956146717071533
0.43462035059928894 0.4209580719470978
0.42053890228271484 0.4237135946750641
0.41192251443862915 0.41274285316467285
0.40232053399086 0.3969990015029907
0.39327308535575867 0.4025745987892151
0.39418622851371765 0.389504075050354
0.38470032811164856 0.37683001160621643
0.382423996925354 0.37800174951553345
0.37775009870529175 0.374018132686615
0.37480536103248596 0.3877471089363098
0.37572988867759705 0.37642499804496765
0.3700147271156311 0.372457891702652
0.3694577217102051 0.36640745401382446
0.36604470014572144 0.35951438546180725
0.36544492840766907 0.3626781404018402
0.3615339696407318 0.35759437084198
0.36129188537597656 0.4570056200027466
0.3610959053039551 0.3610972464084625
0.3582477271556854 0.37060078978538513
0.35684505105018616 0.36150607466697693
0.35658562183380127 0.3883659839630127
0.3551325500011444 0.356174111366272
0.35328835248947144 0.3513471186161041
0.35219424962997437 0.3610450327396393
0.3503747582435608 0.346687912940979
0.3503150939941406 0.3629078269004822
0.3480995297431946 0.3755626380443573
0.3489069640636444 0.382592111825943
0.34565970301628113 0.34530460834503174
0.3449482023715973 0.349730521440506
0.3444463610649109 0.3407420814037323
0.3441069424152374 0.3442560136318207
0.3426388204097748 0.37714701890945435
0.34320980310440063 0.3611258864402771
0.3417072892189026 0.34636446833610535
0.34187155961990356 0.3543489873409271
0.341977059841156 0.3679705262184143
0.3409479558467865 0.34815895557403564
0.3397502601146698 0.344831258058548
0.33882856369018555 0.33925527334213257
0.33801108598709106 0.33866792917251587
0.338746577501297 0.3488222360610962
0.3389715552330017 0.3433488607406616
0.3386777341365814 0.3354516327381134
0.33690524101257324 0.346950888633728
0.337644100189209 0.3459978699684143
0.3350507915019989 0.34640803933143616
0.33640405535697937 0.3500850796699524
0.33591562509536743 0.3582696318626404
0.33535411953926086 0.33635061979293823
0.3350387513637543 0.34097662568092346
0.3351132273674011 0.33847102522850037
0.33451882004737854 0.34250518679618835
0.3337264358997345 0.349362850189209
0.3337266147136688 0.3497158885002136
0.3331769108772278 0.3465583324432373
0.33347827196121216 0.35793477296829224
0.3334493637084961 0.34590867161750793
0.33296266198158264 0.3353128135204315
0.33153343200683594 0.3629843294620514
0.33331987261772156 0.3418222963809967
0.3312026262283325 0.3460177183151245
0.3316395580768585 0.3584243059158325
0.3317092955112457 0.34979626536369324
0.3300134241580963 0.3383345901966095
0.3306121230125427 0.3326055407524109
0.33024537563323975 0.3312968313694
0.3293614387512207 0.3393179774284363
0.328949511051178 0.34049493074417114
0.33086881041526794 0.3424491882324219
0.3300200402736664 0.3475821912288666
0.32826128602027893 0.332480788230896
0.32807570695877075 0.3546176254749298
0.3290219008922577 0.3504229784011841
0.3279308080673218 0.32954177260398865
0.32760927081108093 0.3450925350189209
0.3281726539134979 0.33583489060401917
0.3273327350616455 0.33403879404067993
0.3277134299278259 0.33218932151794434
0.3276793956756592 0.33508121967315674
0.32722207903862 0.33722805976867676
0.3269626796245575 0.33888667821884155
0.32610419392585754 0.3506081700325012
0.32616910338401794 0.3446064591407776
0.3268183767795563 0.3327426314353943
0.32590118050575256 0.33712396025657654
0.3241595923900604 0.36948779225349426
0.32531604170799255 0.36802032589912415
0.32462820410728455 0.3288952708244324
0.3244952857494354 0.34194448590278625
0.32403653860092163 0.33020827174186707
0.3243408799171448 0.33458220958709717
0.3245471119880676 0.400433212518692
0.3246760666370392 0.3322359323501587
0.32431772351264954 0.33695152401924133
0.32380780577659607 0.3228667080402374
0.3238963186740875 0.334040105342865
0.32402220368385315 0.32711201906204224
0.32226207852363586 0.3283866047859192
0.3239791989326477 0.3356976807117462
0.3225643038749695 0.3240557014942169
0.32192930579185486 0.33219680190086365
0.32237425446510315 0.34475114941596985
0.321109414100647 0.33729425072669983
0.32089483737945557 0.3259928524494171
0.3206402361392975 0.32858389616012573
0.3211226761341095 0.3230815827846527
0.32120826840400696 0.36167994141578674
0.3212434947490692 0.3382192850112915
0.31899866461753845 0.32214945554733276
0.3188135027885437 0.33987054228782654
0.319302499294281 0.3202514946460724
0.3187323212623596 0.31744256615638733
0.31827279925346375 0.3288581073284149
0.31957384943962097 0.33232611417770386
0.3184170126914978 0.3499007225036621
0.3169578015804291 0.31756076216697693
0.3171795606613159 0.3240970969200134
0.3162648677825928 0.3161228895187378
0.31510066986083984 0.3431985378265381
0.3156336843967438 0.33150383830070496
0.3154608905315399 0.3615550994873047
0.31590577960014343 0.3214503526687622
0.315167099237442 0.3179369270801544
0.31426823139190674 0.3258683979511261
0.31505197286605835 0.3315444886684418
0.3135984241962433 0.31960052251815796
0.3125362992286682 0.3142087757587433
0.31323978304862976 0.3379612863063812
0.3123778700828552 0.32714182138442993
0.3137650191783905 0.3285699486732483
0.31301072239875793 0.3445776700973511
0.3132856488227844 0.31670546531677246
0.3120019733905792 0.31399181485176086
0.3127269744873047 0.3248324990272522
0.3108121156692505 0.3136870861053467
0.3101547956466675 0.31584081053733826
0.31203019618988037 0.3619757890701294
0.31000134348869324 0.32944297790527344
0.3100730776786804 0.31419965624809265
0.31023526191711426 0.3178989589214325
0.30849647521972656 0.31104031205177307
0.31035923957824707 0.3241572678089142
0.3101356625556946 0.31228330731391907
0.3099839687347412 0.31959640979766846
0.3079385757446289 0.3103625476360321
0.3095685839653015 0.31317809224128723
0.30884942412376404 0.32331183552742004
0.3083080053329468 0.31562331318855286
0.30809473991394043 0.3129064738750458
0.30679404735565186 0.315262109041214
0.30723094940185547 0.3207326829433441
0.30723074078559875 0.31157177686691284
0.3069774806499481 0.31699803471565247
0.30721285939216614 0.31257128715515137
0.30497854948043823 0.31138548254966736
0.30566465854644775 0.3245246708393097
0.3051944673061371 0.3150623142719269
0.3063664138317108 0.3123828172683716
0.3052838146686554 0.30594727396965027
0.3061337172985077 0.3199499845504761
0.30522415041923523 0.3407704830169678
0.30446961522102356 0.30507344007492065
0.30455952882766724 0.3385464549064636
0.30359023809432983 0.3246780037879944
0.30364975333213806 0.3310048282146454
0.30489975214004517 0.31772276759147644
0.30294644832611084 0.3147325813770294
0.30407875776290894 0.3315916359424591
0.3045075237751007 0.31373539566993713
0.30269965529441833 0.30376073718070984
0.30392301082611084 0.3098301589488983
0.3038937747478485 0.34149837493896484
0.30460697412490845 0.3104807138442993
0.303483784198761 0.311448335647583
0.3021647334098816 0.3155233561992645
0.30333995819091797 0.30337953567504883
0.303171843290329 0.3106735646724701
0.30220216512680054 0.3134239614009857
0.3011876046657562 0.3052894175052643
0.30238834023475647 0.32183176279067993
0.3021160364151001 0.30580106377601624
0.302077978849411 0.36758285760879517
0.301262766122818 0.3143075704574585
0.30100998282432556 0.2995646595954895
0.30126845836639404 0.35224583745002747
0.30243510007858276 0.32275381684303284
0.3011888861656189 0.3160925805568695
0.30073219537734985 0.33695387840270996
0.3007786273956299 0.3914901316165924
0.300169438123703 0.3112528324127197
0.301081120967865 0.3246265947818756
0.30132758617401123 0.3466961085796356
0.30046775937080383 0.3256200850009918
0.30068686604499817 0.3096643090248108
0.29993781447410583 0.3598928451538086
0.30075836181640625 0.35566988587379456
0.30009064078330994 0.3027704358100891
0.2993578016757965 0.30308905243873596
0.29992470145225525 0.31672167778015137
0.300803005695343 0.34154069423675537
0.2988744080066681 0.3103022277355194
0.3000694513320923 0.3175871670246124
0.29950326681137085 0.2974809408187866
0.2990022897720337 0.303500771522522
0.2995103895664215 0.31361761689186096
0.29982712864875793 0.30104416608810425
0.2985021770000458 0.30809256434440613
0.29864180088043213 0.3190608620643616
0.29770317673683167 0.3151533603668213
0.2987196147441864 0.31824731826782227
0.2977553904056549 0.3042156398296356
0.29778316617012024 0.34044596552848816
0.29804879426956177 0.3046259880065918
0.2965374290943146 0.3182545602321625
0.2973717749118805 0.32704195380210876
0.2980397939682007 0.38407978415489197
0.29686784744262695 0.297678679227829
0.2978144884109497 0.3047008812427521
0.29688653349876404 0.32442131638526917
0.29673412442207336 0.32441043853759766
0.2975928485393524 0.32575270533561707
0.2969105541706085 0.3073861598968506
0.2959834635257721 0.3075041174888611
0.29665830731391907 0.3085673153400421
0.2957257032394409 0.30422887206077576
0.29675817489624023 0.3008493483066559
0.29460468888282776 0.29909268021583557
0.2967347204685211 0.3182160258293152
0.29651862382888794 0.3013113737106323
0.296664834022522 0.30284711718559265
0.29560142755508423 0.31750306487083435
0.29595550894737244 0.3109128177165985
0.2957368493080139 0.3152143359184265
0.2947644293308258 0.3075927495956421
0.29804402589797974 0.30615195631980896
0.2957521080970764 0.32830584049224854
0.2947573661804199 0.30483871698379517
0.29577741026878357 0.31231629848480225
0.29544422030448914 0.3163602352142334
0.29705336689949036 0.3081819415092468
0.2965875267982483 0.3174956142902374
0.2947075366973877 0.30623623728752136
0.2942627966403961 0.31264862418174744
0.29371437430381775 0.29788583517074585
0.29457542300224304 0.31101125478744507
0.29423531889915466 0.3103186786174774
0.2949979305267334 0.30121707916259766
0.294528067111969 0.31733059883117676
0.2950901985168457 0.30702969431877136
0.2947269082069397 0.3003283441066742
0.29464927315711975 0.30391615629196167
0.29415783286094666 0.3140929937362671
0.2929478883743286 0.3054979741573334
0.2929385304450989 0.3028440773487091
0.29425445199012756 0.35435453057289124
0.29393625259399414 0.3044544458389282
0.2938099205493927 0.31615737080574036
0.29334867000579834 0.3112756013870239
0.29420486092567444 0.30933067202568054
0.2935448884963989 0.2975896894931793
0.29352959990501404 0.32180437445640564
0.2925458550453186 0.3150034248828888
0.29334503412246704 0.3133556842803955
0.2921389043331146 0.33685922622680664
0.2936001718044281 0.3169719874858856
0.294222891330719 0.30824407935142517
0.29300010204315186 0.31577950716018677
0.29186391830444336 0.3118295967578888
0.2941272556781769 0.2969173789024353
0.291595458984375 0.30067333579063416
0.29095733165740967 0.30608808994293213
0.29116520285606384 0.30912211537361145
0.292634516954422 0.3049306869506836
0.2923136353492737 0.3334753215312958
0.2941257357597351 0.29943132400512695
0.29403236508369446 0.3027817904949188
0.29317760467529297 0.3211479187011719
0.2930430471897125 0.2955424189567566
0.29251453280448914 0.30300018191337585
0.2908618748188019 0.3025999367237091
0.29102009534835815 0.3305265009403229
0.29174625873565674 0.30318164825439453
0.29218071699142456 0.3130212426185608
0.29068809747695923 0.31706276535987854
0.29057759046554565 0.3093169033527374
0.29118701815605164 0.30319276452064514
0.29039061069488525 0.31372153759002686
0.29132285714149475 0.3732766807079315
0.29109492897987366 0.30460911989212036
0.2904440760612488 0.31930431723594666
0.2914600670337677 0.3253706991672516
0.29235559701919556 0.31692370772361755
0.2917990982532501 0.30645525455474854
0.28981468081474304 0.31477591395378113
0.2903096675872803 0.3089119791984558
0.29106441140174866 0.306831419467926
0.2915731966495514 0.34262728691101074
0.291251540184021 0.29975178837776184
0.29188868403434753 0.29718878865242004
0.2905847728252411 0.3032298684120178
0.29054296016693115 0.30371859669685364
0.2897714078426361 0.31163913011550903
0.28986304998397827 0.3254200220108032
0.29185086488723755 0.3134693205356598
0.29070019721984863 0.2951614260673523
0.2908794581890106 0.29749926924705505
0.29079076647758484 0.29776421189308167
0.28926151990890503 0.2988778054714203
0.29031920433044434 0.3011600077152252
0.2896331250667572 0.2999529540538788
0.2899211645126343 0.3232257664203644
0.289619505405426 0.3216555118560791
0.28955182433128357 0.3021169602870941
0.28906717896461487 0.30269354581832886
0.2886646091938019 0.32080161571502686
0.2885489761829376 0.2971808612346649
0.2892211377620697 0.3106648921966553
0.29037195444107056 0.3014141917228699
0.2895338535308838 0.30073660612106323
0.28809815645217896 0.3014684319496155
0.28862300515174866 0.31698325276374817
0.2895255982875824 0.32642561197280884
0.2886838912963867 0.307066410779953
0.2887979745864868 0.3044973909854889
0.2882295846939087 0.30395397543907166
0.2896639406681061 0.3316586911678314
0.28947755694389343 0.30136838555336
0.28841879963874817 0.3239327371120453
0.2881923019886017 0.30749931931495667
0.28923046588897705 0.3079037070274353
0.288928359746933 0.3270031809806824
0.2872390151023865 0.3089650869369507
0.2877146899700165 0.2993627190589905
0.2883397936820984 0.2975504994392395
0.28992071747779846 0.313030868768692
0.28877928853034973 0.3143337070941925
0.28875499963760376 0.30576348304748535
0.28752702474594116 0.34267309308052063
0.2877412438392639 0.29741206765174866
0.2881098687648773 0.3092515468597412
0.2871069610118866 0.31099453568458557
0.28873494267463684 0.34007060527801514
0.2882634401321411 0.32251042127609253
0.28802919387817383 0.3633439540863037
0.2877664566040039 0.3026895523071289
0.28908348083496094 0.29697805643081665
0.2880133092403412 0.3027397096157074
0.28643280267715454 0.35576844215393066
0.2874336242675781 0.3044678866863251
0.287112832069397 0.3568461537361145
0.28827792406082153 0.3241017460823059
0.2876512110233307 0.3447626531124115
0.2875141501426697 0.3402368128299713
0.287369966506958 0.3049279451370239
0.287289559841156 0.29671478271484375
0.28656208515167236 0.32442164421081543
0.28815993666648865 0.29812395572662354
0.2872927784919739 0.3058447241783142
0.2876047194004059 0.3015950918197632
0.28704604506492615 0.3121156096458435
0.287351131439209 0.3064478933811188
0.2871297597885132 0.3121442496776581
0.28654995560646057 0.313728392124176
0.5787938833236694 0.6327404975891113
0.513773500919342 0.4771631956100464
0.44964316487312317 0.43187588453292847
0.41214004158973694 0.4023723006248474
0.38800206780433655 0.37116536498069763
0.3670707643032074 0.3497800827026367
