1.5070629119873047 1.5351015329360962
1.492396354675293 1.5366111993789673
1.4912524223327637 1.5358664989471436
1.4899227619171143 1.5343981981277466
1.4893629550933838 1.5347325801849365
1.488837480545044 1.535553216934204
1.4890965223312378 1.5343164205551147
1.4887950420379639 1.5344932079315186
1.4885252714157104 1.5347040891647339
1.4885520935058594 1.5350888967514038
1.488248348236084 1.535293698310852
1.4881175756454468 1.54066801071167
1.4880856275558472 1.534444808959961
1.4881086349487305 1.53887140750885
1.4880006313323975 1.5350836515426636
1.4879053831100464 1.5351755619049072
1.4879525899887085 1.5343070030212402
1.4877636432647705 1.5343595743179321
1.4877121448516846 1.5408825874328613
1.4880430698394775 1.534350037574768
1.4878342151641846 1.5363497734069824
1.4876415729522705 1.536291480064392
1.487847924232483 1.5366095304489136
1.4876530170440674 1.5343503952026367
1.4876513481140137 1.5344035625457764
1.4875438213348389 1.5346530675888062
1.4875816106796265 1.535926342010498
1.4876433610916138 1.5344806909561157
1.4876089096069336 1.5352070331573486
1.487551212310791 1.5343174934387207
1.4875093698501587 1.5343981981277466
1.4876675605773926 1.53432297706604
1.4874935150146484 1.5344305038452148
1.487585425376892 1.5353002548217773
1.487539529800415 1.5344492197036743
1.4874255657196045 1.534348726272583
1.487411618232727 1.5356131792068481
1.4875847101211548 1.5351977348327637
1.4874587059020996 1.534517526626587
1.4873827695846558 1.5347126722335815
1.4873684644699097 1.5358716249465942
1.4874955415725708 1.5367155075073242
1.4874876737594604 1.5359336137771606
1.4874430894851685 1.5382651090621948
1.4874083995819092 1.5348906517028809
1.4873788356781006 1.534364938735962
1.4872267246246338 1.5367114543914795
1.4874379634857178 1.5343149900436401
1.4873006343841553 1.5368709564208984
1.4873911142349243 1.5356478691101074
1.48719322681427 1.5343897342681885
1.487282395362854 1.5348721742630005
1.4872723817825317 1.5348381996154785
1.4872180223464966 1.5343244075775146
1.4872169494628906 1.5352474451065063
1.4871917963027954 1.5347398519515991
1.4872112274169922 1.5359960794448853
1.487315058708191 1.5343366861343384
1.4871655702590942 1.5359818935394287
1.4871106147766113 1.5345242023468018
1.4870673418045044 1.5353868007659912
1.4530065059661865 1.4678053855895996
1.419590711593628 1.461055874824524
1.4160534143447876 1.4573267698287964
1.4145041704177856 1.4579194784164429
1.4128062725067139 1.4551503658294678
1.4103375673294067 1.4513521194458008
1.402176856994629 1.4402626752853394
1.3951983451843262 1.4309067726135254
1.3668826818466187 1.3888415098190308
1.3077187538146973 1.2915730476379395
1.2249071598052979 1.1817768812179565
1.147365927696228 1.132867693901062
1.0805585384368896 1.1289308071136475
1.0419514179229736 1.0144965648651123
1.016260027885437 0.9991955161094666
0.9786933064460754 0.981080174446106
0.9563425779342651 0.9618244767189026
0.9326193332672119 0.9017924666404724
0.9157126545906067 0.8930320739746094
0.9016940593719482 0.8998223543167114
0.8850545883178711 1.0416417121887207
0.882623553276062 0.8798115253448486
0.8673052191734314 0.8454881310462952
0.862098753452301 0.8477029800415039
0.8632665276527405 0.867152750492096
0.8569737076759338 0.9219198226928711
0.8564556241035461 0.842097282409668
0.8553094267845154 0.8431867361068726
0.8516904711723328 0.9184170961380005
0.8497753143310547 0.8900864124298096
0.8491774797439575 0.8355585336685181
0.8478212356567383 0.8521614074707031
0.8437912464141846 0.8458406329154968
0.8428444266319275 0.8489329218864441
0.8420984148979187 0.8782790899276733
0.839542806148529 0.9698182344436646
0.8407759666442871 0.827246367931366
0.8378067016601562 0.8490126132965088
0.8371724486351013 0.8218801617622375
0.8352783918380737 0.8222613334655762
0.835928738117218 0.9240205883979797
0.8343168497085571 0.819351315498352
0.8367922306060791 0.8273718953132629
0.8359993696212769 0.8109385371208191
0.8344029784202576 0.817949116230011
0.8313585519790649 0.8512271642684937
0.8324990272521973 0.8312134146690369
0.8312890529632568 0.9268187880516052
0.8314523100852966 0.8140124082565308
0.8315054774284363 0.8282337188720703
0.8296337723731995 0.8137934803962708
0.8291175365447998 0.9330592751502991
0.8285444378852844 0.8602362275123596
0.8282168507575989 0.8130422234535217
0.8243670463562012 0.8079116940498352
0.8217313885688782 0.8124493956565857
0.8213170170783997 0.8850332498550415
0.8239595293998718 0.8183618783950806
0.8206750750541687 0.8712460994720459
0.8186975121498108 0.877724826335907
0.8165251016616821 0.8015424013137817
0.8171728253364563 0.8082542419433594
0.8114734292030334 0.819807767868042
0.8117043972015381 0.8904699087142944
0.811050534248352 0.7969577312469482
0.8100717663764954 0.928252637386322
0.8059312701225281 0.8942753672599792
0.8057336211204529 0.7988678812980652
0.8050997853279114 0.7902868390083313
0.8045099973678589 0.8238474726676941
0.8033661246299744 0.7975180745124817
0.8015530109405518 0.8758625388145447
0.8008118271827698 0.7863712906837463
0.8005727529525757 0.8036991357803345
0.8012828826904297 0.817490816116333
0.7993910312652588 0.7840008735656738
0.7965966463088989 0.7806519269943237
0.7974129915237427 0.7807937860488892
0.7931163907051086 0.7867725491523743
0.7919124960899353 0.7890193462371826
0.7924914956092834 0.7771170139312744
0.78815758228302 0.8432672619819641
0.7909080982208252 0.778209924697876
0.7876017689704895 0.7755306959152222
0.7860669493675232 0.7914957404136658
0.7857076525688171 0.7688631415367126
0.7849817276000977 0.766564667224884
0.782961905002594 0.7986992597579956
0.7840132117271423 0.8149168491363525
0.7849178314208984 0.7748724222183228
0.7790734171867371 0.7848102450370789
0.7805142998695374 0.7844827771186829
0.7792364358901978 0.8101850152015686
0.778920590877533 0.8171801567077637
0.776576042175293 0.7702962756156921
0.7763451933860779 0.7951967120170593
0.7729201316833496 0.8672757148742676
0.7783311605453491 0.79743492603302
0.7721986174583435 0.768140435218811
0.7738255858421326 0.8148458003997803
0.7681418657302856 0.7572033405303955
0.768391489982605 0.7826862931251526
0.7650548219680786 0.7755805850028992
0.7659075260162354 0.77782142162323
0.7651709914207458 0.7496464252471924
0.7605165243148804 0.803541362285614
0.760179877281189 0.7641103267669678
0.7610688209533691 0.772163450717926
0.7615047693252563 0.7594940066337585
0.758164644241333 0.8021025657653809
0.7555826902389526 0.7574245929718018
0.7552595138549805 0.8014084100723267
0.7575718760490417 0.7630946636199951
0.7520886063575745 0.7597050666809082
0.7562107443809509 0.7402833104133606
0.7504264116287231 0.7512069344520569
0.7515974640846252 0.7743435502052307
0.7496066093444824 0.8360726833343506
0.7479246854782104 0.7491500377655029
0.748127818107605 0.7343012094497681
0.7450722455978394 0.8025973439216614
0.7446736693382263 0.7390697598457336
0.7416874170303345 0.8058372139930725
0.7364668250083923 0.7451158761978149
0.769289493560791 0.7708633542060852
0.731080174446106 0.7190758585929871
0.7288946509361267 0.7065116167068481
0.7223999500274658 0.7736675143241882
0.7199702858924866 0.7029763460159302
0.7603039741516113 0.7563907504081726
0.7204684019088745 0.6978439688682556
0.7062427997589111 0.7452487945556641
0.7044562101364136 0.7388786673545837
0.6972002983093262 0.685827374458313
0.6959449648857117 0.691310703754425
0.6909731030464172 0.6721405982971191
0.6907232403755188 0.7207380533218384
0.686409056186676 0.7082451581954956
0.7386412024497986 0.6877459287643433
0.6829758286476135 0.6890164017677307
0.6815946698188782 0.7213168144226074
0.6776608228683472 0.7900828123092651
0.6823596954345703 0.6893399357795715
0.6742485165596008 0.6878041625022888
0.67262202501297 0.6763725280761719
0.6693150997161865 0.6544572114944458
0.6688398718833923 0.642598569393158
0.6668887734413147 0.6426315307617188
0.6612488627433777 0.6928536295890808
0.6578879952430725 0.7029434442520142
0.6592546105384827 0.6599077582359314
0.6568609476089478 0.6563712954521179
0.6528584957122803 0.6520018577575684
0.6525146961212158 0.6578028202056885
0.6489701867103577 0.6194307208061218
0.651099443435669 0.6667889356613159
0.6457532048225403 0.6724482178688049
0.6415413618087769 0.6170788407325745
0.6421666145324707 0.6424428820610046
0.6415594816207886 0.6139330863952637
0.6388201117515564 0.6694580316543579
0.6380985379219055 0.634510338306427
0.6344482898712158 0.6261809468269348
0.6333485245704651 0.6268783211708069
0.6321380734443665 0.6160534620285034
0.6324905157089233 0.6306121349334717
0.6290338039398193 0.6096474528312683
0.6290143132209778 0.6175293326377869
0.6271911859512329 0.6150001287460327
0.6242381930351257 0.6163674592971802
0.6226332187652588 0.6366961002349854
0.6215280890464783 0.6434536576271057
0.6209645867347717 0.6109830141067505
0.6159844398498535 0.6032922863960266
0.6149747967720032 0.5955060124397278
0.6158638000488281 0.5989457964897156
0.6148251295089722 0.6097635626792908
0.612450122833252 0.5959799289703369
0.6102172136306763 0.5972139835357666
0.6125935316085815 0.5971248149871826
0.6171474456787109 0.6444297432899475
0.6079978346824646 0.5938668251037598
0.6084228157997131 0.5892425179481506
0.6086081862449646 0.5993784666061401
0.6063342690467834 0.5846720933914185
0.6019881367683411 0.6041699647903442
0.6035625338554382 0.6152840256690979
0.6026518940925598 0.5934543013572693
0.6029354333877563 0.6177135705947876
0.6006881594657898 0.5843162536621094
0.5979120135307312 0.610144317150116
0.5980136394500732 0.611668586730957
0.5995417833328247 0.5881328582763672
0.5965547561645508 0.6247613430023193
0.5959101319313049 0.5828375816345215
0.5924189686775208 0.5861256122589111
0.5927138328552246 0.5862720012664795
0.5928602814674377 0.5905297994613647
0.5911871194839478 0.5770214796066284
0.5886714458465576 0.617959201335907
0.5907294750213623 0.573805570602417
0.5899673700332642 0.5653683543205261
0.6129907965660095 0.60064697265625
0.5895255208015442 0.6659513711929321
0.5865448713302612 0.5832903981208801
0.5869587063789368 0.5698907971382141
0.5855371356010437 0.5649098753929138
0.5822795629501343 0.5681416392326355
0.587580680847168 0.5831975936889648
0.5813568234443665 0.5781108140945435
0.5816537737846375 0.5589327216148376
0.5819705724716187 0.6165286302566528
0.5834123492240906 0.5875864028930664
0.5879715085029602 0.5615862607955933
0.5797958374023438 0.5661861896514893
0.577990710735321 0.622637927532196
0.5806759595870972 0.5594828724861145
0.5842098593711853 0.5705824494361877
0.5763596296310425 0.5660790801048279
0.5792160630226135 0.6065543293952942
0.5743137001991272 0.6418836712837219
0.5779276490211487 0.5787501931190491
0.5758845210075378 0.6146464347839355
0.5721422433853149 0.567470908164978
0.5776728391647339 0.5792523622512817
0.5729659199714661 0.59942227602005
0.5699705481529236 0.5478643178939819
0.5702919960021973 0.5828798413276672
0.5702048540115356 0.5791096687316895
0.5684842467308044 0.5669531226158142
0.5677077174186707 0.5498251914978027
0.5676201581954956 0.5565547943115234
0.6724929213523865 0.6518422961235046
0.6181690692901611 0.612328052520752
0.5968000888824463 0.5792907476425171
0.5901840925216675 0.6060625910758972
0.58153235912323 0.5861722230911255
0.9311115145683289 0.6958850026130676
0.6303985714912415 0.5819088220596313
0.6919800639152527 0.6270604729652405
0.5826629996299744 0.5864905714988708
0.5758814215660095 0.6516392827033997
0.5710238814353943 0.5980381965637207
0.5880078077316284 0.6007592082023621
0.5806914567947388 0.6067253947257996
0.5660033226013184 0.5518646240234375
0.5658903121948242 0.5502204895019531
0.5638223886489868 0.5740185976028442
0.5639889240264893 0.5577330589294434
0.5610417723655701 0.5502457022666931
0.7264675498008728 0.6202393174171448
0.5674881339073181 0.5596578121185303
0.5608803033828735 0.541214644908905
0.5551953911781311 0.5467538833618164
0.5541636347770691 0.5947034955024719
0.5538844466209412 0.5342134833335876
0.5542058944702148 0.5660544633865356
0.5558127760887146 0.6397395133972168
0.5506585240364075 0.5510509014129639
0.5529251098632812 0.5492472648620605
0.5526282787322998 0.5370336771011353
0.5493555665016174 0.5455752611160278
0.5506098866462708 0.5673438310623169
0.5443450808525085 0.5730794072151184
0.5472407937049866 0.6719658374786377
0.541323184967041 0.5315094590187073
0.5425290465354919 0.5220203399658203
0.5412758588790894 0.5259145498275757
0.5401599407196045 0.5507117509841919
0.538185715675354 0.5650333166122437
0.5380188226699829 0.5394740700721741
0.5361848473548889 0.5320595502853394
0.5340297222137451 0.5309532284736633
0.5325897336006165 0.5149626135826111
0.5317580103874207 0.5125123262405396
0.5288220047950745 0.5186864137649536
0.5298570990562439 0.5058518052101135
0.5294883847236633 0.5141428112983704
0.5286169648170471 0.5323305130004883
0.5263110995292664 0.5072562098503113
0.5261115431785583 0.5111669301986694
0.5266773104667664 0.6209348440170288
0.5222792625427246 0.5306382179260254
0.5239478945732117 0.5476126074790955
0.5238786339759827 0.5157521367073059
0.5224703550338745 0.5021405816078186
0.5199761390686035 0.5338170528411865
0.5179904103279114 0.5289388298988342
0.5174523591995239 0.5608009099960327
0.5149813890457153 0.5203112959861755
0.5158668160438538 0.5008586049079895
0.5150376558303833 0.5122501850128174
0.5149179100990295 0.5207072496414185
0.514626145362854 0.5312241911888123
0.5135137438774109 0.5189082026481628
0.51240473985672 0.5373197197914124
0.5127161145210266 0.5189487934112549
0.5098032355308533 0.5137827396392822
0.5098750591278076 0.5508408546447754
0.5100656151771545 0.497517853975296
0.5073858499526978 0.6537581086158752
0.5080260038375854 0.48803195357322693
0.5076662302017212 0.49467238783836365
0.5059048533439636 0.5407506227493286
0.5060135126113892 0.4922623932361603
0.5053410530090332 0.49334007501602173
0.5043736696243286 0.5191351771354675
0.5032464861869812 0.4961593449115753
0.5042133927345276 0.49606969952583313
0.501788318157196 0.49411290884017944
0.5002555251121521 0.4837956130504608
0.49932605028152466 0.5391280651092529
0.4998811185359955 0.4951314330101013
0.4962719976902008 0.5248052477836609
0.49849510192871094 0.49711042642593384
0.4955461919307709 0.5450647473335266
0.49618133902549744 0.5052498579025269
0.4947229027748108 0.5045878887176514
0.49372801184654236 0.48648446798324585
0.49198117852211 0.49901631474494934
0.4924793541431427 0.5255367159843445
0.49186739325523376 0.4943668246269226
0.49091506004333496 0.47559213638305664
0.48954465985298157 0.5009108185768127
0.4898504614830017 0.5229252576828003
0.4887256920337677 0.4820765554904938
0.48762646317481995 0.4888964295387268
0.4886871874332428 0.49436113238334656
0.4852890074253082 0.48750999569892883
0.48550945520401 0.4850468039512634
0.4856314957141876 0.48936566710472107
0.48414453864097595 0.4669131934642792
0.48326632380485535 0.47010138630867004
0.4836794137954712 0.4733404517173767
0.4805454909801483 0.47760897874832153
0.48071596026420593 0.47500813007354736
0.4782671332359314 0.49909576773643494
0.4783938527107239 0.4703127145767212
0.47739407420158386 0.5011221766471863
0.4767369031906128 0.46881070733070374
0.475800484418869 0.4996188282966614
0.47595733404159546 0.49367058277130127
0.47445058822631836 0.49147024750709534
0.47528964281082153 0.4727557897567749
0.4737933576107025 0.4643939733505249
0.4727189242839813 0.4624360501766205
0.47308212518692017 0.493589848279953
0.4708474278450012 0.47196561098098755
0.4727713465690613 0.4662848114967346
0.4700668454170227 0.4635704457759857
0.4702451229095459 0.46228206157684326
0.46999508142471313 0.46006855368614197
0.46983328461647034 0.4715046286582947
0.468975305557251 0.46912533044815063
0.468150794506073 0.4728771448135376
0.46684348583221436 0.47084301710128784
0.4685475528240204 0.46426647901535034
0.46676239371299744 0.46288424730300903
0.46616509556770325 0.47180965542793274
0.4654565155506134 0.4644847512245178
0.463822603225708 0.4556494653224945
0.46530681848526 0.4642813205718994
0.4631882607936859 0.48349541425704956
0.4628782272338867 0.478168249130249
0.4635070264339447 0.4746721684932709
0.4641341269016266 0.46613338589668274
0.4628879427909851 0.46278756856918335
0.46158936619758606 0.4554395079612732
0.46185681223869324 0.4797725975513458
0.4624285101890564 0.5066400170326233
0.4617100656032562 0.4892948567867279
0.461637020111084 0.46136003732681274
0.46099504828453064 0.47047901153564453
0.46012812852859497 0.45401817560195923
0.4594493508338928 0.4529101848602295
0.4600156545639038 0.45641013979911804
0.45905622839927673 0.4634039103984833
0.4588588774204254 0.4517337381839752
0.45900946855545044 0.45159876346588135
0.4583203196525574 0.45051905512809753
0.45889657735824585 0.4882853627204895
0.45711472630500793 0.4536990225315094
0.45677074790000916 0.45824506878852844
0.4577223062515259 0.45731329917907715
0.45620808005332947 0.45465415716171265
0.45577093958854675 0.4910452663898468
0.4547845423221588 0.45023059844970703
0.45651519298553467 0.4775261878967285
0.45503079891204834 0.4485378563404083
0.45486146211624146 0.4586891233921051
0.45511603355407715 0.4488113820552826
0.45498892664909363 0.4547176957130432
0.4538479745388031 0.44842588901519775
0.45340731739997864 0.44815921783447266
0.45346328616142273 0.4842996299266815
0.45361462235450745 0.4506913125514984
0.4527311325073242 0.47909456491470337
0.4531908929347992 0.4519350230693817
0.451660692691803 0.4580248296260834
0.4523681402206421 0.45124804973602295
0.45143601298332214 0.456018328666687
0.45084935426712036 0.46359410881996155
0.45179498195648193 0.44481098651885986
0.4521167278289795 0.45264557003974915
0.45030057430267334 0.45169398188591003
0.4492703974246979 0.4741275906562805
0.4495611786842346 0.4429316222667694
0.4487904906272888 0.44746163487434387
0.4493558704853058 0.4630585014820099
0.44864094257354736 0.4498678147792816
0.4486725926399231 0.4607711732387543
0.4491860866546631 0.452336847782135
0.4484066069126129 0.45317065715789795
0.4470226764678955 0.44335171580314636
0.4477398693561554 0.44904178380966187
0.4492267370223999 0.45747071504592896
0.4461490213871002 0.45665082335472107
0.4464435577392578 0.4495455026626587
0.44648265838623047 0.44187259674072266
0.44665610790252686 0.45263832807540894
0.4460241198539734 0.45914405584335327
0.44521549344062805 0.44733718037605286
0.4458572566509247 0.45158424973487854
0.4462023079395294 0.4407862424850464
0.44588539004325867 0.44428306818008423
0.4456251561641693 0.4474741816520691
0.4457373321056366 0.44755738973617554
0.4452855885028839 0.4759220778942108
0.4440394341945648 0.442683607339859
0.44310322403907776 0.46310538053512573
0.44387388229370117 0.45461079478263855
0.4439977705478668 0.4423352777957916
0.4432034194469452 0.44013312458992004
0.4440639913082123 0.4638592600822449
0.44376739859580994 0.44455277919769287
0.4441889524459839 0.4397656321525574
0.44268593192100525 0.4617157578468323
0.44148191809654236 0.4419426918029785
0.4426709711551666 0.4431917667388916
0.44314879179000854 0.4402003586292267
0.44223758578300476 0.45418575406074524
0.44192951917648315 0.44771113991737366
0.44169074296951294 0.44066712260246277
0.44152677059173584 0.44416385889053345
0.4428998529911041 0.44077932834625244
0.44152262806892395 0.43799078464508057
0.44138574600219727 0.45444297790527344
0.44164714217185974 0.43743792176246643
0.4406301975250244 0.4672406315803528
0.44060301780700684 0.4342844486236572
0.44073158502578735 0.443772554397583
0.4404696226119995 0.4469105005264282
0.44011637568473816 0.44023317098617554
0.43991875648498535 0.4382137656211853
0.44011810421943665 0.4396015703678131
0.43978965282440186 0.474497526884079
0.43940967321395874 0.4403950572013855
0.4388335347175598 0.4344693124294281
0.4393216073513031 0.43646010756492615
0.4391796290874481 0.43641573190689087
0.43836724758148193 0.4454845190048218
0.43800780177116394 0.4455743730068207
0.43828290700912476 0.4624471068382263
0.43804025650024414 0.4440036416053772
0.4390847682952881 0.44689100980758667
0.4378297030925751 0.44084879755973816
0.43752536177635193 0.43743401765823364
0.439291387796402 0.4435228109359741
0.4382346272468567 0.43859830498695374
0.4372766315937042 0.43587446212768555
0.43632644414901733 0.47325456142425537
0.4372254014015198 0.4363538920879364
0.4378654956817627 0.43353086709976196
0.43700793385505676 0.471221387386322
0.4364584982395172 0.43632641434669495
0.43708112835884094 0.45618611574172974
0.43626800179481506 0.44793620705604553
0.43630683422088623 0.4427104890346527
0.4355703890323639 0.4404434263706207
0.4349134862422943 0.4320182800292969
0.4361385703086853 0.4463784694671631
0.4354814291000366 0.44179046154022217
0.4352242648601532 0.43707987666130066
0.4346340596675873 0.436320424079895
0.43490275740623474 0.431161105632782
0.4353120028972626 0.43611326813697815
0.4347744286060333 0.43558162450790405
0.43510738015174866 0.4371553957462311
0.4347761571407318 0.43800634145736694
0.4350818693637848 0.440386563539505
0.433999240398407 0.43170565366744995
0.4344142973423004 0.4379468858242035
0.43347156047821045 0.4378010034561157
0.43368592858314514 0.45409077405929565
0.43385928869247437 0.43520793318748474
0.4340074956417084 0.4370080530643463
0.4338304102420807 0.4322985112667084
0.43318018317222595 0.43159595131874084
0.4322933554649353 0.4682210087776184
0.4321019947528839 0.44160643219947815
0.4321006238460541 0.4285315275192261
0.43233489990234375 0.44505998492240906
0.43229883909225464 0.4302103817462921
0.431696355342865 0.4380097985267639
0.4316633939743042 0.4297434687614441
0.4316816031932831 0.4316428601741791
0.43192610144615173 0.4310922920703888
0.4317096471786499 0.4876946806907654
0.43229836225509644 0.43274417519569397
0.432140052318573 0.4572973847389221
0.43127062916755676 0.444133996963501
0.43069395422935486 0.43475455045700073
0.43059659004211426 0.446455717086792
0.43161723017692566 0.4349581003189087
0.4310551583766937 0.43289005756378174
0.4306003451347351 0.43305110931396484
0.4308939576148987 0.442236065864563
0.4314464032649994 0.44560667872428894
0.4303266406059265 0.4338023066520691
0.43034255504608154 0.43541190028190613
0.43081554770469666 0.43175193667411804
0.4301985204219818 0.4339979290962219
0.4293481111526489 0.438224196434021
0.4295462667942047 0.43511125445365906
0.42922502756118774 0.4339519739151001
0.42897477746009827 0.4304163455963135
0.4291464388370514 0.4364451766014099
0.42988964915275574 0.43012431263923645
0.42856839299201965 0.4332299530506134
0.4765893220901489 0.4402778744697571
0.4322358965873718 0.43698546290397644
0.42856642603874207 0.4291059076786041
0.4286533296108246 0.43160852789878845
0.428629606962204 0.4283088147640228
0.4283733665943146 0.4308661222457886
0.428501158952713 0.4305371940135956
0.4283651113510132 0.4279233515262604
0.4272726774215698 0.4360061287879944
0.42807281017303467 0.42824625968933105
0.42784634232521057 0.43157172203063965
0.42726224660873413 0.4298131465911865
0.4278307557106018 0.4569658637046814
0.42783525586128235 0.4294869303703308
0.42786911129951477 0.43483513593673706
0.4286063015460968 0.4445551037788391
0.4262911379337311 0.432157039642334
0.42653360962867737 0.43606534600257874
0.42688775062561035 0.4294048845767975
0.42695093154907227 0.43669593334198
0.4269753694534302 0.4316355884075165
0.42649710178375244 0.42776718735694885
0.4260586202144623 0.4245741367340088
0.4269647002220154 0.4310881495475769
0.425801157951355 0.4306187033653259
0.4256976246833801 0.43718719482421875
0.425422728061676 0.4355577230453491
0.42540985345840454 0.4355393350124359
0.4255988895893097 0.42934316396713257
0.4252559542655945 0.451772540807724
0.4247100353240967 0.43609970808029175
0.42539504170417786 0.47109290957450867
0.4257618486881256 0.4446951150894165
0.4254201650619507 0.4417979121208191
0.4254002869129181 0.4261424243450165
0.4250577688217163 0.4281812608242035
0.42458876967430115 0.43373924493789673
0.42434871196746826 0.42843931913375854
0.4243035316467285 0.4311872124671936
0.42386865615844727 0.4263765215873718
0.4239240288734436 0.4258759319782257
0.4238947927951813 0.4281066358089447
0.42351052165031433 0.42979738116264343
0.42340582609176636 0.4301574230194092
0.42297986149787903 0.4267941415309906
0.4234851598739624 0.4281212389469147
0.4230037033557892 0.4234376847743988
0.42341962456703186 0.43263912200927734
0.4227398931980133 0.427601158618927
0.4227929413318634 0.4227108955383301
0.4228840470314026 0.42329859733581543
0.4228818714618683 0.42239221930503845
0.4229510724544525 0.4414767026901245
0.42313987016677856 0.4329169988632202
0.42296454310417175 0.42346248030662537
0.42193445563316345 0.422469824552536
0.4223268926143646 0.43162664771080017
0.4222794473171234 0.4297805428504944
0.4218963086605072 0.42321449518203735
0.42202553153038025 0.42617267370224
0.42297378182411194 0.4290860891342163
0.4209401309490204 0.42542576789855957
0.42143023014068604 0.43021196126937866
0.4221090078353882 0.42575547099113464
0.42153429985046387 0.42204195261001587
0.4215264618396759 0.43760791420936584
0.42144376039505005 0.42279231548309326
0.4205455183982849 0.4251112639904022
0.42087027430534363 0.42517709732055664
0.4205024540424347 0.4276779890060425
0.4215618669986725 0.42429590225219727
0.42079704999923706 0.4257103502750397
0.4212183952331543 0.44297996163368225
0.42201486229896545 0.4284542500972748
0.4204501807689667 0.4186762273311615
0.421282023191452 0.4195548892021179
0.4197215735912323 0.42554542422294617
0.4208480417728424 0.422355979681015
0.42002707719802856 0.42372846603393555
0.42000603675842285 0.43517398834228516
0.42102402448654175 0.43390312790870667
0.4201343059539795 0.42025843262672424
0.4192133843898773 0.4340372085571289
0.4191991686820984 0.42167219519615173
0.4198984205722809 0.4281923770904541
0.4194033145904541 0.42076683044433594
0.41922295093536377 0.4222467541694641
0.4193647801876068 0.42346423864364624
0.41910696029663086 0.42545250058174133
0.41860029101371765 0.4288991391658783
0.41883987188339233 0.4210025668144226
0.4196321666240692 0.4194185435771942
0.4182758927345276 0.430909663438797
0.4183312654495239 0.4695354998111725
0.41771167516708374 0.4200223684310913
0.41863876581192017 0.4183863401412964
0.41841983795166016 0.42743003368377686
0.4182976186275482 0.43593406677246094
0.41858771443367004 0.4200814366340637
0.41914984583854675 0.42964258790016174
0.4178871214389801 0.4233175814151764
0.4180072844028473 0.42444533109664917
0.4176039695739746 0.42714983224868774
0.418087899684906 0.42120561003685
0.41800764203071594 0.42919644713401794
0.41784194111824036 0.4263172745704651
0.4180033206939697 0.42263197898864746
0.41733336448669434 0.41792505979537964
0.4167444109916687 0.4209803342819214
0.41800618171691895 0.4186357855796814
0.4168851971626282 0.41747263073921204
0.4167991578578949 0.4218919277191162
0.41712307929992676 0.4241577386856079
0.41676074266433716 0.4323881268501282
0.4180029332637787 0.4295729994773865
0.4164644479751587 0.42337700724601746
0.4161612391471863 0.4238775074481964
0.41689974069595337 0.4166409969329834
0.4162887632846832 0.417440265417099
0.41599583625793457 0.41969770193099976
0.41648149490356445 0.4375995993614197
0.4164491891860962 0.42478951811790466
0.416047602891922 0.434017151594162
0.4177558720111847 0.4222140312194824
0.4156548082828522 0.44491130113601685
0.41595906019210815 0.41986289620399475
0.41670697927474976 0.42231643199920654
0.4158741235733032 0.42301246523857117
0.41728779673576355 0.4186200797557831
0.4154903292655945 0.421885222196579
0.41495299339294434 0.42068880796432495
0.4173053801059723 0.4158366620540619
0.41525670886039734 0.43322956562042236
0.414803683757782 0.41553348302841187
0.414978951215744 0.4258333444595337
0.41717514395713806 0.4225917160511017
0.4146413505077362 0.4232785999774933
0.41496020555496216 0.4166116416454315
0.4152289927005768 0.422418475151062
0.4148314297199249 0.42819511890411377
0.4145652651786804 0.42285045981407166
0.41536009311676025 0.42022231221199036
0.4150036573410034 0.42148998379707336
0.4144253134727478 0.4186512529850006
0.41392672061920166 0.43073394894599915
0.4150248169898987 0.41735464334487915
0.4143216609954834 0.41892877221107483
0.41542118787765503 0.4183623790740967
0.4137347340583801 0.4193277060985565
0.4148401618003845 0.4177616238594055
0.41456907987594604 0.4270896315574646
0.4136834442615509 0.4470887780189514
0.41435518860816956 0.4183277487754822
0.41364461183547974 0.43038517236709595
0.4137984812259674 0.4250018894672394
0.4140370488166809 0.41709578037261963
0.4130801260471344 0.41963210701942444
0.4139869809150696 0.4153769910335541
0.413149893283844 0.4315011501312256
0.4134060740470886 0.4210796654224396
0.41345974802970886 0.42497017979621887
0.41331538558006287 0.43076518177986145
0.41385164856910706 0.4193304777145386
0.4133561849594116 0.4149717092514038
0.4135723412036896 0.4281598627567291
0.41244518756866455 0.4158172309398651
0.4132872521877289 0.4197791814804077
0.4143085479736328 0.41934144496917725
0.4125257432460785 0.4149777293205261
0.41334378719329834 0.4219217300415039
0.4130769968032837 0.42069947719573975
0.4130130112171173 0.4134133458137512
0.41256532073020935 0.4172986149787903
0.41313332319259644 0.41500216722488403
0.412551611661911 0.4215283691883087
0.41292160749435425 0.41847455501556396
0.41237086057662964 0.43226203322410583
0.41266241669654846 0.41772499680519104
0.41254740953445435 0.425778865814209
0.4122593104839325 0.43633589148521423
0.41203761100769043 0.4193468689918518
0.4121476709842682 0.4179490804672241
0.411873459815979 0.42149481177330017
0.4118843972682953 0.4148046374320984
0.4126454293727875 0.419174462556839
0.41205689311027527 0.41664454340934753
0.41230547428131104 0.4171609580516815
0.4118969142436981 0.4196658730506897
0.4121602177619934 0.4164038896560669
0.4119342565536499 0.4160921275615692
0.41231465339660645 0.41681256890296936
0.41229119896888733 0.4232717454433441
0.4115693271160126 0.41525352001190186
0.4124237895011902 0.4199262857437134
0.4116610884666443 0.42090919613838196
0.41182321310043335 0.4362824261188507
0.41143348813056946 0.41442275047302246
0.4124220311641693 0.42020946741104126
0.4112095236778259 0.41627296805381775
0.41129979491233826 0.422974556684494
0.4118369221687317 0.4139445126056671
0.41169825196266174 0.4178396165370941
0.4107617735862732 0.41830676794052124
0.4118461310863495 0.41515839099884033
0.4114987552165985 0.41869640350341797
0.4107412099838257 0.4176681935787201
0.41061294078826904 0.4133322834968567
0.41083499789237976 0.4252876341342926
0.41102907061576843 0.4206215739250183
0.4104595184326172 0.41705194115638733
