1.4891561269760132 1.4984804391860962
1.4796274900436401 1.5288952589035034
1.477601408958435 1.5056973695755005
1.477167010307312 1.5028055906295776
1.4757555723190308 1.5050214529037476
1.475927472114563 1.5315078496932983
1.4752222299575806 1.4988443851470947
1.4751204252243042 1.518541693687439
1.4750244617462158 1.4984464645385742
1.4748997688293457 1.5174121856689453
1.4745348691940308 1.5121479034423828
1.4745795726776123 1.503332495689392
1.4745831489562988 1.5125266313552856
1.474514365196228 1.5133631229400635
1.4746527671813965 1.500693440437317
1.4743950366973877 1.510711431503296
1.4742951393127441 1.515263557434082
1.4744040966033936 1.5041754245758057
1.4742335081100464 1.5124797821044922
1.4743447303771973 1.4997001886367798
1.4742796421051025 1.4983268976211548
1.4741441011428833 1.5010288953781128
1.4744149446487427 1.502505898475647
1.4741251468658447 1.500077247619629
1.4739879369735718 1.5088752508163452
1.473955512046814 1.504500389099121
1.473942756652832 1.5086833238601685
1.4414705038070679 1.2457150220870972
1.1490556001663208 1.1426072120666504
1.0215182304382324 0.6444814801216125
0.5587493181228638 0.5439736247062683
0.4939461052417755 0.46922725439071655
0.4689708650112152 0.47337010502815247
0.4599861800670624 0.5303518772125244
0.4497688412666321 0.425971657037735
0.4414721429347992 0.4125937521457672
0.4281529486179352 0.40821579098701477
0.42030662298202515 0.4123986065387726
0.4171005189418793 0.41981860995292664
0.40774181485176086 0.3992171585559845
0.40841037034988403 0.3974333703517914
0.4011068642139435 0.3983336091041565
0.39793089032173157 0.3862200975418091
0.396198570728302 0.4152408242225647
0.3908437192440033 0.38239145278930664
0.3920057713985443 0.4613313376903534
0.3923644721508026 0.4292365610599518
0.39135411381721497 0.3702283501625061
0.3866540193557739 0.3709604740142822
0.3850785195827484 0.38279324769973755
0.3854096829891205 0.373067706823349
0.3855512738227844 0.4356444478034973
0.38053587079048157 0.3708679974079132
0.3856135308742523 0.37704306840896606
0.38252556324005127 0.3665698766708374
0.3802986145019531 0.36626067757606506
0.37950873374938965 0.41666775941848755
0.37981176376342773 0.43403854966163635
0.37906044721603394 0.36575019359588623
0.37693917751312256 0.3815459907054901
0.37677454948425293 0.4286639392375946
0.37419551610946655 0.3855900168418884
0.37391528487205505 0.3646663427352905
0.3789992928504944 0.3624258041381836
0.37342125177383423 0.36271941661834717
0.3740845024585724 0.3675900399684906
0.3723274767398834 0.38039618730545044
0.3726033866405487 0.36089277267456055
0.37004944682121277 0.4004334807395935
0.371792733669281 0.3670351207256317
0.370436429977417 0.3675716817378998
0.36954137682914734 0.37815457582473755
0.36840981245040894 0.3703228533267975
0.37179410457611084 0.38105738162994385
0.36976805329322815 0.40642231702804565
0.36945194005966187 0.38378363847732544
0.3679775893688202 0.37774237990379333
0.3682999014854431 0.3532416820526123
0.366706520318985 0.3733677268028259
0.36592695116996765 0.3787500560283661
0.3654724955558777 0.3624669015407562
0.3640991151332855 0.3580247163772583
0.3661191761493683 0.4535117447376251
0.3669985234737396 0.3927644193172455
0.3655075430870056 0.3851472735404968
0.3661327362060547 0.4329845607280731
0.3672575354576111 0.3656875789165497
0.36515501141548157 0.36097365617752075
0.36466655135154724 0.36569473147392273
0.36404040455818176 0.3788641393184662
0.364469975233078 0.35606151819229126
0.36206698417663574 0.3714997172355652
0.36269447207450867 0.35020315647125244
0.36216312646865845 0.356156587600708
0.3613635003566742 0.36921438574790955
0.3619382977485657 0.34974047541618347
0.36433589458465576 0.4076016843318939
0.3618105947971344 0.3503643274307251
0.3622204661369324 0.3516919016838074
0.36025238037109375 0.36152729392051697
0.35997042059898376 0.376055508852005
0.3605039119720459 0.35740822553634644
0.360691636800766 0.3785596787929535
0.35811448097229004 0.37249675393104553
0.3600073456764221 0.3794900178909302
0.357542484998703 0.3506237268447876
0.35904279351234436 0.39511385560035706
0.35989800095558167 0.34949392080307007
0.35698819160461426 0.3517068326473236
0.355367511510849 0.362915962934494
0.35653769969940186 0.3566373288631439
0.3572761118412018 0.3681189715862274
0.35610246658325195 0.375275194644928
0.35768699645996094 0.3687136769294739
0.35648760199546814 0.35323628783226013
0.35674357414245605 0.45116356015205383
0.35623621940612793 0.37541040778160095
0.35580313205718994 0.3724527657032013
0.3574387729167938 0.3608245551586151
0.35373038053512573 0.36009371280670166
0.3529103398323059 0.3494739830493927
0.35434645414352417 0.35160183906555176
0.35341566801071167 0.36500975489616394
0.35620614886283875 0.38301604986190796
0.3557821810245514 0.36620455980300903
0.3540779948234558 0.4083791971206665
0.35406357049942017 0.3397846817970276
0.3547804355621338 0.3545987606048584
0.3528582453727722 0.3541819155216217
0.35263192653656006 0.37035250663757324
0.35206523537635803 0.36038345098495483
0.35161757469177246 0.3591051399707794
0.3520841896533966 0.34857869148254395
0.35102513432502747 0.3420700132846832
0.3500824570655823 0.3561740517616272
0.35041332244873047 0.3453340530395508
0.35164937376976013 0.346674382686615
0.3508976101875305 0.34384241700172424
0.3499103784561157 0.3547416627407074
0.35024765133857727 0.34181368350982666
0.34983333945274353 0.34411075711250305
0.3508811295032501 0.36284589767456055
0.34901952743530273 0.3498815596103668
0.3500503599643707 0.351709246635437
0.34833529591560364 0.37183845043182373
0.34891268610954285 0.39523643255233765
0.34750601649284363 0.35628530383110046
0.34711357951164246 0.3527628481388092
0.3474333882331848 0.3656710684299469
0.34638234972953796 0.3544735014438629
0.3469344675540924 0.339117169380188
0.3468153476715088 0.34283700585365295
0.34575599431991577 0.37480220198631287
0.3463507890701294 0.3639427125453949
0.3461304008960724 0.34923744201660156
0.3449052572250366 0.38223615288734436
0.3450189232826233 0.3664245009422302
0.3448043167591095 0.34367892146110535
0.34435388445854187 0.3371872007846832
0.3440681993961334 0.3333092927932739
0.3419216573238373 0.33943530917167664
0.34317612648010254 0.40938836336135864
0.3435996472835541 0.3530416190624237
0.34566646814346313 0.3472515642642975
0.34418752789497375 0.3452366888523102
0.34237247705459595 0.3493698537349701
0.34412437677383423 0.3585195541381836
0.34188103675842285 0.3498687446117401
0.3424360752105713 0.36285412311553955
0.3419048488140106 0.359361469745636
0.34019339084625244 0.3435417115688324
0.3426133096218109 0.3467622697353363
0.3404940664768219 0.33870625495910645
0.34032773971557617 0.3699527084827423
0.33955511450767517 0.3355323076248169
0.3411216735839844 0.3526325225830078
0.3378148674964905 0.3527916967868805
0.3418596684932709 0.3318295478820801
0.3362581729888916 0.3324452340602875
0.33888188004493713 0.3460293710231781
0.3363937735557556 0.3569345772266388
0.33721205592155457 0.3311624526977539
0.33577996492385864 0.32978734374046326
0.3344399333000183 0.3437987267971039
0.33682772517204285 0.33486294746398926
0.3368058502674103 0.3346959948539734
0.3337548077106476 0.3290822207927704
0.33314192295074463 0.3339792788028717
0.3360825181007385 0.3518475294113159
0.33204421401023865 0.3466514050960541
0.33470618724823 0.34776490926742554
0.33242708444595337 0.33250245451927185
0.33285483717918396 0.3237837255001068
0.3334956765174866 0.3429746627807617
0.3334391117095947 0.34132423996925354
0.3329540193080902 0.3336245119571686
0.3308194577693939 0.33145785331726074
0.3321931064128876 0.35063064098358154
0.33077946305274963 0.3311689794063568
0.3309135138988495 0.32635805010795593
0.3314054310321808 0.3600587248802185
0.3308507800102234 0.35733455419540405
0.32926830649375916 0.3763934075832367
0.33049920201301575 0.3260250985622406
0.3296838700771332 0.32313984632492065
0.32975608110427856 0.3305968940258026
0.3292475640773773 0.3488253951072693
0.32802680134773254 0.32241445779800415
0.32832711935043335 0.3233616054058075
0.32824578881263733 0.32901644706726074
0.3284086585044861 0.34178388118743896
0.3264903128147125 0.3673596978187561
0.32852861285209656 0.324823260307312
0.3286406099796295 0.32419440150260925
0.32707396149635315 0.3311777114868164
0.3288605809211731 0.32579031586647034
0.3284127414226532 0.3239133954048157
0.32786786556243896 0.3293232321739197
0.32729652523994446 0.3576655685901642
0.32563516497612 0.33154383301734924
0.32691365480422974 0.3208816349506378
0.3252467215061188 0.32794293761253357
0.32739219069480896 0.34331512451171875
0.32601702213287354 0.3536736071109772
0.32507216930389404 0.3340631425380707
0.3255806565284729 0.3266291320323944
0.3257225453853607 0.3472953736782074
0.32565051317214966 0.33513888716697693
0.32487407326698303 0.34825262427330017
0.3270667791366577 0.33115172386169434
0.3259371519088745 0.33945661783218384
0.32506057620048523 0.33093705773353577
0.3247532546520233 0.36968404054641724
0.3258364498615265 0.33672183752059937
0.3240529000759125 0.33529412746429443
0.32431575655937195 0.36734190583229065
0.32386597990989685 0.3274614214897156
0.3253368139266968 0.34102824330329895
0.32322046160697937 0.32081037759780884
0.32461902499198914 0.3673282265663147
0.3244519829750061 0.34540730714797974
0.3233855962753296 0.34591829776763916
0.32265520095825195 0.33796489238739014
0.32450568675994873 0.34339386224746704
0.3229365944862366 0.3204372227191925
0.3240419328212738 0.31459397077560425
0.3216778337955475 0.34224164485931396
0.3212234675884247 0.335397332906723
0.3222820460796356 0.32274672389030457
0.321723610162735 0.3258420526981354
0.320515900850296 0.3172159492969513
0.32304757833480835 0.3163893520832062
0.3209846615791321 0.353312611579895
0.3212891221046448 0.320382297039032
0.31969505548477173 0.3628157675266266
0.3223647475242615 0.33592134714126587
0.3207220733165741 0.33479779958724976
0.3223249018192291 0.3325178921222687
0.3199954628944397 0.3380979001522064
0.3214196562767029 0.3231072723865509
0.32063373923301697 0.34076449275016785
0.32012736797332764 0.3543170988559723
0.3205672800540924 0.31779271364212036
0.3218545615673065 0.3313722610473633
0.3221351206302643 0.34187909960746765
0.32029470801353455 0.3263523280620575
0.3195808231830597 0.32611823081970215
0.3192431628704071 0.3147135078907013
0.3191932439804077 0.32459843158721924
0.32273513078689575 0.32148605585098267
0.3205409049987793 0.3255472183227539
0.3188774585723877 0.35540199279785156
0.3181644082069397 0.3230898678302765
0.318382203578949 0.33932262659072876
0.3196864426136017 0.32426708936691284
0.3170534372329712 0.32936641573905945
0.3213125765323639 0.31577661633491516
0.3193928301334381 0.3268347680568695
0.3176310956478119 0.3183528780937195
0.3194825053215027 0.31334593892097473
0.32059165835380554 0.31857234239578247
0.3191889226436615 0.34930557012557983
0.31851762533187866 0.3217824101448059
0.31797099113464355 0.3277389109134674
0.3165959119796753 0.32052290439605713
0.31793782114982605 0.31592079997062683
0.3189839720726013 0.31689152121543884
0.3166124224662781 0.38408300280570984
0.3165331780910492 0.34702110290527344
0.31718236207962036 0.3270789086818695
0.31613221764564514 0.3341657817363739
0.3175756633281708 0.31663277745246887
0.3164738118648529 0.3482729494571686
0.3163412809371948 0.32121843099594116
0.3178762197494507 0.3211190104484558
0.3188069462776184 0.37946465611457825
0.3189312815666199 0.3348626494407654
0.316968709230423 0.31715530157089233
0.31501296162605286 0.3375225067138672
0.3178679645061493 0.3457683324813843
0.31660476326942444 0.3229665160179138
0.31769609451293945 0.3944978415966034
0.31672388315200806 0.39290615916252136
0.31692883372306824 0.36969420313835144
0.31625664234161377 0.3598075211048126
0.3173602223396301 0.33819547295570374
0.31617388129234314 0.31511422991752625
0.31364426016807556 0.3217358887195587
0.31448429822921753 0.32549455761909485
0.31657007336616516 0.3560478687286377
0.31417950987815857 0.31951725482940674
0.31651097536087036 0.3282734453678131
0.3153594434261322 0.3152325749397278
0.3170658349990845 0.3227987587451935
0.3139647841453552 0.3430367410182953
0.3148191571235657 0.3216829299926758
0.31557896733283997 0.3167264759540558
0.31538403034210205 0.31394773721694946
0.3138173818588257 0.31037986278533936
0.3164985775947571 0.3180408775806427
0.3134000897407532 0.30997738242149353
0.31261613965034485 0.3156987130641937
0.31504708528518677 0.32044127583503723
0.31151220202445984 0.34570086002349854
0.31554144620895386 0.3184453248977661
0.31286635994911194 0.32193759083747864
0.31246453523635864 0.3396816551685333
0.31327202916145325 0.317707359790802
0.3120308220386505 0.30899983644485474
0.31286314129829407 0.31970497965812683
0.312984824180603 0.321127325296402
0.31241342425346375 0.3196569085121155
0.3132776916027069 0.37027645111083984
0.3123031258583069 0.31350043416023254
0.3125976622104645 0.3327794373035431
0.31308650970458984 0.3132310211658478
0.3115684986114502 0.3186248242855072
0.31269511580467224 0.30657604336738586
0.312724769115448 0.31801608204841614
0.3133224546909332 0.3277719020843506
0.3112804591655731 0.31623968482017517
0.3118753433227539 0.30854737758636475
0.31229355931282043 0.30906474590301514
0.3110050559043884 0.32996445894241333
0.31161853671073914 0.31067410111427307
0.3101375699043274 0.31172797083854675
0.3106783628463745 0.31898033618927
0.3106330931186676 0.3205374479293823
0.31188350915908813 0.3215081989765167
0.3124065697193146 0.3127017021179199
0.3116835057735443 0.32356634736061096
0.30968520045280457 0.3195314407348633
0.31033775210380554 0.32215216755867004
0.31087276339530945 0.31359395384788513
0.31192177534103394 0.3518432080745697
0.3122401535511017 0.3242509365081787
0.31028762459754944 0.3086782991886139
0.308726042509079 0.3117310702800751
0.31100165843963623 0.32696616649627686
0.30973365902900696 0.3102424144744873
0.30923306941986084 0.32307735085487366
0.31002283096313477 0.3261052966117859
0.30715012550354004 0.3174372613430023
0.30873408913612366 0.3032478988170624
0.3080650866031647 0.31643781065940857
0.3072940409183502 0.30539679527282715
0.30818307399749756 0.3130171597003937
0.30855032801628113 0.3136603534221649
0.30818891525268555 0.3352079391479492
0.308104544878006 0.30894988775253296
0.3082810044288635 0.3065428137779236
0.30709725618362427 0.31541556119918823
0.3069900870323181 0.32262369990348816
0.30835843086242676 0.3144876956939697
0.3072238862514496 0.30252891778945923
0.307797908782959 0.33007726073265076
0.30835431814193726 0.35334473848342896
0.30778566002845764 0.3079150915145874
0.30703070759773254 0.3155732750892639
0.3069424629211426 0.31343770027160645
0.3070794939994812 0.30968958139419556
0.30705928802490234 0.31193822622299194
0.3060285151004791 0.30328303575515747
0.30713456869125366 0.3027283847332001
0.30600857734680176 0.3261646032333374
0.3057078719139099 0.31695637106895447
0.30773937702178955 0.3135913014411926
0.30703362822532654 0.3209783136844635
0.3053528070449829 0.3113977313041687
0.30513399839401245 0.308714896440506
0.30398085713386536 0.32001835107803345
0.3050842881202698 0.3294914960861206
0.30505090951919556 0.31453171372413635
0.30639922618865967 0.41185736656188965
0.30480244755744934 0.31084883213043213
0.3052928149700165 0.3059612810611725
0.30484941601753235 0.3331318497657776
0.30431798100471497 0.3162631690502167
0.30480048060417175 0.3117924928665161
0.3040807247161865 0.33426305651664734
0.3050428032875061 0.3051512539386749
0.3034762442111969 0.3212331235408783
0.30373629927635193 0.3135741055011749
0.3041771650314331 0.32574746012687683
0.3043617606163025 0.3021355867385864
0.3038855493068695 0.318353533744812
0.3030155599117279 0.3246421813964844
0.303851455450058 0.36053988337516785
0.30357566475868225 0.31021904945373535
0.3038400411605835 0.2983071506023407
0.30342617630958557 0.3019462525844574
0.3016270101070404 0.3092612624168396
0.3030807077884674 0.305996298789978
0.303354948759079 0.31943437457084656
0.3026660978794098 0.3209135830402374
0.30311477184295654 0.3090361952781677
0.30286604166030884 0.35227546095848083
0.3017255961894989 0.3114778697490692
0.30214107036590576 0.31757304072380066
0.3019576072692871 0.31990620493888855
0.3021027147769928 0.29980871081352234
0.3044348657131195 0.322374552488327
0.30085161328315735 0.30737248063087463
0.3024248480796814 0.31134867668151855
0.30249956250190735 0.3309353291988373
0.30145373940467834 0.30825310945510864
0.301847904920578 0.34422147274017334
0.303236722946167 0.32682928442955017
0.30159610509872437 0.31109848618507385
0.29853928089141846 0.3290960490703583
0.300469309091568 0.31077998876571655
0.30107927322387695 0.300971120595932
0.30228739976882935 0.31240567564964294
0.3012886047363281 0.30227693915367126
0.3005729019641876 0.3141190707683563
0.3004973828792572 0.3019157946109772
0.3005615174770355 0.3425661325454712
0.30046454071998596 0.31529125571250916
0.29971301555633545 0.3041343688964844
0.3005194664001465 0.3358735740184784
0.30016183853149414 0.32480403780937195
0.30087587237358093 0.3155476450920105
0.3007284998893738 0.3219623267650604
0.29952526092529297 0.31516051292419434
0.300668329000473 0.3156440556049347
0.30102863907814026 0.311172753572464
0.29947564005851746 0.3389950692653656
0.30003342032432556 0.30944350361824036
0.2990666627883911 0.32939666509628296
0.2995653450489044 0.32868731021881104
0.2987634241580963 0.3148534297943115
0.2978643774986267 0.3110681474208832
0.29918310046195984 0.30013465881347656
0.2980879843235016 0.30689021944999695
0.30000627040863037 0.3129701614379883
0.2983129620552063 0.30286192893981934
0.29860803484916687 0.3197391927242279
0.2987881004810333 0.3296036124229431
0.2977221608161926 0.29955077171325684
0.296904593706131 0.34632202982902527
0.29811030626296997 0.3265838921070099
0.29842498898506165 0.31016454100608826
0.29736679792404175 0.3179295063018799
0.2974773943424225 0.3181799054145813
0.29757794737815857 0.2961558401584625
0.29694411158561707 0.3099881708621979
0.29784491658210754 0.31653067469596863
0.2992086410522461 0.3073737323284149
0.29754453897476196 0.29984530806541443
0.2983604669570923 0.3054664731025696
0.29525166749954224 0.3234100043773651
0.2977365553379059 0.29997023940086365
0.2972434461116791 0.30257806181907654
0.29783394932746887 0.29896920919418335
0.29671916365623474 0.34374985098838806
0.29797905683517456 0.33036771416664124
0.29841193556785583 0.30443912744522095
0.29686716198921204 0.3039414584636688
0.2971543073654175 0.29994910955429077
0.29608848690986633 0.30910444259643555
0.296121209859848 0.30950435996055603
0.2959015965461731 0.29977551102638245
0.2963612675666809 0.3170822262763977
0.29694822430610657 0.3046967387199402
0.29631325602531433 0.30203843116760254
0.2957350015640259 0.30446159839630127
0.29719799757003784 0.3191535770893097
0.29621776938438416 0.29926204681396484
0.29496246576309204 0.3039078414440155
0.2946936786174774 0.30658403038978577
0.2951820492744446 0.3027924597263336
0.2942366302013397 0.3009651005268097
0.2942211627960205 0.30718332529067993
0.293654203414917 0.3177768290042877
0.29578009247779846 0.32105427980422974
0.29541200399398804 0.30226457118988037
0.2946198284626007 0.30150938034057617
0.2953985035419464 0.29795143008232117
0.2955656945705414 0.2996159493923187
0.29528430104255676 0.2942907512187958
