1.5018948316574097 1.530564785003662
1.2797105312347412 1.0784941911697388
0.9755521416664124 0.9241185188293457
0.8827084302902222 0.8436511754989624
0.8488088846206665 0.8108123540878296
0.8173878192901611 0.7848597168922424
0.8012243509292603 0.7743875980377197
0.7812756896018982 0.7447173595428467
0.7657744288444519 0.8045697808265686
0.7535461187362671 0.7217189073562622
0.7323636412620544 0.7105029225349426
0.7215377688407898 0.7151023745536804
0.7039493918418884 0.7243300080299377
0.6896658539772034 0.7417082786560059
0.6791049838066101 0.7343425154685974
0.6658583283424377 0.682778000831604
0.6541616320610046 0.6330695152282715
0.6445637941360474 0.6651580333709717
0.6384572386741638 0.6226199865341187
0.6301801204681396 0.6352337598800659
0.624153196811676 0.6257411241531372
0.6183931231498718 0.7293775677680969
0.6116734743118286 0.5919055938720703
0.6050838232040405 0.5923067927360535
0.6000708937644958 0.628917396068573
0.5950679183006287 0.5942878723144531
0.5926651358604431 0.6132745742797852
0.5873950719833374 0.6032682061195374
0.5868449807167053 0.5865244269371033
0.5814267992973328 0.5586023926734924
0.5789463520050049 0.5545875430107117
0.5751821398735046 0.5707297325134277
0.5702303647994995 0.5988260507583618
0.567511260509491 0.5448630452156067
0.566683292388916 0.5465734004974365
0.5619199275970459 0.5585611462593079
0.5581582188606262 0.5596127510070801
0.5559656023979187 0.5436681509017944
0.5516272783279419 0.5405892133712769
0.549527645111084 0.5371345281600952
0.5499159097671509 0.5393010973930359
0.5442333817481995 0.5322126150131226
0.5426037311553955 0.543175458908081
0.5383589863777161 0.5337555408477783
0.537179708480835 0.5601620078086853
0.534489631652832 0.5345563292503357
0.5297237038612366 0.537391185760498
0.529125988483429 0.523144543170929
0.5245075225830078 0.5516911149024963
0.5236435532569885 0.5082947611808777
0.5223926305770874 0.5481352806091309
0.5215240120887756 0.5334095358848572
0.5170426368713379 0.49850016832351685
0.5137618184089661 0.4997215270996094
0.513616144657135 0.5023492574691772
0.5109504461288452 0.5125614404678345
0.5097687244415283 0.522386908531189
0.5108697414398193 0.5399512052536011
0.5045853853225708 0.5164940357208252
0.5048914551734924 0.5046737790107727
0.5030922293663025 0.4883517324924469
0.5019587278366089 0.4989464282989502
0.49993079900741577 0.49557772278785706
0.498428076505661 0.4865781366825104
0.4969103932380676 0.5194807648658752
0.4978170096874237 0.5487805604934692
0.4954041838645935 0.5001324415206909
0.49581432342529297 0.5141288042068481
0.4923394024372101 0.500781238079071
0.4900604784488678 0.5006536841392517
0.4907168447971344 0.4848329722881317
0.4899110198020935 0.4812176823616028
0.4871409237384796 0.4993284046649933
0.4874451756477356 0.4762933552265167
0.4859575629234314 0.4845336973667145
0.4846193790435791 0.47133156657218933
0.4818374812602997 0.4922062158584595
0.48282209038734436 0.47842249274253845
0.48270997405052185 0.47039473056793213
0.48146289587020874 0.4860979914665222
0.48119914531707764 0.4864743947982788
0.48035895824432373 0.4665738344192505
0.4794476628303528 0.46728214621543884
0.47742220759391785 0.4698287546634674
0.47768351435661316 0.4980512261390686
0.4782703220844269 0.4761520326137543
0.47828978300094604 0.47737085819244385
0.47422704100608826 0.4695838391780853
0.47636738419532776 0.4772745370864868
0.47513383626937866 0.4669207036495209
0.4722324311733246 0.47010156512260437
0.47218599915504456 0.4785992503166199
0.47265464067459106 0.4667811095714569
0.4684126079082489 0.458685964345932
0.4672844707965851 0.45664504170417786
0.46621569991111755 0.48631584644317627
0.46574410796165466 0.47961750626564026
0.4663177728652954 0.4617021381855011
0.4627734422683716 0.4503646492958069
0.46414196491241455 0.45614269375801086
0.4615233242511749 0.4872417151927948
0.4607469141483307 0.4505578279495239
0.46217474341392517 0.457236111164093
0.45898598432540894 0.4610483646392822
0.4591667056083679 0.44609978795051575
0.45849496126174927 0.4636895954608917
0.4579942226409912 0.4508488178253174
0.4572034478187561 0.4699264168739319
0.45527762174606323 0.4708127975463867
0.456364244222641 0.4684563875198364
0.45568418502807617 0.5240626335144043
0.45437026023864746 0.4722147583961487
0.4530063271522522 0.4491521120071411
0.4519645869731903 0.44266897439956665
0.4509561061859131 0.47934675216674805
0.4510461688041687 0.4702804982662201
0.45120909810066223 0.44023528695106506
0.44854503870010376 0.49620845913887024
0.4502065181732178 0.4376539885997772
0.44959113001823425 0.45479774475097656
0.44774457812309265 0.4419429302215576
0.4460129141807556 0.4593525230884552
0.4473407566547394 0.43993687629699707
0.44591212272644043 0.44371291995048523
0.4461261034011841 0.4342319965362549
0.44644078612327576 0.444500595331192
0.4453703761100769 0.4349154531955719
0.44624894857406616 0.4437894821166992
0.44368475675582886 0.46078750491142273
0.44458603858947754 0.44329702854156494
0.443607896566391 0.444807231426239
0.4430995285511017 0.4332119822502136
0.4433711767196655 0.486409991979599
0.44197985529899597 0.45480284094810486
0.44294556975364685 0.4362969398498535
0.44250068068504333 0.45748138427734375
0.44207507371902466 0.4358048439025879
0.4419439435005188 0.4446432888507843
0.44097936153411865 0.44187191128730774
0.4419321119785309 0.44145166873931885
0.4412369728088379 0.49442213773727417
0.43919363617897034 0.49632391333580017
0.4381555914878845 0.5098387002944946
0.4392850697040558 0.43533721566200256
0.43947017192840576 0.43056583404541016
0.43928271532058716 0.4350307285785675
0.4384365677833557 0.4586148262023926
0.4387531578540802 0.4439835846424103
0.4388740360736847 0.4522354304790497
0.4395010769367218 0.4395803213119507
0.43735751509666443 0.436884343624115
0.4368627369403839 0.43005844950675964
0.4368746876716614 0.44173571467399597
0.4359634518623352 0.44406962394714355
0.43606036901474 0.43240493535995483
0.4357387125492096 0.432967871427536
0.43642935156822205 0.432611882686615
0.4361162781715393 0.436124712228775
0.43497440218925476 0.4326866865158081
0.43631526827812195 0.4275989830493927
0.43613317608833313 0.4329102337360382
0.43603646755218506 0.4380306005477905
0.4354805052280426 0.4413159191608429
0.43426641821861267 0.4390295445919037
0.43337276577949524 0.42921698093414307
0.43307894468307495 0.4664601981639862
0.4331885278224945 0.4440973401069641
0.433503121137619 0.42565691471099854
0.4320686161518097 0.45035862922668457
0.4318993389606476 0.4381932318210602
0.43319472670555115 0.4368874728679657
0.4336279332637787 0.4344549775123596
0.433017760515213 0.4406012296676636
0.43235716223716736 0.4309186339378357
0.4321339726448059 0.4297744631767273
0.43146541714668274 0.4367816150188446
0.4310176968574524 0.4432675242424011
0.4315944314002991 0.44990071654319763
0.43111735582351685 0.4255056381225586
0.4298916757106781 0.4565602242946625
0.4318777322769165 0.43080392479896545
0.4301204979419708 0.4284108281135559
0.43021178245544434 0.4341367483139038
0.4298419654369354 0.4612591862678528
0.42998605966567993 0.44702306389808655
0.43035688996315 0.4466278851032257
0.4296400249004364 0.43327176570892334
0.42785975337028503 0.4292390048503876
0.4286207854747772 0.5412465929985046
0.428321897983551 0.4422258734703064
0.4296199381351471 0.4510907232761383
0.4276244640350342 0.4351588487625122
0.42891693115234375 0.4307851791381836
0.4272463917732239 0.43424084782600403
0.42797964811325073 0.43976181745529175
0.4279889464378357 0.449430912733078
0.4281109571456909 0.4485093057155609
0.42794570326805115 0.44170427322387695
0.4269289970397949 0.44358891248703003
0.4275752902030945 0.43113264441490173
0.4255323112010956 0.44291308522224426
0.42632564902305603 0.4362604320049286
0.4267171323299408 0.4460085332393646
0.4270610213279724 0.4198820888996124
0.42427191138267517 0.4294082224369049
0.4267740249633789 0.42837443947792053
0.4257584810256958 0.42803990840911865
0.4259369969367981 0.42440667748451233
0.42514917254447937 0.44013938307762146
0.4247550666332245 0.42218974232673645
0.4238227307796478 0.42327991127967834
0.42425909638404846 0.4823289215564728
0.42424631118774414 0.4293823838233948
0.42435452342033386 0.429080992937088
0.42483508586883545 0.4400899410247803
0.4240248501300812 0.4227909445762634
0.42448025941848755 0.42734965682029724
0.42342889308929443 0.43252119421958923
0.42350533604621887 0.43414306640625
0.4233235716819763 0.42407408356666565
0.4225112497806549 0.4246559143066406
0.4235024154186249 0.42998331785202026
0.4232483208179474 0.45794087648391724
0.422675758600235 0.43727830052375793
0.42252400517463684 0.4340882897377014
0.4233880639076233 0.4247838258743286
0.42272713780403137 0.42790186405181885
0.4225012958049774 0.4437195956707001
0.42271867394447327 0.42773428559303284
0.4223361015319824 0.4345194399356842
0.42211511731147766 0.42140892148017883
0.4228074848651886 0.43099069595336914
0.4228072762489319 0.43797266483306885
0.4210684597492218 0.4452860653400421
0.4208998382091522 0.42638057470321655
0.420826256275177 0.4275304079055786
0.41949161887168884 0.445287823677063
0.4199257791042328 0.43603450059890747
0.4195069372653961 0.425805002450943
0.41993609070777893 0.4414069354534149
0.42053788900375366 0.41859376430511475
0.4202835261821747 0.4262702167034149
0.4184258282184601 0.45840543508529663
0.41974055767059326 0.4416883587837219
0.42010900378227234 0.4271720051765442
0.41908541321754456 0.419948011636734
0.42005160450935364 0.4382857084274292
0.419933021068573 0.42994171380996704
0.4198969602584839 0.4550420939922333
0.41949447989463806 0.44592759013175964
0.4187556207180023 0.44907131791114807
0.4186995327472687 0.43288111686706543
0.41861632466316223 0.4248521029949188
0.4185766875743866 0.4297913610935211
0.4192134439945221 0.4323892891407013
0.418018639087677 0.4169027805328369
0.41711100935935974 0.42461755871772766
0.4170813262462616 0.4307990074157715
0.41741570830345154 0.4324305057525635
0.41801178455352783 0.44566965103149414
0.41643595695495605 0.5053244233131409
0.41735684871673584 0.4135552644729614
0.4175209105014801 0.41845983266830444
0.4168018400669098 0.419049471616745
0.41672778129577637 0.42602139711380005
0.41567689180374146 0.42368513345718384
0.4164465367794037 0.44173869490623474
0.4158303141593933 0.42431461811065674
0.4161306917667389 0.4242759943008423
0.41610193252563477 0.42560747265815735
0.4155372381210327 0.4416815936565399
0.4160964787006378 0.41816699504852295
0.4153869152069092 0.41792580485343933
0.41542425751686096 0.4170784652233124
0.41466188430786133 0.4239238202571869
0.4151837229728699 0.43464726209640503
0.4158623218536377 0.4167976379394531
0.4162035882472992 0.4360214173793793
0.4160218834877014 0.4201880991458893
0.41490232944488525 0.42035284638404846
0.4146285057067871 0.4225105047225952
0.4153599739074707 0.41637155413627625
0.41484534740448 0.41673120856285095
0.41399914026260376 0.4164639115333557
0.4146602749824524 0.41779038310050964
0.4143197238445282 0.41783109307289124
0.4139903783798218 0.4348410665988922
0.41345858573913574 0.4220356345176697
0.41414886713027954 0.428060919046402
0.4137679636478424 0.41115516424179077
0.4136783480644226 0.4204738736152649
0.4133068323135376 0.41486111283302307
0.4134850800037384 0.4242055416107178
0.41292497515678406 0.4288022518157959
0.4134000241756439 0.4214686155319214
0.41293957829475403 0.4134112298488617
0.41292381286621094 0.44641587138175964
0.41280248761177063 0.440426766872406
0.4131324887275696 0.4147563874721527
0.41311749815940857 0.4380965828895569
0.4127971827983856 0.4367772936820984
0.4119475185871124 0.4207971692085266
0.41193461418151855 0.4143522083759308
0.41135507822036743 0.4185762405395508
0.41206589341163635 0.43265655636787415
0.4130319058895111 0.42176538705825806
0.41181322932243347 0.41839951276779175
0.41140079498291016 0.4202769100666046
0.4111306369304657 0.44189876317977905
0.4103952646255493 0.4126715064048767
0.4110785126686096 0.425060898065567
0.4110587537288666 0.42473068833351135
0.4109220504760742 0.41848957538604736
0.4109213650226593 0.4165623188018799
0.41049790382385254 0.4181698262691498
0.41139504313468933 0.4230634868144989
0.4111860692501068 0.4135778546333313
0.41058650612831116 0.42906269431114197
0.41011008620262146 0.4148315489292145
0.4105803370475769 0.42000168561935425
0.41085636615753174 0.41930875182151794
0.4101763069629669 0.4216471016407013
0.41051730513572693 0.4239110052585602
0.4103258550167084 0.4087883532047272
0.40953168272972107 0.42149603366851807
0.4101838171482086 0.43057262897491455
0.4087253212928772 0.4148824214935303
0.40956130623817444 0.4141333997249603
0.4099047780036926 0.44695600867271423
0.4090403616428375 0.4252026081085205
0.40818700194358826 0.4175151288509369
0.4088870584964752 0.4249386191368103
0.4083206355571747 0.4205572009086609
0.4089987874031067 0.4264582693576813
0.40867212414741516 0.42804035544395447
0.40890833735466003 0.4242437183856964
0.40815070271492004 0.4223981499671936
0.40828803181648254 0.41290396451950073
0.4092147648334503 0.420872300863266
0.4088123142719269 0.4391307532787323
0.40795403718948364 0.43262138962745667
0.40814530849456787 0.418732613325119
0.40774568915367126 0.4095526933670044
0.4074633717536926 0.41604912281036377
0.4084087908267975 0.4168799817562103
0.4089028239250183 0.4197239279747009
0.4080662727355957 0.4266197383403778
0.40757420659065247 0.41118699312210083
0.4080110788345337 0.4130430221557617
0.4066295325756073 0.4240667223930359
0.4072945713996887 0.41330698132514954
0.4066829979419708 0.43278494477272034
0.40694165229797363 0.42481619119644165
0.40670740604400635 0.41006359457969666
0.4058874249458313 0.4256068766117096
0.40691077709198 0.4175248146057129
0.4069831967353821 0.42786815762519836
0.40589600801467896 0.42054668068885803
0.4063088893890381 0.4235268533229828
0.4066283702850342 0.40767741203308105
0.405927449464798 0.42498689889907837
0.40662258863449097 0.4141086935997009
0.40617644786834717 0.4127342402935028
0.4061984717845917 0.41619613766670227
0.4066774249076843 0.4126484990119934
0.40593621134757996 0.4130103886127472
0.405528724193573 0.4121209383010864
0.4054929316043854 0.41895899176597595
0.4054259955883026 0.4088103175163269
0.4054831266403198 0.41351160407066345
0.4060627818107605 0.4132651090621948
0.4060361683368683 0.4125438630580902
0.4053414762020111 0.41481903195381165
0.4054621160030365 0.4179081916809082
0.40450772643089294 0.41712987422943115
0.40491244196891785 0.43795254826545715
0.4052615463733673 0.4121157228946686
0.40396371483802795 0.4640475809574127
0.40464305877685547 0.4095793664455414
0.4051462411880493 0.4221327304840088
0.40368321537971497 0.4200305640697479
0.4046522378921509 0.41944292187690735
0.40405529737472534 0.4103693962097168
0.4039955139160156 0.41304707527160645
0.4052114486694336 0.42444878816604614
0.40399599075317383 0.4281468987464905
0.4045136570930481 0.4232018291950226
0.4040709137916565 0.413827508687973
0.40372800827026367 0.4142439365386963
0.4044887125492096 0.41116905212402344
0.40473392605781555 0.4192330241203308
0.40369507670402527 0.4114481508731842
0.4035037159919739 0.40736815333366394
0.4042288362979889 0.418939471244812
0.4039877951145172 0.42691582441329956
0.40328580141067505 0.4084387719631195
0.4025038480758667 0.4199223518371582
0.40323522686958313 0.42356374859809875
0.40280881524086 0.40941500663757324
0.40345972776412964 0.4234617352485657
0.4030173420906067 0.41446200013160706
0.4025808274745941 0.43420612812042236
0.402915894985199 0.4135727286338806
0.40240126848220825 0.41325843334198
0.4023207128047943 0.4215490520000458
0.40316468477249146 0.4063164293766022
0.4028802514076233 0.4065384864807129
0.4022354483604431 0.4146293103694916
0.4022073745727539 0.45217692852020264
0.40287983417510986 0.41693171858787537
0.4022008776664734 0.413261353969574
0.40208396315574646 0.4143093228340149
0.4023318886756897 0.4112064242362976
0.4021904766559601 0.4090551733970642
0.4016507565975189 0.434039443731308
0.4022477865219116 0.414180725812912
0.4018630385398865 0.4125567078590393
0.40227174758911133 0.4120773375034332
0.4012759327888489 0.4156392812728882
0.4010211229324341 0.41222238540649414
0.40131720900535583 0.43120744824409485
0.4012877941131592 0.41362878680229187
0.3998326361179352 0.41490063071250916
0.40069442987442017 0.4115714728832245
0.4011373519897461 0.41040652990341187
0.400372177362442 0.4101674258708954
0.40004783868789673 0.41831791400909424
0.40087589621543884 0.4165215492248535
0.40108996629714966 0.40986305475234985
0.4006038308143616 0.4148135185241699
0.4009501039981842 0.41735681891441345
0.4003760516643524 0.40816012024879456
0.4006004333496094 0.4165288209915161
0.40055257081985474 0.42316845059394836
0.4007432460784912 0.419163316488266
0.40025946497917175 0.42462506890296936
0.40053319931030273 0.4159901440143585
0.401035338640213 0.4168008267879486
0.39991623163223267 0.4064945578575134
0.40014487504959106 0.41753071546554565
0.4003298878669739 0.4269978106021881
0.3997291922569275 0.41161006689071655
0.3992548882961273 0.4103773832321167
0.3993656635284424 0.4095844030380249
0.3993684947490692 0.41372379660606384
0.39956334233283997 0.4151584208011627
0.39820003509521484 0.41477301716804504
0.3988822102546692 0.42122066020965576
0.39905765652656555 0.4112493693828583
0.3983020782470703 0.4081524610519409
0.3989962935447693 0.41573020815849304
0.3998154401779175 0.4092983901500702
0.3982430100440979 0.4115210175514221
0.3993709683418274 0.4153883755207062
0.3986878991127014 0.41591864824295044
0.39841100573539734 0.4152040183544159
0.3992930054664612 0.40878352522850037
0.39865416288375854 0.4174850285053253
0.3985136151313782 0.4071187973022461
0.3986364006996155 0.4062250256538391
0.39882200956344604 0.4107641577720642
0.3984377384185791 0.4121944308280945
0.3984364867210388 0.40727221965789795
0.3981595039367676 0.4064602255821228
0.39825230836868286 0.4266950786113739
0.3978249430656433 0.41672196984291077
0.39741095900535583 0.40310853719711304
0.3977588415145874 0.4202142655849457
0.3972897231578827 0.423095703125
0.39715954661369324 0.40574193000793457
0.3978842794895172 0.40500450134277344
0.39687061309814453 0.4434755742549896
0.3969927728176117 0.40954166650772095
0.3971708118915558 0.40627992153167725
0.3973642587661743 0.419448584318161
0.3977440595626831 0.4207702577114105
0.39697104692459106 0.41881486773490906
0.3972892463207245 0.40439096093177795
0.39712852239608765 0.40860942006111145
0.39667844772338867 0.405326247215271
0.39703911542892456 0.4099148213863373
0.39625775814056396 0.4187800884246826
0.3971778154373169 0.4149031341075897
0.39731794595718384 0.41787436604499817
0.39644959568977356 0.4200657308101654
0.3964734673500061 0.4287639260292053
0.3974176049232483 0.4163600206375122
0.3969143331050873 0.41865256428718567
0.3964551091194153 0.40837588906288147
0.3956475257873535 0.41832420229911804
0.39615562558174133 0.4088512361049652
0.39568987488746643 0.4283654987812042
0.39607974886894226 0.4076699912548065
0.39508068561553955 0.4059487581253052
0.39499133825302124 0.40397363901138306
0.3957972824573517 0.411856472492218
0.3953143358230591 0.4102221131324768
0.3952997624874115 0.43643617630004883
0.39505332708358765 0.40856367349624634
0.395350843667984 0.413785457611084
0.3955179452896118 0.40929698944091797
0.39429035782814026 0.41345861554145813
0.39555296301841736 0.4167589843273163
0.3955432176589966 0.40897658467292786
0.3953871726989746 0.4326871633529663
0.39446577429771423 0.41158032417297363
0.39546552300453186 0.4144303500652313
0.39513376355171204 0.4178408682346344
0.395309716463089 0.4030468463897705
0.3954170048236847 0.41781821846961975
0.39555519819259644 0.40348270535469055
0.39507561922073364 0.41157329082489014
0.3935208320617676 0.41387149691581726
0.3945017457008362 0.4051184058189392
0.3936935365200043 0.42384859919548035
0.39505735039711 0.40765029191970825
0.3938194513320923 0.41835522651672363
0.39392372965812683 0.4127679467201233
0.3938996195793152 0.40756121277809143
0.3936702311038971 0.4067304730415344
0.39417213201522827 0.4078150689601898
0.39470571279525757 0.4219515323638916
0.39372527599334717 0.4115728437900543
0.393870085477829 0.40366479754447937
0.39332208037376404 0.4056701362133026
0.39359840750694275 0.40557849407196045
0.3938906192779541 0.41045698523521423
0.39440998435020447 0.4097517430782318
0.39387276768684387 0.41523540019989014
0.3939172327518463 0.4046443700790405
0.39406782388687134 0.4097660183906555
0.39390817284584045 0.41218435764312744
0.3937312662601471 0.40511059761047363
0.39348748326301575 0.42112937569618225
0.393527090549469 0.40677958726882935
0.39392825961112976 0.4174174964427948
0.39318960905075073 0.405221551656723
0.39288240671157837 0.4051298499107361
0.39279812574386597 0.40776005387306213
0.3925617039203644 0.4028051793575287
0.3923540711402893 0.40279459953308105
0.39241471886634827 0.4106227159500122
0.3923642337322235 0.4082929193973541
0.3922736346721649 0.4023206830024719
0.3919536769390106 0.40724706649780273
0.39248791337013245 0.41137367486953735
0.39235618710517883 0.41758421063423157
0.3930819630622864 0.40473994612693787
0.39218664169311523 0.41178005933761597
0.39226484298706055 0.41993701457977295
0.39247190952301025 0.4061623513698578
0.3920581340789795 0.4072537422180176
0.39245694875717163 0.4063691794872284
0.3922886848449707 0.41429972648620605
0.392083078622818 0.40642455220222473
0.39229023456573486 0.409206748008728
0.39171209931373596 0.4087671935558319
0.3922768235206604 0.4061504006385803
0.39197543263435364 0.40326759219169617
0.39157259464263916 0.4094172716140747
0.39124807715415955 0.40692800283432007
0.3909471035003662 0.4081709682941437
0.3914720416069031 0.4029843211174011
0.3917239010334015 0.4105498194694519
0.3914675712585449 0.4046383202075958
0.39099568128585815 0.40440741181373596
0.391497939825058 0.43448275327682495
0.3906109631061554 0.4145905375480652
0.3912917971611023 0.4083792269229889
0.39149144291877747 0.41520869731903076
0.3907269239425659 0.4087867736816406
0.39102521538734436 0.4074617922306061
0.39081257581710815 0.4075374901294708
0.39099571108818054 0.40673014521598816
0.3914988934993744 0.4115804135799408
0.3913068473339081 0.4026409387588501
0.390449583530426 0.40287333726882935
0.39122188091278076 0.4376395046710968
0.39101070165634155 0.40786033868789673
0.39078646898269653 0.4071245789527893
0.39127248525619507 0.4213290214538574
0.3907689154148102 0.4119716286659241
0.3903186321258545 0.40167033672332764
0.3900177478790283 0.4108008146286011
0.39032426476478577 0.4143441617488861
0.39001205563545227 0.4099564850330353
0.3903936743736267 0.4084249436855316
0.39010143280029297 0.40879765152931213
0.38982194662094116 0.4127405881881714
0.3898288309574127 0.4073088467121124
0.38890618085861206 0.4060330390930176
0.390365332365036 0.4084908664226532
0.3892447352409363 0.40364599227905273
0.3896692395210266 0.4144190549850464
0.3904418647289276 0.4098626673221588
0.3900628983974457 0.40135762095451355
0.39018312096595764 0.4272695779800415
0.3892025351524353 0.41377806663513184
0.3890044093132019 0.4022285044193268
0.38977184891700745 0.4068174958229065
0.38927581906318665 0.40572065114974976
0.3897799551486969 0.4063146710395813
0.3892640769481659 0.4193165600299835
0.3895260989665985 0.4102524518966675
0.38916152715682983 0.41098353266716003
0.38876834511756897 0.4019559323787689
0.3888569176197052 0.4029175043106079
0.3885183334350586 0.40838903188705444
0.38869503140449524 0.4124724268913269
0.38909366726875305 0.4089004099369049
0.38882631063461304 0.4065144658088684
0.3889524042606354 0.4224560558795929
0.38866129517555237 0.4079863131046295
0.3885551691055298 0.4072329103946686
0.3889324963092804 0.40260687470436096
0.3880734145641327 0.4116639196872711
0.3889337480068207 0.42050719261169434
0.3888542354106903 0.40415963530540466
0.3886590003967285 0.4054192006587982
0.3889015316963196 0.41239237785339355
0.3889402449131012 0.40676307678222656
0.3881368935108185 0.4204726219177246
0.3888692259788513 0.40806111693382263
0.3882312774658203 0.41073110699653625
0.38867002725601196 0.4038744866847992
0.38817712664604187 0.4178406000137329
0.3881304860115051 0.4147237539291382
0.38866928219795227 0.40458500385284424
0.38741713762283325 0.4011877477169037
0.38712722063064575 0.40337127447128296
0.3872515857219696 0.4087868630886078
0.3876365125179291 0.4131624698638916
0.38796499371528625 0.41003313660621643
0.38764944672584534 0.4098488390445709
0.38797998428344727 0.40694746375083923
0.38720008730888367 0.40439966320991516
0.3873947560787201 0.4359806180000305
0.38729435205459595 0.419549822807312
0.387350469827652 0.4082344174385071
0.387094646692276 0.40594202280044556
0.3873651921749115 0.4010009169578552
0.3871050179004669 0.4136528968811035
0.38734933733940125 0.41598254442214966
0.3867860734462738 0.4100579619407654
0.3868997395038605 0.4097713530063629
0.38719451427459717 0.4127447009086609
0.38732412457466125 0.40673506259918213
0.3874782919883728 0.4038013219833374
0.38753604888916016 0.40993690490722656
0.3871459662914276 0.40247008204460144
0.3875906765460968 0.4164621829986572
0.38778266310691833 0.4043351709842682
0.38667798042297363 0.40771785378456116
0.38632455468177795 0.40433335304260254
0.386306494474411 0.4131350815296173
0.3865865170955658 0.40976130962371826
0.3865072727203369 0.40211403369903564
0.3861904740333557 0.4058728516101837
0.3865104615688324 0.4036921262741089
0.3863578140735626 0.4065302610397339
0.38649433851242065 0.40739116072654724
0.3861507475376129 0.4024427831172943
0.3864346742630005 0.41050800681114197
0.38655856251716614 0.4045283794403076
0.3861743211746216 0.4108814001083374
0.38607916235923767 0.40938445925712585
0.3859301507472992 0.40955233573913574
0.3860863447189331 0.4138449430465698
0.38621172308921814 0.40925657749176025
0.3864991068840027 0.40535256266593933
0.3866514563560486 0.40675413608551025
0.3858851194381714 0.4160716235637665
0.3860293924808502 0.40085458755493164
0.3869531452655792 0.4039263129234314
0.3868180215358734 0.40081700682640076
0.3849131166934967 0.4014805853366852
0.38539931178092957 0.40432867407798767
0.38501301407814026 0.4021969735622406
0.3853711485862732 0.41356581449508667
0.38532736897468567 0.41019362211227417
0.38542869687080383 0.4031233787536621
0.3854414224624634 0.40662431716918945
0.38520875573158264 0.4069112241268158
0.38516169786453247 0.40646085143089294
0.38476648926734924 0.4087355136871338
0.3851742148399353 0.4010942280292511
0.38502997159957886 0.42683470249176025
0.3854527771472931 0.40595176815986633
0.38515520095825195 0.40737974643707275
0.3852439820766449 0.40140852332115173
0.3845078647136688 0.4103710651397705
0.3854754865169525 0.4071876108646393
0.3845503330230713 0.4012729525566101
0.38484272360801697 0.4059474468231201
0.38486161828041077 0.4126881957054138
0.38532495498657227 0.40347549319267273
0.38523608446121216 0.4012638330459595
0.38520315289497375 0.4027305841445923
0.38449615240097046 0.4020140767097473
0.38428211212158203 0.42037323117256165
0.38454803824424744 0.4068182408809662
0.3839910328388214 0.40359407663345337
0.38463377952575684 0.4083312153816223
0.384370356798172 0.41589778661727905
0.38341808319091797 0.44165486097335815
0.3840937614440918 0.4281198978424072
0.38373395800590515 0.3998092710971832
0.3843129873275757 0.4127233326435089
0.3842645585536957 0.4056977927684784
0.38402798771858215 0.40173664689064026
0.3845365345478058 0.4041690230369568
0.3839886784553528 0.4015246033668518
0.38431036472320557 0.40474992990493774
0.3842882812023163 0.41048112511634827
0.3842337131500244 0.4218360185623169
0.38376250863075256 0.41584745049476624
0.3839421570301056 0.40451329946517944
0.3838707208633423 0.40881916880607605
0.3839634358882904 0.4163048565387726
0.3843667209148407 0.40241795778274536
0.3841407895088196 0.4051685035228729
0.38370195031166077 0.40613853931427
0.38349899649620056 0.40201839804649353
0.38300031423568726 0.4228276014328003
0.3836803138256073 0.40742218494415283
0.3831605911254883 0.402954638004303
0.383334755897522 0.4097288250923157
0.38313576579093933 0.39967080950737
0.38315194845199585 0.40386587381362915
0.38314858078956604 0.4109131991863251
0.38276728987693787 0.40150749683380127
0.3832097351551056 0.41596731543540955
0.38265460729599 0.4048297107219696
0.38374677300453186 0.40598729252815247
0.38274946808815 0.4004127085208893
0.38306522369384766 0.40096309781074524
0.3831803500652313 0.40113237500190735
0.383131742477417 0.411266028881073
0.3831956684589386 0.40543508529663086
0.3834182322025299 0.406656950712204
0.382995069026947 0.4128949046134949
0.38332948088645935 0.4108245372772217
0.3832451105117798 0.40723034739494324
0.3828704059123993 0.4014139473438263
0.38285475969314575 0.40581515431404114
0.38232699036598206 0.40655848383903503
0.3821047842502594 0.40197739005088806
0.38211384415626526 0.4026325047016144
0.38225018978118896 0.40099677443504333
0.3818877935409546 0.4068881571292877
0.3824005126953125 0.4017605483531952
0.3829271197319031 0.4012477695941925
0.3820635974407196 0.41147348284721375
0.382396399974823 0.40521878004074097
0.38232195377349854 0.4016202986240387
0.3821556270122528 0.40346625447273254
0.38195091485977173 0.4040372371673584
0.3815496861934662 0.4091683030128479
0.3818556070327759 0.4009712338447571
0.3817293643951416 0.40015971660614014
0.38187259435653687 0.40028706192970276
0.3817974627017975 0.40298664569854736
0.3822989761829376 0.4076952636241913
0.38198336958885193 0.4206523895263672
0.3816317319869995 0.402495414018631
0.38209229707717896 0.39879950881004333
0.381838321685791 0.4102623164653778
0.3822009265422821 0.40341734886169434
0.3813619613647461 0.40262407064437866
0.3812478482723236 0.40781673789024353
0.3813835680484772 0.40984630584716797
0.3810623288154602 0.4035557806491852
0.3812932074069977 0.41084152460098267
0.381454199552536 0.4004474878311157
0.3809959888458252 0.41366514563560486
0.38115954399108887 0.40292540192604065
0.3813988268375397 0.4104551672935486
0.38119518756866455 0.40846532583236694
0.38098806142807007 0.40539610385894775
0.38118094205856323 0.40613842010498047
0.38129785656929016 0.4039321541786194
0.3809511363506317 0.398784339427948
0.38125211000442505 0.40038371086120605
0.38139697909355164 0.4017799198627472
0.38121873140335083 0.41192522644996643
0.38115787506103516 0.4061085283756256
0.38077032566070557 0.4037691354751587
0.3810320794582367 0.40523386001586914
0.38083624839782715 0.40057408809661865
0.3810533583164215 0.40331897139549255
0.3811275064945221 0.4074579179286957
0.3805581033229828 0.40630799531936646
0.38011378049850464 0.4221959412097931
0.38034674525260925 0.40746745467185974
0.3800656199455261 0.406317800283432
0.3808979392051697 0.4012060761451721
0.38065144419670105 0.3999689221382141
0.38067877292633057 0.4082478880882263
0.3805149793624878 0.4017025828361511
0.38000524044036865 0.4083300530910492
