1.5019677877426147 1.502063274383545
1.4805395603179932 1.498532772064209
1.4780114889144897 1.530602216720581
1.4773741960525513 1.5293667316436768
1.476607322692871 1.5044159889221191
1.4763710498809814 1.5065261125564575
1.4757148027420044 1.504975438117981
1.4750126600265503 1.509600043296814
1.3664977550506592 1.3063559532165527
1.2635862827301025 1.2246392965316772
1.0689293146133423 0.9255225658416748
0.9783762693405151 1.010591983795166
0.9142729640007019 1.5013513565063477
1.3969658613204956 1.3086559772491455
1.396864891052246 1.099106788635254
0.9201042056083679 0.7528358101844788
0.8168421387672424 0.7607620358467102
0.8948380351066589 0.8918266892433167
1.1506751775741577 1.3383705615997314
1.258967638015747 1.3124600648880005
1.1454359292984009 1.3021196126937866
1.2058990001678467 0.9729326367378235
1.1457126140594482 0.8561827540397644
0.8005358576774597 0.7593023180961609
0.6587626338005066 0.5946263074874878
0.5875834822654724 0.5534270405769348
0.5667564868927002 0.6720402240753174
0.5437495112419128 0.5669643878936768
0.5218592882156372 0.519120454788208
0.5032230019569397 0.4748595952987671
0.4883842170238495 0.4695785343647003
0.4778643250465393 0.483979731798172
0.4712117910385132 0.44717878103256226
0.4649331569671631 0.4352453649044037
0.455425888299942 0.45688140392303467
0.454018771648407 0.46331650018692017
0.447918176651001 0.5148881673812866
0.44124680757522583 0.44113510847091675
0.4374462366104126 0.4114430248737335
0.43625789880752563 0.4200058579444885
0.432569682598114 0.4259260892868042
0.43039795756340027 0.4150541424751282
0.42717599868774414 0.46483752131462097
0.42630815505981445 0.3996778428554535
0.42209911346435547 0.4666762948036194
0.42331352829933167 0.4746270775794983
0.42024141550064087 0.4091782569885254
0.4176279604434967 0.40173840522766113
0.41608521342277527 0.39923563599586487
0.41409987211227417 0.40650591254234314
0.41420236229896545 0.4079597592353821
0.4132665991783142 0.4059717059135437
0.4082980155944824 0.4435196816921234
0.4067976474761963 0.4226493835449219
0.40795770287513733 0.42210209369659424
0.40539729595184326 0.3989621102809906
0.40686261653900146 0.44674035906791687
0.40630868077278137 0.44194114208221436
0.40199014544487 0.3864312469959259
0.40548577904701233 0.40783101320266724
0.39912149310112 0.3901349902153015
0.39926213026046753 0.4453832507133484
0.3969799876213074 0.3778592348098755
0.3958450257778168 0.4132656157016754
0.39494749903678894 0.37428608536720276
0.399201899766922 0.42182794213294983
0.3972620964050293 0.4056255519390106
0.3933428227901459 0.4031854569911957
0.3932555019855499 0.38522589206695557
0.39332371950149536 0.38016951084136963
0.39524298906326294 0.3873991072177887
0.39121589064598083 0.3843252956867218
0.39452388882637024 0.3807574212551117
0.38994136452674866 0.4450036287307739
0.3871881365776062 0.3865480422973633
0.3883325755596161 0.39228376746177673
0.390592098236084 0.40129774808883667
0.3859788179397583 0.48414650559425354
0.38771724700927734 0.37529832124710083
0.38744378089904785 0.3766806423664093
0.38760098814964294 0.3769457936286926
0.38634833693504333 0.3710215389728546
0.38524720072746277 0.38892149925231934
0.38512492179870605 0.3687186539173126
0.3847755491733551 0.38503894209861755
0.3848360776901245 0.384674072265625
0.38249334692955017 0.37018653750419617
0.3843514025211334 0.4229791760444641
0.38060814142227173 0.3671119809150696
0.38297247886657715 0.38480502367019653
0.3808917999267578 0.3696458339691162
0.38155683875083923 0.38226044178009033
0.38388127088546753 0.3772667348384857
0.3819356858730316 0.385590136051178
0.3817526400089264 0.40078866481781006
0.3818877935409546 0.3754855990409851
0.3807891607284546 0.381435364484787
0.3795761168003082 0.3663312494754791
0.38123559951782227 0.39596378803253174
0.37910890579223633 0.3654424250125885
0.37917083501815796 0.37617748975753784
0.378341406583786 0.4220333695411682
0.3771606981754303 0.39841923117637634
0.37628570199012756 0.38796713948249817
0.37668728828430176 0.36746180057525635
0.37721166014671326 0.36819779872894287
0.376544326543808 0.3861941397190094
0.3768373131752014 0.3848514258861542
0.376056045293808 0.3731994926929474
0.37550804018974304 0.393505722284317
0.3747478127479553 0.39133164286613464
0.3769591152667999 0.37737342715263367
0.37478747963905334 0.4222085475921631
0.3750559389591217 0.377898246049881
0.3745831847190857 0.3851526975631714
0.3726366460323334 0.35874485969543457
0.37232518196105957 0.36875513195991516
0.37481948733329773 0.38705945014953613
0.37473729252815247 0.3715399503707886
0.37628471851348877 0.3793804943561554
0.3746901750564575 0.39703232049942017
0.37348154187202454 0.3749909996986389
0.3729776442050934 0.4067443013191223
0.37385228276252747 0.38778355717658997
0.3722727298736572 0.36277198791503906
0.3731880784034729 0.4163247048854828
0.3722943067550659 0.36345717310905457
0.3722793757915497 0.4493098258972168
0.37058335542678833 0.39831751585006714
0.371930330991745 0.40770256519317627
0.3691628575325012 0.3668052554130554
0.37228599190711975 0.3643769919872284
0.37176045775413513 0.36656418442726135
0.3699590861797333 0.37080857157707214
0.3714739680290222 0.3668999671936035
0.368752121925354 0.36325639486312866
0.37008753418922424 0.3715856373310089
0.369528204202652 0.3827314078807831
0.3694697320461273 0.3636152148246765
0.366581529378891 0.3616713583469391
0.3695462942123413 0.3902454972267151
0.367900550365448 0.38822078704833984
0.36890655755996704 0.37546467781066895
0.36727213859558105 0.3789341151714325
0.3688780665397644 0.4030297100543976
0.3685804009437561 0.3571130633354187
0.36686182022094727 0.3595224618911743
0.3680145740509033 0.3735314905643463
0.3670198321342468 0.3834286630153656
0.36762377619743347 0.35772904753685
0.36537301540374756 0.36278122663497925
0.36758288741111755 0.3750346302986145
0.3661162853240967 0.3770412802696228
0.3668707013130188 0.3601001501083374
0.3676230013370514 0.4387368857860565
0.3671240508556366 0.38402336835861206
0.36631855368614197 0.35880154371261597
0.36666154861450195 0.361808717250824
0.36788296699523926 0.3753817081451416
0.36491045355796814 0.41648873686790466
0.36596402525901794 0.38124918937683105
0.36593422293663025 0.3769790530204773
0.3662507236003876 0.3596608638763428
0.3652813136577606 0.3861845135688782
0.36587420105934143 0.3817760944366455
0.3631097674369812 0.4223518669605255
0.36399713158607483 0.4095780551433563
0.36441949009895325 0.3717260956764221
0.36292675137519836 0.35991013050079346
0.36363333463668823 0.3685007691383362
0.3637329936027527 0.371197372674942
0.36129558086395264 0.36676910519599915
0.36273545026779175 0.36269447207450867
0.364492267370224 0.3722759783267975
0.36119914054870605 0.37034106254577637
0.36396458745002747 0.36195582151412964
0.36109933257102966 0.39166632294654846
0.36292120814323425 0.3664533197879791
0.36251625418663025 0.3679890036582947
0.3629564642906189 0.3626009225845337
0.36349180340766907 0.36810600757598877
0.36373117566108704 0.376787394285202
0.36215004324913025 0.35974565148353577
0.3610008656978607 0.36704474687576294
0.36034244298934937 0.3814898729324341
0.3611031472682953 0.3713397681713104
0.3628556430339813 0.39061543345451355
0.3619977831840515 0.35732585191726685
0.35967886447906494 0.3589661419391632
0.3618163764476776 0.3822246789932251
0.3624686002731323 0.3958195745944977
0.36143243312835693 0.3687153160572052
0.36080408096313477 0.37235695123672485
0.3593348562717438 0.36874157190322876
0.36134934425354004 0.37778905034065247
0.359828382730484 0.3859085738658905
0.3603939712047577 0.35451143980026245
0.35832479596138 0.3904707133769989
0.36112454533576965 0.3580276370048523
0.36266666650772095 0.36446455121040344
0.35791006684303284 0.35820114612579346
0.3599011301994324 0.35054537653923035
0.3605074882507324 0.36985477805137634
0.3563784658908844 0.36993613839149475
0.3578515648841858 0.36228370666503906
0.35836607217788696 0.3690806031227112
0.3574948310852051 0.38834336400032043
0.3578405976295471 0.3652316927909851
0.3594828248023987 0.35371217131614685
0.3567492365837097 0.3570176959037781
0.35507822036743164 0.3711540400981903
0.35856345295906067 0.3607490360736847
0.35669365525245667 0.3583444058895111
0.35714855790138245 0.37104538083076477
0.3566449284553528 0.3519342541694641
0.35532239079475403 0.351197212934494
0.3600439429283142 0.36445167660713196
0.35620930790901184 0.3507245182991028
0.35645025968551636 0.36564210057258606
0.35657137632369995 0.36954066157341003
0.35709577798843384 0.35172098875045776
0.35589665174484253 0.35559383034706116
0.35530486702919006 0.36204224824905396
0.3541721999645233 0.3553226590156555
0.3541887700557709 0.3940165340900421
0.3556116819381714 0.36185646057128906
0.3558637201786041 0.367535263299942
0.35592976212501526 0.39173683524131775
0.35500699281692505 0.3668990731239319
0.35454344749450684 0.3588138520717621
0.3551372289657593 0.3542271554470062
0.35381338000297546 0.37196114659309387
0.3548378646373749 0.37009572982788086
0.35528528690338135 0.4054708182811737
0.3548276722431183 0.3565167784690857
0.3536798655986786 0.35463279485702515
0.35338500142097473 0.38660770654678345
0.35184410214424133 0.37014755606651306
0.3530992865562439 0.3801121711730957
0.352722704410553 0.36303186416625977
0.35321733355522156 0.39791399240493774
0.35268235206604004 0.34567129611968994
0.35240837931632996 0.3536987900733948
0.3535395860671997 0.37072232365608215
0.35312187671661377 0.3517509996891022
0.35218507051467896 0.3782416880130768
0.35387393832206726 0.3747580349445343
0.3508671224117279 0.37122461199760437
0.3525000810623169 0.362710565328598
0.3539978265762329 0.3734542429447174
0.35202375054359436 0.35169363021850586
0.3506867289543152 0.4247182607650757
0.3513425886631012 0.35106411576271057
0.35112524032592773 0.3797273635864258
0.3514518439769745 0.345672607421875
0.35160738229751587 0.35319656133651733
0.3513912558555603 0.3544958233833313
0.35086095333099365 0.3810659646987915
0.351260781288147 0.3721267879009247
0.3510318696498871 0.3582603633403778
0.35039177536964417 0.3652381896972656
0.351445734500885 0.3649413585662842
0.35106122493743896 0.34661656618118286
0.3515689969062805 0.37410804629325867
0.3508554995059967 0.35785117745399475
0.351278692483902 0.35472288727760315
0.3509196937084198 0.36278390884399414
0.3501266539096832 0.37383219599723816
0.35466453433036804 0.36129748821258545
0.3497380316257477 0.3624078333377838
0.34880760312080383 0.3652767837047577
0.3495919108390808 0.35421082377433777
0.34948232769966125 0.36003318428993225
0.34901711344718933 0.3650853633880615
0.349107027053833 0.3490141034126282
0.3497737646102905 0.35132113099098206
0.3491027057170868 0.35341665148735046
0.3489120304584503 0.3604370057582855
0.34792274236679077 0.36404943466186523
0.3495236039161682 0.34877681732177734
0.3486012816429138 0.35222992300987244
0.34954559803009033 0.3537819981575012
0.3486582934856415 0.36101195216178894
0.3479965329170227 0.36015036702156067
0.34895530343055725 0.3590962886810303
0.34750813245773315 0.3618347644805908
0.3479536175727844 0.3755260407924652
0.3478764593601227 0.35967350006103516
0.3482608497142792 0.35443419218063354
0.3481096625328064 0.3538406789302826
0.34701672196388245 0.3568592071533203
0.3485090136528015 0.36385834217071533
0.3484480381011963 0.37317216396331787
0.34774190187454224 0.35076436400413513
0.3477211892604828 0.3623083531856537
0.3468632698059082 0.35571369528770447
0.3469141721725464 0.3517245948314667
0.3475281894207001 0.35144707560539246
0.347716748714447 0.39281168580055237
0.34655526280403137 0.3546457290649414
0.34916993975639343 0.37299251556396484
0.3472232222557068 0.3642694056034088
0.3479313254356384 0.3562440574169159
0.3449349105358124 0.34784334897994995
0.35921239852905273 0.34528979659080505
0.3466496467590332 0.3557770848274231
0.3485632836818695 0.36166712641716003
0.3471852242946625 0.3439140319824219
0.3476801812648773 0.36379092931747437
0.3472781777381897 0.35250043869018555
0.34687575697898865 0.3636394441127777
0.3461458384990692 0.35373109579086304
0.3464679419994354 0.34585845470428467
0.3464854657649994 0.3442744016647339
0.3463180661201477 0.3596983551979065
0.34513238072395325 0.35051393508911133
0.34470686316490173 0.3547106385231018
0.3444153964519501 0.36919212341308594
0.34552618861198425 0.3942267894744873
0.3455468714237213 0.35300424695014954
0.3441844582557678 0.36899492144584656
0.3464106023311615 0.34878435730934143
0.34560108184814453 0.34603726863861084
0.3460003137588501 0.3801082372665405
0.3451758325099945 0.34832602739334106
0.3466062843799591 0.3435958921909332
0.3461025059223175 0.387327641248703
0.34469690918922424 0.36362093687057495
0.34426090121269226 0.3502110242843628
0.3468748927116394 0.34900397062301636
0.34531426429748535 0.3557299077510834
0.34397992491722107 0.34945204854011536
0.3441833555698395 0.4030037522315979
0.34528547525405884 0.3570752739906311
0.3441470265388489 0.35904890298843384
0.345328688621521 0.34945377707481384
0.34382617473602295 0.35091927647590637
0.34402984380722046 0.35924217104911804
0.3439244031906128 0.39898577332496643
0.34320715069770813 0.39362990856170654
0.34311822056770325 0.3615826368331909
0.3434011936187744 0.38711532950401306
0.3435229957103729 0.346800833940506
0.3420509696006775 0.35014209151268005
0.3424491882324219 0.3502500057220459
0.3425953686237335 0.37445229291915894
0.4053862690925598 0.39982739090919495
0.38847842812538147 0.37824591994285583
0.38092103600502014 0.3922737240791321
0.37437304854393005 0.37199774384498596
0.3698488771915436 0.36738795042037964
0.36723801493644714 0.35738903284072876
0.36357948184013367 0.3615492582321167
0.362259179353714 0.38047462701797485
0.36072078347206116 0.3594447672367096
0.3588618338108063 0.3565692603588104
0.35972335934638977 0.3861571252346039
0.3574662506580353 0.3655598759651184
0.3562351167201996 0.36413639783859253
0.4142952561378479 0.4209348261356354
0.3865456283092499 0.3929831385612488
0.37724122405052185 0.3749954104423523
0.37301018834114075 0.3863396942615509
0.3676682412624359 0.39112621545791626
0.36540088057518005 0.4394909739494324
0.36348846554756165 0.36060696840286255
0.36113879084587097 0.3761994242668152
0.3611128032207489 0.36769548058509827
0.3593134582042694 0.35643312335014343
0.3568519949913025 0.3597416281700134
0.3558541536331177 0.35343286395072937
0.3550472855567932 0.3636496365070343
0.3554127514362335 0.36727389693260193
0.3544175922870636 0.37933090329170227
0.3543081283569336 0.3566473424434662
0.3744426369667053 0.6653964519500732
0.46144217252731323 0.4236255884170532
0.395891010761261 0.4019509553909302
0.38147714734077454 0.3776843845844269
0.37483060359954834 0.3715350925922394
0.3693126142024994 0.36850473284721375
0.36621999740600586 0.3830774128437042
0.3652920126914978 0.38054829835891724
0.3634137809276581 0.38058778643608093
0.3609830439090729 0.35768869519233704
0.35977357625961304 0.36167994141578674
0.3604884743690491 0.36751964688301086
0.3585266172885895 0.3557920753955841
0.3574577867984772 0.355028361082077
0.35653436183929443 0.3777930736541748
0.3549214005470276 0.3796892762184143
0.355517715215683 0.3542167544364929
0.35375112295150757 0.3542895019054413
0.3547741174697876 0.39094677567481995
0.3547421097755432 0.3511017858982086
0.35727888345718384 0.35666385293006897
0.35315367579460144 0.36209091544151306
0.3533304035663605 0.3564831018447876
0.35329383611679077 0.3585939109325409
0.3520035445690155 0.3491358757019043
0.3512086868286133 0.3508376181125641
0.35144051909446716 0.38051313161849976
0.352056622505188 0.3516048192977905
0.3508232831954956 0.35006868839263916
0.3493659794330597 0.3568255603313446
0.3499389588832855 0.3551107347011566
0.34938064217567444 0.3517554998397827
0.34918928146362305 0.3598305881023407
0.34876006841659546 0.362771600484848
0.34878960251808167 0.36485031247138977
0.3490172326564789 0.36197903752326965
0.3492852449417114 0.3553948402404785
0.3494735360145569 0.3719497621059418
0.34826764464378357 0.35558900237083435
0.3494188189506531 0.37545114755630493
0.34842169284820557 0.37834253907203674
0.3483155369758606 0.3441290557384491
0.3483954966068268 0.3689008951187134
0.34924277663230896 0.3696537911891937
0.34666168689727783 0.35319313406944275
0.3473883271217346 0.35882988572120667
0.34707027673721313 0.36047831177711487
0.3466823101043701 0.3866256773471832
0.3466559052467346 0.37682774662971497
0.34748685359954834 0.34455952048301697
0.347052663564682 0.37030738592147827
0.3471587896347046 0.36162686347961426
0.34559139609336853 0.34029462933540344
0.3763372302055359 0.4505387544631958
0.3894565999507904 0.37711936235427856
0.37036028504371643 0.38445448875427246
0.36294806003570557 0.366917222738266
0.3602827787399292 0.392636239528656
0.3570278286933899 0.3701723515987396
0.35607466101646423 0.3829869031906128
0.35528042912483215 0.3613516688346863
0.3541189730167389 0.3544558584690094
0.3523958623409271 0.36527231335639954
0.35201171040534973 0.36355483531951904
0.3515869379043579 0.3504484295845032
0.3502243459224701 0.3903529644012451
0.34997880458831787 0.3623485267162323
0.3503643274307251 0.3695143461227417
0.3502872884273529 0.3484972417354584
0.34931135177612305 0.3564249277114868
0.34914588928222656 0.34804725646972656
0.34927263855934143 0.34623172879219055
0.3491388261318207 0.3497091233730316
0.3493518531322479 0.36512836813926697
0.34860825538635254 0.3517124056816101
0.3478970527648926 0.3453579843044281
0.34845611453056335 0.35993629693984985
0.3471197783946991 0.348300963640213
0.34725257754325867 0.3501003682613373
0.34685519337654114 0.34502917528152466
0.34722208976745605 0.34829258918762207
0.3474156856536865 0.35059475898742676
0.346249520778656 0.3448490500450134
0.34588074684143066 0.3475261628627777
0.3447627127170563 0.34480997920036316
0.3446508049964905 0.3440682590007782
0.3454412519931793 0.35656654834747314
0.34502315521240234 0.3646847605705261
0.3456490933895111 0.35104599595069885
0.34526729583740234 0.3473951518535614
0.345556378364563 0.39085638523101807
0.34519702196121216 0.3443164825439453
0.34403619170188904 0.34166789054870605
0.4134620428085327 0.39300021529197693
0.3806454837322235 0.3660675287246704
0.36861875653266907 0.3702894151210785
0.3607509434223175 0.3787001669406891
0.35928627848625183 0.3677806258201599
0.35687223076820374 0.3589990735054016
0.35451340675354004 0.35427504777908325
0.3535903990268707 0.3732312321662903
0.35242781043052673 0.3476716876029968
0.35167503356933594 0.3651147186756134
0.35062646865844727 0.3496168553829193
0.34860876202583313 0.36669832468032837
0.34883609414100647 0.3503423035144806
0.34743091464042664 0.3557192385196686
0.3488919138908386 0.3471585214138031
0.3474801182746887 0.3724405765533447
0.3467341959476471 0.34789615869522095
0.3464981019496918 0.3676682412624359
0.3461225628852844 0.3446532189846039
0.3473902940750122 0.35714176297187805
0.34595787525177 0.373202919960022
0.34579819440841675 0.3425794839859009
0.344970703125 0.34207120537757874
0.34498074650764465 0.34302544593811035
0.3448564410209656 0.34864309430122375
0.3443678617477417 0.35700252652168274
0.34390583634376526 0.3608507215976715
0.34520938992500305 0.38407859206199646
0.34473323822021484 0.3458206355571747
0.34474977850914 0.3441721796989441
0.3447062373161316 0.35218849778175354
0.3428085446357727 0.34863439202308655
0.34370866417884827 0.3473183810710907
0.34251514077186584 0.34361016750335693
0.34238681197166443 0.3438485264778137
0.3432255983352661 0.3439212441444397
0.34248074889183044 0.35732197761535645
0.34277838468551636 0.36813244223594666
0.3417654037475586 0.3497788608074188
0.34289002418518066 0.3468374013900757
0.3402421176433563 0.35159045457839966
0.3415639102458954 0.35277169942855835
0.3409750163555145 0.34349992871284485
0.3404570519924164 0.3456232249736786
0.3407309949398041 0.3393622040748596
0.3417789340019226 0.35633355379104614
0.3407588005065918 0.37750840187072754
0.3390923738479614 0.343976229429245
0.3408251106739044 0.37445899844169617
0.33986207842826843 0.33864957094192505
0.3388179838657379 0.35058194398880005
0.3411252200603485 0.35030999779701233
0.3400641083717346 0.38426318764686584
0.3401131331920624 0.34025996923446655
0.3391217887401581 0.3407488465309143
0.340547114610672 0.368083119392395
0.3400067687034607 0.35966089367866516
0.34002530574798584 0.3489588499069214
0.3402837812900543 0.3408539891242981
0.3404860496520996 0.37987378239631653
0.3397156298160553 0.3502066731452942
0.3384344279766083 0.3439025580883026
0.3388078212738037 0.34104272723197937
0.33794400095939636 0.34672611951828003
0.3390415906906128 0.3550623655319214
0.33913135528564453 0.34058859944343567
0.33900755643844604 0.3478051424026489
0.3379579484462738 0.33774515986442566
0.33775028586387634 0.3447338342666626
0.3392791152000427 0.3455190360546112
0.3385521471500397 0.3387299180030823
0.3377056419849396 0.34586286544799805
0.33746910095214844 0.3445609211921692
0.3371506631374359 0.35403111577033997
0.33796796202659607 0.3450760245323181
0.3378971219062805 0.34446898102760315
0.337358295917511 0.3427368104457855
0.33733484148979187 0.35093629360198975
0.33633843064308167 0.34431061148643494
0.33700767159461975 0.33825990557670593
0.33731064200401306 0.35239356756210327
0.3370596468448639 0.33720454573631287
0.3373953700065613 0.3751474916934967
0.3365611135959625 0.3474194407463074
0.33582645654678345 0.34345683455467224
0.3358709216117859 0.3428910970687866
0.3351105749607086 0.34583035111427307
0.3370949923992157 0.34068402647972107
0.3354933559894562 0.34910184144973755
0.33636072278022766 0.3403153717517853
0.33623960614204407 0.34065109491348267
0.33686208724975586 0.3384353816509247
0.335983544588089 0.34243205189704895
0.33531659841537476 0.34498295187950134
0.3357428312301636 0.3400300145149231
0.335269033908844 0.3588937222957611
0.33547520637512207 0.34164032340049744
0.3357296884059906 0.344205379486084
0.3354964256286621 0.35484176874160767
0.3340199589729309 0.34950941801071167
0.33591532707214355 0.3511492609977722
0.33672553300857544 0.3428240418434143
0.33518368005752563 0.3442172706127167
0.3355962038040161 0.3372836709022522
0.33498498797416687 0.3553295433521271
0.3341357409954071 0.34302231669425964
0.3347243368625641 0.33963078260421753
0.33418217301368713 0.3524245619773865
0.3342033326625824 0.3666456639766693
0.33341702818870544 0.33541321754455566
0.3342786133289337 0.3467073440551758
0.3919224441051483 0.4689059853553772
0.4235522449016571 0.4270615577697754
0.39175084233283997 0.38708677887916565
0.38236281275749207 0.37039390206336975
0.37635254859924316 0.40328162908554077
0.3693470358848572 0.39738672971725464
0.36611130833625793 0.37978607416152954
0.3620060682296753 0.400307834148407
0.3585372269153595 0.37763214111328125
0.35607829689979553 0.35222384333610535
0.35376331210136414 0.35232576727867126
0.3516603112220764 0.355555921792984
0.3498495817184448 0.3543577492237091
0.34843167662620544 0.34415581822395325
0.3460753262042999 0.3603198528289795
0.34673088788986206 0.3435828685760498
0.3455129861831665 0.3483218550682068
0.3459692895412445 0.3551454544067383
0.34484803676605225 0.35918378829956055
0.3447710871696472 0.33952808380126953
0.3437672555446625 0.3646203577518463
0.3445594012737274 0.3643184304237366
0.34199169278144836 0.3569786250591278
0.3423718214035034 0.34443700313568115
0.34255465865135193 0.35513684153556824
0.3408425450325012 0.3495170772075653
0.341878741979599 0.34112808108329773
0.34036388993263245 0.3456832468509674
0.3395441472530365 0.3423943817615509
0.33958351612091064 0.3536068797111511
0.3394263684749603 0.3524676561355591
0.3398563265800476 0.35163894295692444
0.33940649032592773 0.35417717695236206
0.33895453810691833 0.3387956917285919
0.33880501985549927 0.35417184233665466
0.33750006556510925 0.38685351610183716
0.3384268581867218 0.3393762409687042
0.3389582633972168 0.34041735529899597
0.33876803517341614 0.3395034968852997
0.3384372293949127 0.3494374454021454
0.33861634135246277 0.35715630650520325
0.33805564045906067 0.34552592039108276
0.33703142404556274 0.33996185660362244
0.3375460207462311 0.34872108697891235
0.33774033188819885 0.3438537120819092
0.3362914025783539 0.33880364894866943
0.3380901515483856 0.3408615291118622
0.33703890442848206 0.3515097498893738
0.33758124709129333 0.3595041036605835
0.3371236026287079 0.33419668674468994
0.33614689111709595 0.38033148646354675
0.33648115396499634 0.3522775173187256
0.336013525724411 0.3334725797176361
0.3360971212387085 0.34798961877822876
0.3354555666446686 0.3410840630531311
0.3362957239151001 0.33728381991386414
0.3353036344051361 0.35577458143234253
0.3357432782649994 0.3409280478954315
0.3351239562034607 0.3503154516220093
0.33592987060546875 0.3444322347640991
0.3348289728164673 0.3522331416606903
0.3343070447444916 0.34901493787765503
0.33334872126579285 0.33685022592544556
0.33435356616973877 0.3446156680583954
0.33423423767089844 0.33900487422943115
0.33466294407844543 0.34286952018737793
0.33337390422821045 0.34392082691192627
0.33371981978416443 0.3382094204425812
0.3340972363948822 0.3405693769454956
0.333456814289093 0.3452797532081604
0.3334200084209442 0.33830323815345764
0.33386728167533875 0.33524569869041443
0.3336290717124939 0.3329126238822937
0.33310532569885254 0.34310272336006165
0.33261314034461975 0.3395557701587677
0.33308491110801697 0.3381379246711731
0.3325802981853485 0.3383375406265259
0.3329734802246094 0.347106009721756
0.33254241943359375 0.3437604308128357
0.33381515741348267 0.3361012637615204
0.33262911438941956 0.3446020185947418
0.33283716440200806 0.34521621465682983
0.33260902762413025 0.34036174416542053
0.3321005702018738 0.33354437351226807
0.3321060538291931 0.3499360978603363
0.3317730724811554 0.3385748863220215
0.33547115325927734 0.3394365608692169
0.33135923743247986 0.3439100384712219
0.33243295550346375 0.3380296528339386
0.3325268626213074 0.3371134102344513
0.332395076751709 0.34752267599105835
0.3320866525173187 0.3446527421474457
0.3325483500957489 0.3383939266204834
0.3318020701408386 0.36489447951316833
0.3312579393386841 0.33340808749198914
0.3308037519454956 0.35057342052459717
0.33205610513687134 0.33537980914115906
0.3320651650428772 0.33617085218429565
0.3325006067752838 0.3378503918647766
0.3311752676963806 0.35551226139068604
0.3319588303565979 0.3471997380256653
0.3304612338542938 0.34353920817375183
0.3318628668785095 0.33814606070518494
0.33096274733543396 0.3498767018318176
0.3310284912586212 0.35477331280708313
0.33100032806396484 0.3558264374732971
0.3317109942436218 0.34731870889663696
0.3296559751033783 0.339111328125
0.3310738503932953 0.3415606617927551
0.33099934458732605 0.3453315794467926
0.33020466566085815 0.3341038227081299
0.32964619994163513 0.33607110381126404
0.33058109879493713 0.33648398518562317
0.33055636286735535 0.34195396304130554
0.33083122968673706 0.3336942493915558
0.33037081360816956 0.3475429117679596
0.3295019865036011 0.33215367794036865
0.33003175258636475 0.355245977640152
0.3306198716163635 0.34949183464050293
0.330601304769516 0.3543325662612915
0.3301921486854553 0.3367406129837036
0.32917216420173645 0.3337579369544983
0.33018404245376587 0.3523595631122589
0.3300835192203522 0.3434014320373535
0.3296321928501129 0.33715638518333435
0.32936277985572815 0.34762707352638245
0.32992106676101685 0.3358244001865387
0.32952287793159485 0.3558262288570404
0.32838723063468933 0.33714231848716736
0.3287447988986969 0.34856095910072327
0.3296011984348297 0.3369465470314026
0.32882922887802124 0.3391526937484741
0.32867515087127686 0.33477917313575745
0.32871386408805847 0.3544037640094757
0.3295815885066986 0.34397533535957336
0.3285156190395355 0.3439365029335022
0.3292236030101776 0.34804821014404297
0.3288183808326721 0.3453211486339569
0.32842597365379333 0.3333613872528076
0.3282751739025116 0.33079269528388977
0.32879623770713806 0.34878623485565186
0.32920384407043457 0.3566604554653168
0.32855215668678284 0.34291088581085205
0.32883626222610474 0.35249003767967224
0.32793334126472473 0.34509098529815674
0.3288528323173523 0.33643749356269836
0.3283059597015381 0.3537234961986542
0.32790857553482056 0.33510109782218933
0.3287947177886963 0.34364816546440125
0.3278609812259674 0.34220707416534424
0.3287750482559204 0.3414765000343323
0.3281363248825073 0.3584302067756653
0.3281354606151581 0.33851784467697144
0.32768017053604126 0.3302795886993408
0.3277803063392639 0.3372502624988556
0.3279537558555603 0.33735206723213196
0.32804635167121887 0.3545435965061188
0.32805463671684265 0.3347502648830414
0.32834765315055847 0.3354234993457794
0.3286011815071106 0.3475080132484436
0.3273989260196686 0.33652788400650024
0.32738739252090454 0.3310369551181793
0.32670143246650696 0.33506596088409424
0.32653796672821045 0.3635879456996918
0.32661622762680054 0.33171379566192627
0.3278163969516754 0.3312797248363495
0.32709065079689026 0.33223849534988403
0.3269893527030945 0.3481599986553192
0.32704824209213257 0.3324970602989197
0.32747703790664673 0.33326610922813416
0.3266809582710266 0.3496043384075165
0.32695963978767395 0.3349827527999878
0.32643216848373413 0.34445473551750183
0.3274635672569275 0.3379066288471222
0.3267991840839386 0.3321206271648407
0.3260904550552368 0.33243197202682495
0.3271884024143219 0.3459456264972687
0.32654517889022827 0.36304548382759094
0.3792237937450409 0.4348728358745575
0.4026273190975189 0.39870768785476685
0.37305906414985657 0.36672499775886536
0.35151681303977966 0.35889139771461487
0.3351232409477234 0.36940938234329224
0.3304550051689148 0.3529883325099945
0.3292102515697479 0.3385680019855499
0.3283066153526306 0.34051749110221863
0.3274400234222412 0.33404454588890076
0.32691267132759094 0.33410727977752686
0.32607969641685486 0.3363841772079468
0.32708078622817993 0.3360438644886017
0.3266570270061493 0.34393852949142456
0.3268091380596161 0.34220805764198303
0.32629820704460144 0.32968130707740784
0.3260107636451721 0.3435758948326111
0.3266642689704895 0.33292555809020996
0.3251284956932068 0.3435385525226593
0.3250043988227844 0.33037957549095154
0.3258309066295624 0.3469793498516083
0.3254222869873047 0.3325352370738983
0.32506874203681946 0.3379727602005005
0.3256794214248657 0.33643049001693726
0.32595402002334595 0.3353230655193329
0.3251449167728424 0.33529457449913025
0.32579419016838074 0.33626025915145874
0.32545894384384155 0.33821892738342285
0.32564401626586914 0.3576584458351135
0.32479044795036316 0.35540130734443665
0.3256593942642212 0.3350830674171448
0.3251872956752777 0.3399231731891632
0.32471632957458496 0.343056321144104
0.3252662420272827 0.34147077798843384
0.3244483768939972 0.33809053897857666
0.324748694896698 0.34460532665252686
0.32550954818725586 0.3313324451446533
0.3248123526573181 0.3472680151462555
0.32471269369125366 0.35347792506217957
0.32430124282836914 0.3374466598033905
0.32492679357528687 0.3327595293521881
0.3250371813774109 0.34949392080307007
0.32517480850219727 0.34539279341697693
0.32454943656921387 0.3476266860961914
