1.318802833557129 1.0454233884811401
0.797706663608551 0.5495454668998718
0.5036332607269287 0.43808504939079285
0.43705496191978455 0.40777212381362915
0.40231794118881226 0.38930246233940125
0.3904944360256195 0.4372262954711914
0.38138431310653687 0.3916500508785248
0.37292560935020447 0.34737199544906616
0.37050238251686096 0.36495789885520935
0.3607993721961975 0.3801283836364746
0.35429778695106506 0.33769911527633667
0.3502729833126068 0.3513586223125458
0.35620614886283875 0.36651939153671265
0.3461556136608124 0.3726949989795685
0.34598323702812195 0.3486034572124481
0.344719797372818 0.3909611999988556
0.3443800210952759 0.3334595263004303
0.3379899561405182 0.33001747727394104
0.33832478523254395 0.3722846210002899
0.3366211950778961 0.4106064438819885
0.3352014124393463 0.3737962245941162
0.33375081419944763 0.3614889681339264
0.33198848366737366 0.3530108332633972
0.3290514349937439 0.35260313749313354
0.3293527066707611 0.3307265341281891
0.32829633355140686 0.32280704379081726
0.32527562975883484 0.33139851689338684
0.32383981347084045 0.36255842447280884
0.3208559453487396 0.33422407507896423
0.3214792311191559 0.335336834192276
0.32227951288223267 0.313795804977417
0.31998538970947266 0.33005329966545105
0.31772279739379883 0.31940874457359314
0.31633904576301575 0.3108251690864563
0.31658828258514404 0.31099170446395874
0.313580721616745 0.3437848687171936
0.31373992562294006 0.3652898967266083
0.3099183738231659 0.320040225982666
0.31067484617233276 0.30275988578796387
0.30880752205848694 0.303323894739151
0.3102387487888336 0.333759605884552
0.3067713975906372 0.30293118953704834
0.30611878633499146 0.34288161993026733
0.3080071210861206 0.3263653814792633
0.30541542172431946 0.34281179308891296
0.3069201707839966 0.31186217069625854
0.3043232262134552 0.4335433840751648
0.302669882774353 0.3051055669784546
0.3031021058559418 0.3079473078250885
0.30261045694351196 0.29623934626579285
0.3009149134159088 0.3057994246482849
0.30045002698898315 0.2960679829120636
0.30126145482063293 0.2968987822532654
0.3000915050506592 0.2988845705986023
0.29957643151283264 0.3241961896419525
0.30011555552482605 0.30692586302757263
0.2983632981777191 0.3270009160041809
0.29961681365966797 0.30227184295654297
0.2995128333568573 0.29378747940063477
0.2995188236236572 0.2906934916973114
0.29778873920440674 0.312083899974823
0.2974223792552948 0.30412185192108154
0.29793936014175415 0.3029561936855316
0.2978537678718567 0.31761619448661804
0.2962937355041504 0.29817748069763184
0.29621779918670654 0.2850625216960907
0.29526856541633606 0.3055964410305023
0.2964306175708771 0.3143535256385803
0.29625725746154785 0.2918225824832916
0.29497137665748596 0.2910977303981781
0.29608485102653503 0.29894641041755676
0.29466623067855835 0.30214422941207886
0.29475024342536926 0.2970336377620697
0.2949233651161194 0.2916349768638611
0.2939155697822571 0.2963642477989197
0.29386022686958313 0.31209710240364075
0.29340118169784546 0.29067230224609375
0.29308009147644043 0.3186107575893402
0.2933964729309082 0.3204035460948944
0.29260578751564026 0.29498785734176636
0.2926163375377655 0.2938801944255829
0.292669415473938 0.3487681746482849
0.2918958067893982 0.2878154516220093
0.29043328762054443 0.3085734248161316
0.2932499945163727 0.2946338355541229
0.29202669858932495 0.2834974229335785
0.29144421219825745 0.3287261724472046
0.2902427315711975 0.32023870944976807
0.2928254008293152 0.33045694231987
0.29182255268096924 0.28322547674179077
0.2910817861557007 0.2892304062843323
0.2902024984359741 0.3110298812389374
0.29068106412887573 0.30405884981155396
0.29037588834762573 0.29500526189804077
0.2906007468700409 0.28966671228408813
0.29107168316841125 0.29542776942253113
0.290227472782135 0.29913410544395447
0.28902468085289 0.30155354738235474
0.28916308283805847 0.28938060998916626
0.290592759847641 0.3239087164402008
0.2894418239593506 0.29182562232017517
0.2899942398071289 0.3009200096130371
0.28887879848480225 0.29297080636024475
0.28892824053764343 0.33987516164779663
0.2898187041282654 0.2887054681777954
0.289032518863678 0.29042187333106995
0.2874186336994171 0.2904156446456909
0.28813257813453674 0.28575533628463745
0.28805699944496155 0.29560887813568115
0.287044882774353 0.3065672814846039
0.28750884532928467 0.2888323664665222
0.28838637471199036 0.28764763474464417
0.2878185510635376 0.289670467376709
0.287240594625473 0.2947666049003601
0.2867544889450073 0.2903946340084076
0.2872023582458496 0.28434550762176514
0.2866775095462799 0.31783565878868103
0.2875251770019531 0.28995734453201294
0.28735828399658203 0.2867894768714905
0.2873559296131134 0.28755030035972595
0.285866379737854 0.28431031107902527
0.2867666482925415 0.28484198451042175
0.2860344648361206 0.283572256565094
0.28610387444496155 0.28758862614631653
0.2863083481788635 0.28416308760643005
0.28709039092063904 0.2890926003456116
0.2855627238750458 0.3384868800640106
0.28651320934295654 0.28771543502807617
0.2856752276420593 0.2832576334476471
0.28685376048088074 0.2919750213623047
0.2863949239253998 0.3047662675380707
0.2859314978122711 0.28416284918785095
0.28506696224212646 0.30484557151794434
0.2853296101093292 0.2960837185382843
0.2850455045700073 0.2794826328754425
0.2850636839866638 0.2864496409893036
0.2851089537143707 0.29885736107826233
0.2838132977485657 0.2881681025028229
0.28453299403190613 0.3117307126522064
0.28383868932724 0.2823120355606079
0.28538405895233154 0.2918933928012848
0.28479236364364624 0.29148441553115845
0.28445687890052795 0.30203601717948914
0.2833000719547272 0.29166239500045776
0.28484585881233215 0.30864644050598145
0.2838355302810669 0.3182700574398041
0.2851053774356842 0.3002071976661682
0.2843439280986786 0.29334557056427
0.28409838676452637 0.30445632338523865
0.2824910879135132 0.28485509753227234
0.28353017568588257 0.28536856174468994
0.28383949398994446 0.28438127040863037
0.2840440571308136 0.29596930742263794
0.283184677362442 0.2898615598678589
0.28339651226997375 0.30252566933631897
0.28257715702056885 0.30076801776885986
0.28343865275382996 0.30066540837287903
0.2825411856174469 0.3012038469314575
0.2814384698867798 0.3170395493507385
0.2830769121646881 0.29970479011535645
0.2823580801486969 0.2802879512310028
0.28330734372138977 0.3137096166610718
0.2826847434043884 0.3297804296016693
0.2810904383659363 0.2850687503814697
0.28244680166244507 0.29644668102264404
0.2825295031070709 0.2842921316623688
0.28224265575408936 0.30079400539398193
0.28156161308288574 0.3292416036128998
0.28140464425086975 0.3112141489982605
0.2820359766483307 0.3319129943847656
0.2812938392162323 0.3145200312137604
0.28231725096702576 0.2952902317047119
0.28113654255867004 0.29312068223953247
0.2816251516342163 0.2865900993347168
0.28268399834632874 0.28645747900009155
0.28264838457107544 0.30171167850494385
0.28175899386405945 0.2873483896255493
0.2824384272098541 0.30999755859375
0.28076809644699097 0.2847015857696533
0.2802615165710449 0.28641408681869507
0.2822694182395935 0.2932676076889038
0.2792384624481201 0.28464072942733765
0.28057464957237244 0.27901491522789
0.2820305824279785 0.29259032011032104
0.2786122262477875 0.28827613592147827
0.27985119819641113 0.2866833508014679
0.2811853885650635 0.2880569100379944
0.27866941690444946 0.31985601782798767
0.2795353829860687 0.3110756278038025
0.2792973816394806 0.2916320562362671
0.27960336208343506 0.2799018621444702
0.2805175185203552 0.29069381952285767
0.2799200415611267 0.283113569021225
0.2791323661804199 0.3146275281906128
0.2808385193347931 0.32670870423316956
0.2798241674900055 0.28201282024383545
0.2800731956958771 0.28427475690841675
0.2784757614135742 0.27510833740234375
0.2786770164966583 0.2859363257884979
0.27848052978515625 0.3068699836730957
0.27894818782806396 0.2839522659778595
0.27819618582725525 0.28537261486053467
0.27699488401412964 0.2773801386356354
0.27967947721481323 0.31364119052886963
0.27877047657966614 0.29951220750808716
0.27788442373275757 0.28023761510849
0.2775117754936218 0.29255664348602295
0.27718302607536316 0.2835061848163605
0.2783461809158325 0.29137179255485535
0.2780635356903076 0.29199492931365967
0.2783419191837311 0.2940167486667633
0.278698205947876 0.27722325921058655
0.27875712513923645 0.2950586974620819
0.27836155891418457 0.282682329416275
0.27913743257522583 0.2866482138633728
0.2790587544441223 0.29427847266197205
0.27836257219314575 0.28724610805511475
0.27733340859413147 0.29232123494148254
0.27744460105895996 0.28615134954452515
0.27809906005859375 0.2819059491157532
0.27749666571617126 0.2894195020198822
0.2771424949169159 0.27374207973480225
0.27699014544487 0.28108176589012146
0.27804410457611084 0.2947068512439728
0.27732381224632263 0.2884242832660675
0.27750712633132935 0.2822839915752411
0.2776927053928375 0.27640366554260254
0.2771601676940918 0.2750682532787323
0.2768184542655945 0.29831305146217346
0.277709037065506 0.2832350730895996
0.27724045515060425 0.28334277868270874
0.2772330045700073 0.2819458544254303
0.2771543860435486 0.28247153759002686
0.2759924530982971 0.28396904468536377
0.27632972598075867 0.28538402915000916
0.2770909070968628 0.2928474545478821
0.27627721428871155 0.2957518696784973
0.2755067050457001 0.2804112732410431
0.2764137387275696 0.2744084298610687
0.2757434844970703 0.2874331772327423
0.2754335105419159 0.2967709004878998
0.2764602601528168 0.2808506488800049
0.2763013243675232 0.2935398817062378
0.27632492780685425 0.28272879123687744
0.27743858098983765 0.28076452016830444
0.2768309712409973 0.2789652645587921
0.27583304047584534 0.2875947654247284
0.2755899429321289 0.27603474259376526
0.2755691111087799 0.28709861636161804
0.2755930721759796 0.2796986699104309
0.2755071222782135 0.32342633605003357
0.27591073513031006 0.2813628613948822
0.2749709188938141 0.28512293100357056
0.27485594153404236 0.2878071367740631
0.2752857506275177 0.2903635501861572
0.277016282081604 0.30933675169944763
0.2753370702266693 0.281032919883728
0.27523282170295715 0.28275173902511597
0.27471402287483215 0.3262650668621063
0.27523094415664673 0.28029829263687134
0.27492132782936096 0.2798992097377777
0.2743556797504425 0.2832268476486206
0.275582492351532 0.27814435958862305
0.27383559942245483 0.29799017310142517
0.27559155225753784 0.2995019555091858
0.27407896518707275 0.2781241238117218
0.27396804094314575 0.28249308466911316
0.2751111090183258 0.2918000817298889
0.2750198245048523 0.29009124636650085
0.2744835615158081 0.285557359457016
0.2739362120628357 0.27261883020401
0.2747602164745331 0.2838379144668579
0.2736949622631073 0.3147197961807251
0.2749907374382019 0.2848842442035675
0.2743034064769745 0.28474491834640503
0.2746013402938843 0.2750547230243683
0.2742968201637268 0.30896398425102234
0.2742515504360199 0.2885938584804535
0.27431073784828186 0.3120872676372528
0.2741186320781708 0.29540812969207764
0.2733556032180786 0.3100396394729614
0.2736479640007019 0.2923041582107544
0.2740474045276642 0.30443069338798523
0.2747260630130768 0.27764254808425903
0.27310454845428467 0.2871648371219635
0.27377283573150635 0.28078147768974304
0.30126282572746277 0.305573433637619
0.3057761490345001 0.2955455780029297
0.2979816198348999 0.30519968271255493
0.2924225330352783 0.29584768414497375
0.2896300256252289 0.28788119554519653
0.2870224118232727 0.2864038348197937
0.2839711010456085 0.2808228135108948
0.3229921758174896 0.3178577125072479
0.31769272685050964 0.31637582182884216
0.3136875033378601 0.31050023436546326
0.29917606711387634 0.3086954355239868
0.28547969460487366 0.313123881816864
0.2816930115222931 0.2854659855365753
0.27726489305496216 0.27160224318504333
0.2767494022846222 0.28451213240623474
0.27594929933547974 0.2754283845424652
0.27440136671066284 0.27155596017837524
0.27473342418670654 0.29308128356933594
0.2737288475036621 0.30505380034446716
0.273794025182724 0.2902349829673767
0.27365726232528687 0.28425905108451843
0.2727259695529938 0.3279559016227722
0.27318891882896423 0.2699916362762451
0.2738836407661438 0.4072209596633911
0.2737818956375122 0.2750106751918793
0.2718694508075714 0.29783910512924194
0.27267298102378845 0.3183760941028595
0.2726176977157593 0.28696197271347046
0.2717024087905884 0.2762875258922577
0.2734698951244354 0.30310380458831787
0.27339524030685425 0.2807304561138153
0.27111390233039856 0.2752390205860138
0.27319106459617615 0.273838073015213
0.27331990003585815 0.28011637926101685
0.27155330777168274 0.2724769115447998
0.2723875641822815 0.29602131247520447
0.27157920598983765 0.27861157059669495
0.27067849040031433 0.2838593125343323
0.27177485823631287 0.30831003189086914
0.2720929682254791 0.3038249611854553
0.27128463983535767 0.2834617495536804
0.27185243368148804 0.282035768032074
0.27361640334129333 0.28331607580184937
0.2777341902256012 0.28153714537620544
0.27115970849990845 0.290845662355423
0.2715189456939697 0.2941235303878784
0.2707896828651428 0.28685298562049866
0.27007246017456055 0.27634620666503906
0.27154552936553955 0.27896663546562195
0.2704359292984009 0.27277877926826477
0.2713155746459961 0.2990039587020874
0.27077779173851013 0.27538299560546875
0.27142423391342163 0.2842543125152588
0.27079689502716064 0.27727481722831726
0.2705652117729187 0.2827317714691162
0.27109548449516296 0.2742307782173157
0.2711786925792694 0.27682071924209595
0.27054882049560547 0.27988430857658386
0.2705437242984772 0.2718912363052368
0.27057546377182007 0.2805456519126892
0.2705322802066803 0.2779364287853241
0.2700191140174866 0.2753612697124481
0.2696415185928345 0.278314471244812
0.271208256483078 0.2730727791786194
0.27133214473724365 0.28559818863868713
0.2710034251213074 0.30153846740722656
0.2854456901550293 0.30092811584472656
0.2829394042491913 0.2734065055847168
0.27090197801589966 0.3001512587070465
0.27022549510002136 0.28110963106155396
0.27096495032310486 0.2775209844112396
0.2693122327327728 0.2799329161643982
0.2682819366455078 0.2818661630153656
0.27008333802223206 0.28017982840538025
0.2706524133682251 0.28891679644584656
0.2700406610965729 0.2849820554256439
0.26878929138183594 0.2806643545627594
0.2695702016353607 0.27525392174720764
0.2691758871078491 0.283274382352829
0.26955142617225647 0.2790614366531372
0.2696599066257477 0.2774304449558258
0.2692609131336212 0.2903989255428314
0.2690684497356415 0.27972158789634705
0.2694607973098755 0.2798510491847992
0.2694140076637268 0.2730746567249298
0.2693359851837158 0.2884744703769684
0.26847100257873535 0.2769836485385895
0.2699025571346283 0.2867758274078369
0.2691256105899811 0.2853200435638428
0.27028703689575195 0.28339558839797974
0.26839977502822876 0.2754281759262085
0.2691246271133423 0.2744159996509552
0.26861828565597534 0.28700634837150574
0.26908913254737854 0.28784090280532837
0.2682287395000458 0.2754577100276947
0.26808857917785645 0.27890917658805847
0.26787012815475464 0.2835076153278351
0.2679980993270874 0.2821686863899231
0.27019694447517395 0.2954324185848236
0.2686878740787506 0.2723003625869751
0.2682114243507385 0.28203147649765015
0.26893487572669983 0.32180818915367126
0.26861512660980225 0.2849932909011841
0.26820793747901917 0.27952080965042114
0.2692089378833771 0.3250443935394287
0.26732802391052246 0.28165891766548157
0.26900139451026917 0.2837449610233307
0.26860755681991577 0.28063490986824036
0.2686583399772644 0.2941133975982666
0.2671853005886078 0.2871355414390564
0.2687094211578369 0.28861767053604126
0.26874876022338867 0.3124920427799225
0.26768070459365845 0.2754288613796234
0.269217848777771 0.3020581901073456
0.267080157995224 0.28104084730148315
0.26861509680747986 0.2698773741722107
0.2673724591732025 0.28167909383773804
0.2679150402545929 0.2886800467967987
0.2674189805984497 0.28414636850357056
0.2681022882461548 0.27266159653663635
0.26791641116142273 0.27233585715293884
0.2673535645008087 0.29889780282974243
0.2682548463344574 0.27549678087234497
0.2672208547592163 0.289016991853714
0.26750099658966064 0.2863558530807495
0.267810583114624 0.2855892479419708
0.26715517044067383 0.2859387695789337
0.2678958475589752 0.2833174765110016
0.2667537033557892 0.2795764207839966
0.2666859030723572 0.28221702575683594
0.26763561367988586 0.280438095331192
0.26780903339385986 0.3196439743041992
0.26758185029029846 0.28402289748191833
0.26605987548828125 0.300311416387558
0.2665666937828064 0.2784574329853058
0.2673553228378296 0.2786608040332794
0.2660631835460663 0.3015578091144562
0.26689204573631287 0.30798012018203735
0.2670031785964966 0.27922117710113525
0.26696205139160156 0.2740446925163269
0.266266793012619 0.2949911952018738
0.26631441712379456 0.29557353258132935
0.2654978632926941 0.29247766733169556
0.2656559348106384 0.2792929410934448
0.26655009388923645 0.2705029249191284
0.2668033242225647 0.28610873222351074
0.2661040127277374 0.27379152178764343
0.2658034563064575 0.2725033462047577
0.26591184735298157 0.27447354793548584
0.2649040222167969 0.28840529918670654
0.2660965621471405 0.30861416459083557
0.26639148592948914 0.2865922152996063
0.26561063528060913 0.27230578660964966
0.2669975757598877 0.29548951983451843
0.266000360250473 0.28779205679893494
0.26496967673301697 0.28046104311943054
0.26610231399536133 0.2799505293369293
0.265285462141037 0.28539547324180603
0.26605862379074097 0.2857344150543213
0.2659718990325928 0.29035836458206177
0.2648334205150604 0.28728538751602173
0.26685580611228943 0.2759195864200592
0.26452645659446716 0.277687668800354
0.2659692168235779 0.29484593868255615
0.266811341047287 0.27771061658859253
0.26569831371307373 0.2807237207889557
0.26475226879119873 0.2788705825805664
0.26542091369628906 0.2942570745944977
0.26470518112182617 0.28420498967170715
0.2650895118713379 0.2949013411998749
0.26610684394836426 0.2978897988796234
0.2655096650123596 0.2738270163536072
0.2653195858001709 0.28834468126296997
0.26504790782928467 0.29895079135894775
0.2660505473613739 0.2901145815849304
0.2658088803291321 0.2700282633304596
0.2646391987800598 0.2782488167285919
0.2646959722042084 0.28036391735076904
0.2644268274307251 0.29049715399742126
0.26537784934043884 0.275644987821579
0.2651668190956116 0.28544488549232483
0.26696011424064636 0.2814009189605713
0.26416251063346863 0.29146137833595276
0.27146056294441223 0.29627928137779236
0.2663334012031555 0.2928153872489929
0.26458582282066345 0.2729966938495636
0.26538458466529846 0.27271512150764465
0.26292291283607483 0.292593777179718
0.26405513286590576 0.28034237027168274
0.2640348970890045 0.2851828336715698
0.26397937536239624 0.2785381078720093
0.2650126814842224 0.2722483277320862
0.26391464471817017 0.28218039870262146
0.26501789689064026 0.279072105884552
0.26602429151535034 0.2833852171897888
0.2647741734981537 0.2720693349838257
0.2643730342388153 0.2761680483818054
0.26342102885246277 0.28376540541648865
0.2638847231864929 0.27094408869743347
0.26443928480148315 0.2720962166786194
0.2644537091255188 0.3026520013809204
0.26347702741622925 0.27110061049461365
0.2632552683353424 0.29688289761543274
0.26285284757614136 0.28962433338165283
0.2643994092941284 0.2798512876033783
0.2650992274284363 0.2931588292121887
0.26377683877944946 0.26879239082336426
0.26402273774147034 0.2827015221118927
0.2634040415287018 0.2745829224586487
0.2647199332714081 0.2769118547439575
0.2633365988731384 0.27348101139068604
0.2639564573764801 0.2968136668205261
0.2625748813152313 0.2773464620113373
0.2631498873233795 0.2896059453487396
0.2643543481826782 0.29522252082824707
0.2623991072177887 0.3059994876384735
0.26309752464294434 0.2737390100955963
0.2640342712402344 0.2930701971054077
0.2644290626049042 0.3005801737308502
0.26323652267456055 0.2865769863128662
0.263128399848938 0.2770812511444092
0.2628595232963562 0.2691292464733124
0.2644451856613159 0.2723853886127472
0.2626570165157318 0.28647658228874207
0.2630526125431061 0.28598853945732117
0.26291385293006897 0.2996825575828552
0.26353153586387634 0.27432137727737427
0.2631039321422577 0.2809480130672455
0.26291772723197937 0.2806801497936249
0.26329752802848816 0.2914884090423584
0.2626888155937195 0.2964087724685669
0.26257985830307007 0.2760978639125824
0.2710575461387634 0.2982464134693146
0.2638677954673767 0.2907259166240692
0.26106125116348267 0.30128443241119385
0.2637619376182556 0.27380451560020447
0.262588769197464 0.28026771545410156
0.26265740394592285 0.2809113562107086
0.2620723247528076 0.2741008698940277
0.26161816716194153 0.2806618809700012
0.2629307806491852 0.27857494354248047
0.2624225914478302 0.2783333659172058
0.2625541388988495 0.27353763580322266
0.26119640469551086 0.27677056193351746
0.2615495026111603 0.2715357542037964
0.26149439811706543 0.2752021849155426
0.2607846260070801 0.270712286233902
0.2624257504940033 0.2822965979576111
0.2610735297203064 0.27227362990379333
0.263174444437027 0.2794186770915985
0.26241934299468994 0.30424320697784424
0.2615303099155426 0.27773168683052063
0.2620255947113037 0.30331939458847046
0.2618672251701355 0.27680182456970215
0.261417418718338 0.28694477677345276
0.26328957080841064 0.2934819757938385
0.2616603970527649 0.2761397361755371
0.260957270860672 0.27160465717315674
0.2624185085296631 0.2756531834602356
0.26139694452285767 0.27201488614082336
0.26167136430740356 0.2724953591823578
0.26152828335762024 0.27545347809791565
0.26259171962738037 0.27151376008987427
0.2618929147720337 0.27638134360313416
0.26200345158576965 0.2824779450893402
0.26008281111717224 0.27691972255706787
0.26144057512283325 0.28919392824172974
0.26166635751724243 0.29616180062294006
0.2616209387779236 0.28837472200393677
0.2614094018936157 0.28417906165122986
0.2764250338077545 0.3230312764644623
0.2770419120788574 0.2686777114868164
0.26564258337020874 0.2889443635940552
0.2602293789386749 0.2753227949142456
0.2638859748840332 0.29976338148117065
0.2609415352344513 0.27000656723976135
0.26036736369132996 0.306253045797348
0.2627149522304535 0.27960652112960815
0.2617245316505432 0.285923033952713
0.2619086802005768 0.270635724067688
0.2605515718460083 0.3054402768611908
0.26171377301216125 0.27014678716659546
0.2607284486293793 0.2799205780029297
0.26105594635009766 0.3212471902370453
0.2612052261829376 0.27982842922210693
0.26088765263557434 0.30733439326286316
0.26106664538383484 0.27950340509414673
0.26241403818130493 0.2794026732444763
0.2619624733924866 0.27769362926483154
0.25988081097602844 0.2817974090576172
0.2608993649482727 0.28008216619491577
0.2607136368751526 0.3105691373348236
0.26075631380081177 0.2993558943271637
0.284363329410553 0.27702245116233826
0.26086029410362244 0.28863874077796936
0.26033633947372437 0.278043657541275
0.2605697214603424 0.2879372239112854
0.2601724863052368 0.3022439479827881
0.2604742646217346 0.2707439064979553
0.2602710723876953 0.27892306447029114
0.2608465254306793 0.2845861613750458
0.2591122090816498 0.2893708348274231
0.2601616084575653 0.27858075499534607
0.2594894468784332 0.2896791100502014
0.2597697675228119 0.2816244959831238
0.2594444751739502 0.27409106492996216
0.2615194022655487 0.28936201333999634
0.26017725467681885 0.27631527185440063
0.25945886969566345 0.28476983308792114
0.2598365545272827 0.2706468999385834
0.25956279039382935 0.2880306839942932
0.2602507770061493 0.2742856442928314
0.2606946527957916 0.27693894505500793
0.2584863305091858 0.2775019705295563
0.25983887910842896 0.27964386343955994
0.25965797901153564 0.2826294004917145
0.25963273644447327 0.27206650376319885
0.2592586576938629 0.3046891689300537
0.26018252968788147 0.32498717308044434
0.25862810015678406 0.2736568748950958
0.2594927251338959 0.2898235321044922
0.25995519757270813 0.2877140939235687
0.25990724563598633 0.29601240158081055
0.25996071100234985 0.28615501523017883
0.25818341970443726 0.2794255316257477
0.2590482831001282 0.2838841378688812
0.26037609577178955 0.274152934551239
0.25904572010040283 0.2804844379425049
0.25852885842323303 0.2841348648071289
0.2603338956832886 0.2990589439868927
0.2624663710594177 0.2788824737071991
0.2602801024913788 0.27355313301086426
0.2596534788608551 0.2877885103225708
0.25916051864624023 0.2801433801651001
0.25908181071281433 0.27883249521255493
0.2722422182559967 0.3047780692577362
0.26024121046066284 0.2760523855686188
0.2591995596885681 0.29304760694503784
0.2596660256385803 0.29236242175102234
0.25907501578330994 0.2751840353012085
0.2598956525325775 0.28615298867225647
0.25903913378715515 0.28304001688957214
0.25817644596099854 0.29698115587234497
0.25911885499954224 0.2862858772277832
0.25956979393959045 0.2789113521575928
0.2598036527633667 0.2781636416912079
0.25772038102149963 0.2812727391719818
0.25836944580078125 0.2769497036933899
0.2580466568470001 0.2906669080257416
0.25866788625717163 0.2882702648639679
0.26019564270973206 0.2834903299808502
0.2596738934516907 0.27774250507354736
0.25961849093437195 0.28758376836776733
0.2589297890663147 0.2790992558002472
0.26811903715133667 0.290789932012558
0.2593982517719269 0.27838772535324097
0.2584349811077118 0.27551189064979553
0.2591559588909149 0.27608105540275574
0.2582632303237915 0.2902248501777649
0.25914260745048523 0.30228757858276367
0.2575647532939911 0.27791139483451843
0.2580077350139618 0.291413813829422
0.25874224305152893 0.27802884578704834
0.2593895196914673 0.31193387508392334
0.2589905261993408 0.2806279957294464
0.25871044397354126 0.28789299726486206
0.25803324580192566 0.2804752588272095
0.2587560713291168 0.27276018261909485
0.2576071619987488 0.2812552750110626
0.259665310382843 0.27644622325897217
0.25912177562713623 0.2761734426021576
0.2596265375614166 0.27741682529449463
0.2581310272216797 0.2763318419456482
0.2591039836406708 0.27908673882484436
0.25825822353363037 0.279984712600708
0.2583661675453186 0.2951182723045349
0.2670576274394989 0.33712515234947205
0.29937151074409485 0.2944682240486145
0.2846831977367401 0.28375932574272156
0.27831944823265076 0.2894662618637085
0.27559974789619446 0.30345311760902405
0.2734779715538025 0.2849883437156677
0.2733364701271057 0.2855018079280853
0.2722870409488678 0.3366692066192627
0.2709292471408844 0.2678965628147125
0.2696998715400696 0.27388301491737366
0.26886025071144104 0.28873154520988464
0.2694270610809326 0.2984909415245056
0.32300588488578796 0.3273167908191681
0.3153587579727173 0.32827115058898926
0.3066204786300659 0.3189525306224823
0.2968362867832184 0.3047548532485962
0.2879543900489807 0.2865949869155884
0.2806836664676666 0.2826204299926758
0.276042103767395 0.2711297571659088
0.27677252888679504 0.28964948654174805
0.27207374572753906 0.29596221446990967
0.27028143405914307 0.29898300766944885
0.26790350675582886 0.2795349359512329
0.2681350111961365 0.278884619474411
0.2654220461845398 0.27204629778862
0.2633444666862488 0.29119959473609924
0.2627767324447632 0.27662646770477295
0.26372310519218445 0.2817995548248291
0.2622714340686798 0.27069199085235596
0.2622770667076111 0.27174288034439087
0.26134389638900757 0.2796776592731476
0.2609924376010895 0.27818563580513
0.2605001926422119 0.2769404947757721
0.26069357991218567 0.28428128361701965
0.2604992091655731 0.2762075364589691
0.2600976526737213 0.2810622453689575
0.25912773609161377 0.2794339656829834
0.2593168020248413 0.2876719534397125
0.2600816786289215 0.28857070207595825
0.25987353920936584 0.29054078459739685
0.25870606303215027 0.29358720779418945
0.25913679599761963 0.2714711129665375
0.25802215933799744 0.30704933404922485
0.2595701217651367 0.2842063307762146
0.258901983499527 0.2755376696586609
0.25764402747154236 0.2703022360801697
0.25793901085853577 0.2787243127822876
0.2586870491504669 0.2765161693096161
0.279060959815979 0.31251588463783264
0.2852327227592468 0.2748013734817505
0.26074355840682983 0.29116731882095337
0.2575814723968506 0.27597975730895996
0.2584912180900574 0.28636690974235535
0.25765901803970337 0.29412323236465454
0.2567228376865387 0.2784087359905243
0.25749802589416504 0.2709919810295105
0.25771045684814453 0.2720206081867218
0.2572246193885803 0.2762395441532135
0.2570274770259857 0.2712766230106354
0.2582755982875824 0.27802032232284546
0.2562457025051117 0.27741897106170654
0.2574330270290375 0.29185763001441956
0.257772833108902 0.28155452013015747
0.25838398933410645 0.2825458347797394
0.2580872178077698 0.2816285490989685
0.2581009268760681 0.2714220881462097
0.25727230310440063 0.2806258797645569
0.257711797952652 0.2873344123363495
0.25621408224105835 0.2814013361930847
0.25816068053245544 0.31119072437286377
0.2570963203907013 0.2787083685398102
0.2570963501930237 0.2755534052848816
0.25740018486976624 0.2910773754119873
0.25700175762176514 0.2779660224914551
0.2576991617679596 0.2942652702331543
0.2570555508136749 0.28737035393714905
0.2575805187225342 0.286622017621994
0.2574436068534851 0.28145909309387207
0.2571420967578888 0.29634565114974976
0.255493700504303 0.2953474819660187
0.25696444511413574 0.285383403301239
0.25625768303871155 0.2779124081134796
0.2571578323841095 0.28409063816070557
0.2564862370491028 0.2796683609485626
0.2570689916610718 0.27842894196510315
0.2574877142906189 0.2799399495124817
0.2565782070159912 0.2876761555671692
0.25753775238990784 0.28287237882614136
0.2576145827770233 0.2743056118488312
0.2574596107006073 0.317831814289093
0.25725290179252625 0.2861745357513428
0.2571064233779907 0.2804626226425171
0.25568053126335144 0.2807430028915405
0.28160279989242554 0.28821831941604614
0.2793441712856293 0.285367876291275
0.2575777769088745 0.27739375829696655
0.2569030821323395 0.2720167934894562
0.25738123059272766 0.2740342617034912
0.25662216544151306 0.2773115336894989
0.2564927935600281 0.2785385251045227
0.2561222016811371 0.27340561151504517
0.25577273964881897 0.28273263573646545
0.2570400536060333 0.281896710395813
0.2561817765235901 0.27944043278694153
0.25640934705734253 0.27563631534576416
0.25554853677749634 0.2887395918369293
0.2560088336467743 0.26874110102653503
0.25603264570236206 0.2734335660934448
0.2568061351776123 0.2734094560146332
0.2558029294013977 0.28053969144821167
0.2560882270336151 0.28402993083000183
0.2567124664783478 0.29814112186431885
0.2560059130191803 0.29652413725852966
0.2584831416606903 0.28448808193206787
0.2568325102329254 0.27762413024902344
0.25629720091819763 0.30545035004615784
0.255585253238678 0.3459712266921997
0.25646549463272095 0.2837108075618744
0.25563064217567444 0.3004986345767975
0.256324827671051 0.26911661028862
0.2559439241886139 0.29920312762260437
0.2566210627555847 0.2715315818786621
0.25550150871276855 0.2973867356777191
0.25570669770240784 0.278426855802536
0.2558557093143463 0.28037747740745544
0.2562447488307953 0.2793501019477844
0.25590750575065613 0.27142155170440674
0.2788153290748596 0.2869570553302765
0.27284249663352966 0.27009111642837524
0.2580797076225281 0.28762286901474
0.25506600737571716 0.3003590404987335
0.2551966607570648 0.297367662191391
0.25525039434432983 0.29790034890174866
0.2551501989364624 0.27757734060287476
0.25495806336402893 0.2810933589935303
0.2544704079627991 0.2893840968608856
0.25501567125320435 0.2694210708141327
0.2544786036014557 0.2850029766559601
0.2542862892150879 0.28183713555336
0.25425541400909424 0.2936341464519501
0.25489184260368347 0.28382790088653564
0.25442445278167725 0.2751292288303375
0.2531657814979553 0.28234028816223145
0.2546631693840027 0.2779301404953003
0.25434625148773193 0.3177928328514099
0.25412705540657043 0.2898111939430237
0.2547656297683716 0.2742801606655121
0.25484421849250793 0.2797982096672058
0.25302162766456604 0.27812570333480835
0.2540912330150604 0.2938823103904724
0.25676432251930237 0.28063449263572693
0.2541641592979431 0.29324984550476074
0.25439196825027466 0.27668848633766174
0.2534450590610504 0.2745365798473358
0.2536256015300751 0.2733936011791229
0.25341230630874634 0.28396010398864746
0.2539554834365845 0.29775160551071167
0.25332313776016235 0.28921154141426086
0.2541167140007019 0.27734991908073425
0.2541537582874298 0.301217257976532
0.2545437216758728 0.2838764786720276
0.25319504737854004 0.289455384016037
0.25411415100097656 0.2718309760093689
0.25240179896354675 0.30319783091545105
0.25280120968818665 0.2928706109523773
0.25260066986083984 0.2840871214866638
0.2536793053150177 0.28834089636802673
0.2531404197216034 0.30229899287223816
0.2526519298553467 0.2725569009780884
0.25430989265441895 0.27105557918548584
0.2537866532802582 0.27934300899505615
0.25406813621520996 0.2804487645626068
0.2537512481212616 0.2719166874885559
0.2539028525352478 0.27428948879241943
0.2534506320953369 0.2775752544403076
0.25304996967315674 0.2758464217185974
0.25326094031333923 0.28603485226631165
0.2544451057910919 0.2742372751235962
0.25299814343452454 0.2822248041629791
0.2539825141429901 0.27794480323791504
0.25357785820961 0.27727562189102173
0.2531268298625946 0.2830696702003479
0.25207749009132385 0.2831840515136719
0.25256893038749695 0.28177544474601746
0.25267958641052246 0.2767607867717743
0.25276389718055725 0.281573623418808
0.25282829999923706 0.277301162481308
0.2533598840236664 0.32847487926483154
0.25374504923820496 0.27594193816185
0.25325021147727966 0.2804434597492218
0.2530279755592346 0.27953246235847473
0.25255024433135986 0.28946977853775024
0.2524685263633728 0.2861400246620178
0.2520783245563507 0.2738538682460785
0.25299039483070374 0.28598225116729736
0.25303542613983154 0.2793012857437134
0.25241389870643616 0.28666284680366516
0.25290602445602417 0.28100842237472534
0.25268012285232544 0.2796235978603363
0.25234097242355347 0.27211853861808777
0.25201189517974854 0.29257699847221375
0.25283560156822205 0.272717148065567
0.25213131308555603 0.2763723134994507
0.2528505027294159 0.2781868577003479
0.25272804498672485 0.29220086336135864
0.25219234824180603 0.29899123311042786
0.2524690330028534 0.2834937572479248
0.25129860639572144 0.27923059463500977
0.2516673803329468 0.28506651520729065
0.2523382604122162 0.2815689742565155
0.2517085075378418 0.28204455971717834
0.2521894574165344 0.28351518511772156
0.2532269060611725 0.2831508219242096
0.25264108180999756 0.28080493211746216
0.25226154923439026 0.2783944606781006
0.2521466910839081 0.2729980945587158
0.25335291028022766 0.27909886837005615
0.2517481744289398 0.30558693408966064
0.25312864780426025 0.27752193808555603
0.2518351972103119 0.28629255294799805
0.2523016631603241 0.28183916211128235
0.25113627314567566 0.27379822731018066
0.2508174180984497 0.2926931083202362
0.25147107243537903 0.2761450707912445
0.25248926877975464 0.3038788139820099
0.2523302733898163 0.2759639620780945
0.2522987127304077 0.27530229091644287
0.2514247000217438 0.29050448536872864
0.25167208909988403 0.2797292470932007
0.25169357657432556 0.2769089937210083
0.251171350479126 0.2860100269317627
0.2520250976085663 0.27933216094970703
0.2524167001247406 0.28720763325691223
0.2513914108276367 0.27706408500671387
0.25273022055625916 0.2789372503757477
0.25133368372917175 0.28758594393730164
0.25215691328048706 0.3239153027534485
0.25016433000564575 0.2820102572441101
0.2516114115715027 0.2758292257785797
0.25129616260528564 0.29385530948638916
0.2521328330039978 0.2710998058319092
0.2519000470638275 0.27797865867614746
0.2514541447162628 0.2892748713493347
0.2514817714691162 0.28300026059150696
0.2513424754142761 0.2758392095565796
0.2516288161277771 0.29425671696662903
0.25069501996040344 0.2924678921699524
0.25137993693351746 0.302886426448822
0.2509368062019348 0.2941143810749054
0.2525976002216339 0.2722649574279785
0.25213897228240967 0.2736014127731323
0.25051847100257874 0.30157750844955444
0.25166216492652893 0.29052644968032837
0.251464307308197 0.27475598454475403
0.2512776553630829 0.29126909375190735
0.2507384419441223 0.2856422960758209
0.25191664695739746 0.2772112786769867
0.2501874268054962 0.27892911434173584
0.2516822814941406 0.2762686312198639
0.25081345438957214 0.28330743312835693
0.2508090138435364 0.2735021114349365
0.2517026960849762 0.2797621488571167
0.25134003162384033 0.295980840921402
0.2502286732196808 0.283732146024704
0.25116342306137085 0.2731321454048157
0.2497493475675583 0.2799692749977112
0.25039660930633545 0.27854207158088684
0.24988916516304016 0.28401613235473633
0.249874547123909 0.30427032709121704
0.24979081749916077 0.2836318016052246
0.2508390247821808 0.2732986509799957
0.2509487569332123 0.27366361021995544
0.2510265111923218 0.2763400375843048
0.2513241171836853 0.286300390958786
0.250979483127594 0.27365776896476746
0.25038304924964905 0.2917150855064392
0.25076961517333984 0.2803272008895874
0.2510811388492584 0.28768348693847656
0.2500888705253601 0.2948988676071167
0.25129565596580505 0.2986184358596802
0.24956387281417847 0.2864552140235901
0.2504201829433441 0.27758049964904785
0.25127649307250977 0.2843429148197174
0.25030723214149475 0.28257930278778076
0.25072893500328064 0.28252163529396057
0.2514307498931885 0.28546324372291565
0.25118520855903625 0.27724719047546387
0.25106170773506165 0.29818055033683777
0.2509153485298157 0.27893903851509094
0.25030389428138733 0.2850377559661865
0.2498181313276291 0.3045937120914459
0.2510793209075928 0.2823449671268463
0.2494177520275116 0.28795674443244934
0.25157633423805237 0.2843693792819977
0.2506779134273529 0.27562379837036133
0.2503492832183838 0.27922967076301575
0.2506505250930786 0.2924046516418457
0.24816381931304932 0.27934297919273376
0.25064533948898315 0.2766808569431305
0.2506495416164398 0.2905840575695038
0.25154268741607666 0.27948835492134094
0.25043609738349915 0.27440568804740906
0.2504854202270508 0.2905566394329071
0.2515987753868103 0.2935926616191864
0.2500913739204407 0.2854498326778412
0.25004637241363525 0.29687511920928955
0.2501472234725952 0.28080201148986816
0.24912331998348236 0.28063124418258667
0.2515915632247925 0.2872283160686493
0.2497691810131073 0.29089421033859253
0.2496536374092102 0.28731369972229004
0.24966397881507874 0.29339954257011414
0.2497079074382782 0.2898225486278534
0.24938993155956268 0.2839219272136688
0.24967695772647858 0.2913398742675781
0.25067436695098877 0.29841309785842896
0.250862181186676 0.2829676568508148
0.24997225403785706 0.30701199173927307
0.25007978081703186 0.27507638931274414
0.2507562041282654 0.2853807210922241
0.24962955713272095 0.27387693524360657
0.25123655796051025 0.2826257050037384
0.24981677532196045 0.27577728033065796
0.2493133246898651 0.3147415518760681
0.24962452054023743 0.28461307287216187
0.24920795857906342 0.2860093116760254
0.25004249811172485 0.2726898193359375
0.24952253699302673 0.30343887209892273
0.24990810453891754 0.2839171886444092
0.24947792291641235 0.2846521735191345
0.2510884404182434 0.27681827545166016
0.2486943006515503 0.28161588311195374
0.2502341568470001 0.2792567312717438
0.24942247569561005 0.2986254394054413
0.25019052624702454 0.2778542637825012
0.24955321848392487 0.28032997250556946
0.24925261735916138 0.2816748321056366
0.24943040311336517 0.2808753252029419
