1.5244146585464478 1.5509170293807983
1.4934487342834473 1.5352939367294312
1.4906597137451172 1.5385897159576416
1.4899388551712036 1.5343223810195923
1.4893953800201416 1.5344094038009644
1.4889070987701416 1.53434419631958
1.4887531995773315 1.5345908403396606
1.4886525869369507 1.5343619585037231
1.4884965419769287 1.5353580713272095
1.488429307937622 1.534302830696106
1.4882770776748657 1.5345975160598755
1.4882159233093262 1.5369304418563843
1.4884109497070312 1.5343730449676514
1.4882633686065674 1.5354000329971313
1.4881983995437622 1.5343074798583984
1.4882416725158691 1.536289095878601
1.488107681274414 1.5357255935668945
1.4879815578460693 1.5358283519744873
1.4881128072738647 1.5349400043487549
1.48799467086792 1.5344345569610596
1.4879404306411743 1.5353913307189941
1.4877614974975586 1.5342564582824707
1.4848473072052002 1.5257971286773682
1.4918880462646484 1.5197077989578247
1.4676454067230225 1.484681248664856
1.0524154901504517 0.701128363609314
0.6634558439254761 0.6503927111625671
0.6124343276023865 0.6195840835571289
0.5880364775657654 0.5645667910575867
0.5717107057571411 0.5860811471939087
0.5520045757293701 0.5218498110771179
0.5402728319168091 0.5162074565887451
0.5324455499649048 0.5280924439430237
0.5231866836547852 0.5370168685913086
0.5159490704536438 0.5108944177627563
0.5138116478919983 0.5093958973884583
0.5048776865005493 0.5030404925346375
0.5002696514129639 0.47916293144226074
0.4969010055065155 0.48005542159080505
0.4921589195728302 0.4840131998062134
0.48831528425216675 0.4770609140396118
0.486696720123291 0.48079144954681396
0.48078760504722595 0.49187982082366943
0.47718197107315063 0.4619735777378082
0.47608232498168945 0.48422491550445557
0.47337573766708374 0.5062040090560913
0.4721747636795044 0.4744983911514282
0.4687388837337494 0.4589802026748657
0.46791818737983704 0.4798829257488251
0.4655301570892334 0.479780375957489
0.4629928767681122 0.48482364416122437
0.46235227584838867 0.46936070919036865
0.4606263041496277 0.47319719195365906
0.4592440724372864 0.44275274872779846
0.45836371183395386 0.4603060483932495
0.45514601469039917 0.44976672530174255
0.45469430088996887 0.44499099254608154
0.4532245099544525 0.44410523772239685
0.45147401094436646 0.44665083289146423
0.4504046142101288 0.45592156052589417
0.4482128918170929 0.4477812945842743
0.44750702381134033 0.46119627356529236
0.44396117329597473 0.44723084568977356
0.44239717721939087 0.4399940073490143
0.4422379732131958 0.44306233525276184
0.44115808606147766 0.4335232675075531
0.44101977348327637 0.45104941725730896
0.440475195646286 0.4453795850276947
0.43973439931869507 0.42833593487739563
0.4376063942909241 0.45201483368873596
0.4367559254169464 0.4408562481403351
0.4360126554965973 0.4529501795768738
0.43307268619537354 0.4165149927139282
0.43477416038513184 0.44291388988494873
0.43280068039894104 0.4194830656051636
0.4326992928981781 0.47880956530570984
0.43176740407943726 0.4305911064147949
0.4312444031238556 0.42219114303588867
0.43040308356285095 0.4707287847995758
0.4303365647792816 0.4284690022468567
0.42842504382133484 0.41373053193092346
0.42925265431404114 0.41722819209098816
0.4282335340976715 0.4202420115470886
0.4284377098083496 0.43463048338890076
0.42772984504699707 0.46217647194862366
0.4276179075241089 0.4249139428138733
0.42580661177635193 0.4182173013687134
0.42558369040489197 0.4276321530342102
0.4269523322582245 0.4250326454639435
0.4267464578151703 0.42330610752105713
0.4256221055984497 0.41373106837272644
0.42489349842071533 0.40998563170433044
0.4250762164592743 0.5387973189353943
0.42341992259025574 0.4095672070980072
0.4225620925426483 0.4278538227081299
0.4237494170665741 0.4340212941169739
0.4216478765010834 0.4220215976238251
0.42082786560058594 0.4459291994571686
0.42101457715034485 0.4235438406467438
0.4217568635940552 0.43262383341789246
0.422169953584671 0.4172832667827606
0.42080166935920715 0.42080166935920715
0.4197017550468445 0.45578262209892273
0.4208570122718811 0.42484050989151
0.4194355010986328 0.4409201145172119
0.41917210817337036 0.4229353964328766
0.419374018907547 0.45199382305145264
0.4195863604545593 0.40847569704055786
0.4191298186779022 0.40938499569892883
0.41919171810150146 0.4083878695964813
0.41819173097610474 0.4336181879043579
0.41795670986175537 0.42045068740844727
0.4181295931339264 0.4548032581806183
0.41826942563056946 0.4176572263240814
0.41790735721588135 0.41494321823120117
0.4171997904777527 0.41224631667137146
0.4152525067329407 0.4162060022354126
0.41525137424468994 0.41427627205848694
0.4156795144081116 0.4382619261741638
0.4146016538143158 0.4602356553077698
0.4152762293815613 0.40515410900115967
0.41416794061660767 0.42792391777038574
0.4134092330932617 0.4676324129104614
0.41450124979019165 0.4257164001464844
0.4145832061767578 0.4107293486595154
0.4142973721027374 0.40550053119659424
0.4138714671134949 0.4239719808101654
0.4129403829574585 0.4234437942504883
0.4128328561782837 0.424974262714386
0.4145005941390991 0.43281984329223633
0.41312041878700256 0.3989150822162628
0.41270768642425537 0.41983792185783386
0.4114406108856201 0.4224705100059509
0.4132978916168213 0.41858577728271484
0.41188767552375793 0.4462933838367462
0.41135138273239136 0.43074533343315125
0.41170331835746765 0.40729820728302
0.4103415012359619 0.4194948673248291
0.41136395931243896 0.43919000029563904
0.409446120262146 0.40608716011047363
0.41073307394981384 0.40111637115478516
0.40943440794944763 0.4127388298511505
0.40908533334732056 0.44518205523490906
0.4087340235710144 0.4063549339771271
0.4088938236236572 0.42342495918273926
0.41019129753112793 0.42150381207466125
0.40788668394088745 0.44927605986595154
0.40828171372413635 0.400854229927063
0.40844953060150146 0.41438889503479004
0.4082616865634918 0.4071204364299774
0.40774431824684143 0.4332796335220337
0.40769922733306885 0.4412728250026703
0.4079085886478424 0.4064585864543915
0.4070124328136444 0.40073060989379883
0.40680623054504395 0.4304500222206116
0.40583336353302 0.4228134751319885
0.4078163504600525 0.4088892340660095
0.40484246611595154 0.4180884063243866
0.4058128595352173 0.4031483232975006
0.4064691960811615 0.4336945712566376
0.4060653746128082 0.4638921916484833
0.4058397710323334 0.407571941614151
0.4041096866130829 0.40769749879837036
0.4022645950317383 0.41242673993110657
0.4021318256855011 0.3920630216598511
0.4007027745246887 0.39664751291275024
0.3993399739265442 0.41424015164375305
0.3980604410171509 0.4122874438762665
0.396374374628067 0.3886103630065918
0.39557427167892456 0.399008184671402
0.39578744769096375 0.4002610743045807
0.3945866823196411 0.41374868154525757
0.39264678955078125 0.3977836072444916
0.39199790358543396 0.39629921317100525
0.3923107981681824 0.38901299238204956
0.39237597584724426 0.399872362613678
0.3908400535583496 0.39492377638816833
0.39085105061531067 0.38661855459213257
0.389722615480423 0.39015886187553406
0.3913368284702301 0.3897283971309662
0.3889797031879425 0.39007383584976196
0.38874197006225586 0.390345960855484
0.3893390893936157 0.38832610845565796
0.3882429003715515 0.3820587694644928
0.38808903098106384 0.3910524845123291
0.38881734013557434 0.38573572039604187
0.3872734010219574 0.38722920417785645
0.38668856024742126 0.3823436200618744
0.3861774206161499 0.38911759853363037
0.38674092292785645 0.38250139355659485
0.38614803552627563 0.3821788430213928
0.3860812783241272 0.39148157835006714
0.3864878714084625 0.38763007521629333
0.385968416929245 0.3922557532787323
0.3853345215320587 0.40498828887939453
0.3848397135734558 0.4001241624355316
0.3847511410713196 0.3985706865787506
0.3857153356075287 0.3901349902153015
0.3848479688167572 0.38436049222946167
0.3856394290924072 0.4100746214389801
0.385262668132782 0.38489264249801636
0.3843725621700287 0.38006559014320374
0.38473576307296753 0.3878055214881897
0.3846238851547241 0.4013567864894867
0.38420990109443665 0.378271222114563
0.3856146037578583 0.37944668531417847
0.3841489851474762 0.4231759309768677
0.3838941752910614 0.3799915611743927
0.3837830126285553 0.3746255040168762
0.38423019647598267 0.3940814733505249
0.3830290138721466 0.4125996530056
0.3835127353668213 0.3757505714893341
0.3822520673274994 0.41185319423675537
0.38220444321632385 0.4171169400215149
0.3831920027732849 0.3927527368068695
0.3821800947189331 0.3999970555305481
0.38124385476112366 0.37578457593917847
0.38104113936424255 0.4163013994693756
0.38133594393730164 0.38172388076782227
0.38084959983825684 0.3974193036556244
0.3816809058189392 0.4074760675430298
0.38181450963020325 0.3896442949771881
0.3814411461353302 0.42261120676994324
0.3807840645313263 0.404938280582428
0.38069045543670654 0.38953202962875366
0.3806963264942169 0.3962652385234833
0.38094019889831543 0.38365912437438965
0.38110291957855225 0.38417771458625793
0.380165696144104 0.3751335144042969
0.3804749846458435 0.3839060664176941
0.38023167848587036 0.3937259018421173
0.38097867369651794 0.3824945092201233
0.38008880615234375 0.4003101587295532
0.3787323534488678 0.37640181183815
0.3790414333343506 0.38447853922843933
0.37901297211647034 0.3862597942352295
0.37870410084724426 0.3749142587184906
0.37788140773773193 0.37936294078826904
0.37899190187454224 0.37548235058784485
0.3786505162715912 0.3985571563243866
0.37680497765541077 0.38713762164115906
0.3777397572994232 0.38225123286247253
0.37884676456451416 0.3835134208202362
0.37774375081062317 0.37845322489738464
0.3782249689102173 0.38063129782676697
0.3772086799144745 0.38661566376686096
0.37710389494895935 0.37550821900367737
0.3772006928920746 0.38838568329811096
0.37774625420570374 0.3919585049152374
0.37808799743652344 0.40802550315856934
0.37799713015556335 0.38416099548339844
0.37687042355537415 0.3889825940132141
0.3775455951690674 0.3802671432495117
0.3775092661380768 0.38245609402656555
0.3772888779640198 0.3920036554336548
0.3772639036178589 0.4165566861629486
0.376182496547699 0.3891903758049011
0.37556564807891846 0.38821640610694885
0.3767903745174408 0.387224018573761
0.3767661452293396 0.3860955536365509
0.37517356872558594 0.3965737223625183
0.3770269453525543 0.3837093710899353
0.3760257661342621 0.3744642734527588
0.3756568431854248 0.38206321001052856
0.3751012682914734 0.41786885261535645
0.37507739663124084 0.38558530807495117
0.37501752376556396 0.3899890184402466
0.37639448046684265 0.397259920835495
0.3751530945301056 0.3836134970188141
0.37513968348503113 0.38246577978134155
0.3755025267601013 0.37990662455558777
0.37464606761932373 0.3915272653102875
0.3758666217327118 0.3826821744441986
0.3747182786464691 0.402126282453537
0.37450075149536133 0.38207194209098816
0.3744075894355774 0.39096593856811523
0.37428340315818787 0.3752192556858063
0.37471631169319153 0.3848789930343628
0.3734561502933502 0.38589227199554443
0.37452706694602966 0.38001421093940735
0.37362006306648254 0.3900417387485504
0.3731576204299927 0.3969712257385254
0.37311938405036926 0.3773726522922516
0.37395378947257996 0.3717867136001587
0.37308469414711 0.37605929374694824
0.37299948930740356 0.38675516843795776
0.37310782074928284 0.38014164566993713
0.3728528618812561 0.38597095012664795
0.3731597065925598 0.3773254156112671
0.37264949083328247 0.3988999128341675
0.3728405833244324 0.3764437735080719
0.3729652762413025 0.3812441825866699
0.3736659288406372 0.39241495728492737
0.37267085909843445 0.4162589907646179
0.37318819761276245 0.3716264069080353
0.37174364924430847 0.384357213973999
0.37270328402519226 0.4098016023635864
0.3723278343677521 0.37659746408462524
0.3720548450946808 0.37572982907295227
0.3724766671657562 0.3770004212856293
0.3730100095272064 0.37761107087135315
0.37206149101257324 0.3754529058933258
0.3709259331226349 0.37203553318977356
0.37131908535957336 0.3822946548461914
0.37198349833488464 0.37660878896713257
0.37068188190460205 0.4117751717567444
0.37092259526252747 0.37596356868743896
0.37066736817359924 0.3755819797515869
0.37083229422569275 0.3706362247467041
0.37081611156463623 0.37739354372024536
0.37123772501945496 0.38492482900619507
0.37051889300346375 0.37709078192710876
0.3701370656490326 0.38494861125946045
0.37176576256752014 0.37167930603027344
0.3700560927391052 0.37405556440353394
0.36956626176834106 0.38570767641067505
0.37044116854667664 0.38820019364356995
0.3704994320869446 0.3733690679073334
0.37059080600738525 0.3768705129623413
0.37023550271987915 0.38022810220718384
0.37139907479286194 0.3830309808254242
0.37000927329063416 0.37060052156448364
0.36998122930526733 0.3793107569217682
0.3703515827655792 0.38212329149246216
0.37018638849258423 0.39405307173728943
0.36972758173942566 0.3783765733242035
0.3691979944705963 0.37628310918807983
0.3701503872871399 0.3930814564228058
0.3688516616821289 0.3881792724132538
0.36883118748664856 0.3754034638404846
0.3699837625026703 0.3834303021430969
0.36943140625953674 0.3781692385673523
0.3687311112880707 0.44533735513687134
0.3686372637748718 0.39185380935668945
0.3687644302845001 0.3794746696949005
0.36857497692108154 0.3833564221858978
0.36844107508659363 0.37560853362083435
0.368585467338562 0.39028894901275635
0.3676832318305969 0.3680862784385681
0.36873504519462585 0.3727358281612396
0.3677469789981842 0.3684544861316681
0.36883485317230225 0.37102895975112915
0.36872410774230957 0.38034987449645996
0.36897194385528564 0.38334229588508606
0.3680219352245331 0.37900277972221375
0.36819207668304443 0.3692825734615326
0.3685060739517212 0.3708125650882721
0.3678101599216461 0.371906578540802
0.3682670593261719 0.38590189814567566
0.36727550625801086 0.3700297176837921
0.366811603307724 0.3716858923435211
0.36693432927131653 0.3838486075401306
0.3668580949306488 0.3752116858959198
0.36719080805778503 0.3724125325679779
0.36656394600868225 0.38195207715034485
0.3669310212135315 0.38130441308021545
0.36673757433891296 0.3691650331020355
0.36670631170272827 0.3782294690608978
0.36726781725883484 0.37874558568000793
0.3675263822078705 0.37094125151634216
0.3669796586036682 0.37690940499305725
0.3660372793674469 0.3925662040710449
0.3658192753791809 0.3976115882396698
0.3665585517883301 0.37947773933410645
0.36681410670280457 0.3674468398094177
0.36757466197013855 0.3916371762752533
0.36648619174957275 0.37254419922828674
0.3665772080421448 0.37065914273262024
0.36585381627082825 0.37024393677711487
0.36629924178123474 0.3859570622444153
0.36673131585121155 0.4096587300300598
0.36620429158210754 0.3705293536186218
0.36527201533317566 0.3778192400932312
0.3656822741031647 0.36956000328063965
0.36560162901878357 0.37887024879455566
0.3651442229747772 0.36735183000564575
0.3653945028781891 0.3709283471107483
0.36530601978302 0.3808628022670746
0.365922749042511 0.37138357758522034
0.3648712933063507 0.37852033972740173
0.36480531096458435 0.3878902196884155
0.36510175466537476 0.38804879784584045
0.3643202781677246 0.3814627230167389
0.3648830056190491 0.3953759968280792
0.36529067158699036 0.37761756777763367
0.3655449450016022 0.42166879773139954
0.3646933138370514 0.37187108397483826
0.36535748839378357 0.37033289670944214
0.365143746137619 0.37561169266700745
0.3646221458911896 0.37745389342308044
0.3644840717315674 0.38002514839172363
0.36499303579330444 0.37523916363716125
0.3648650050163269 0.3721151351928711
0.36508551239967346 0.3705604076385498
0.3644554018974304 0.38571852445602417
0.3640184998512268 0.3783571720123291
0.3635258972644806 0.3741872012615204
0.3637388348579407 0.3824465572834015
0.3635401427745819 0.3834717571735382
0.3637654781341553 0.3721705675125122
0.3632972836494446 0.37366995215415955
0.363606721162796 0.37566667795181274
0.3634529113769531 0.3780868351459503
0.3635023832321167 0.3728742301464081
0.3632289171218872 0.38086262345314026
0.3625514805316925 0.37297672033309937
0.362792432308197 0.3841688632965088
0.3634403347969055 0.39174237847328186
0.3637606203556061 0.3793298602104187
0.3629201650619507 0.3866657316684723
0.36325693130493164 0.37371909618377686
0.362200528383255 0.3693927824497223
0.36311978101730347 0.37206459045410156
0.3633509576320648 0.36468538641929626
0.3630948066711426 0.3887390196323395
0.36307549476623535 0.3707802891731262
0.36301663517951965 0.3882887065410614
0.3629574179649353 0.3909485936164856
0.36237508058547974 0.3794092833995819
0.3620252311229706 0.3769254684448242
0.36260712146759033 0.37345582246780396
0.36257877945899963 0.37237006425857544
0.3623373508453369 0.36845338344573975
0.3621067404747009 0.3827860653400421
0.3619731366634369 0.36992520093917847
0.36194267868995667 0.3802797794342041
0.36142173409461975 0.3708089590072632
0.36234501004219055 0.3783838450908661
0.362581729888916 0.3725208640098572
0.3616419732570648 0.3751772940158844
0.36175036430358887 0.37363696098327637
0.3619960844516754 0.37055063247680664
0.3615894615650177 0.3698444664478302
0.36194661259651184 0.37056291103363037
0.3618110418319702 0.3657912015914917
0.36162135004997253 0.37603506445884705
0.3617037236690521 0.375264048576355
0.3618808090686798 0.3741699159145355
0.36117032170295715 0.3805578649044037
0.3618679940700531 0.38358786702156067
0.36072102189064026 0.4128228724002838
0.3615005910396576 0.37366753816604614
0.36170515418052673 0.3845904469490051
0.3609364926815033 0.37983158230781555
0.3603953421115875 0.37463417649269104
0.36049821972846985 0.383199006319046
0.3601748049259186 0.38859495520591736
0.3604448139667511 0.3693749010562897
0.36078211665153503 0.3724226653575897
0.3608970642089844 0.3657168745994568
0.3600809574127197 0.3714462220668793
0.3605659306049347 0.36864206194877625
0.3601669371128082 0.3690963089466095
0.3605339527130127 0.3686056137084961
0.36039817333221436 0.36903417110443115
0.3609331548213959 0.3842385411262512
0.3595271110534668 0.37438690662384033
0.3603600859642029 0.37248969078063965
0.35979169607162476 0.374563992023468
0.36029699444770813 0.3679749667644501
0.35994040966033936 0.3710823953151703
0.360445499420166 0.37712451815605164
0.3608880639076233 0.3833945691585541
0.3610098958015442 0.3680611550807953
0.36025524139404297 0.3799322545528412
0.35952839255332947 0.37237170338630676
0.35870611667633057 0.3765219748020172
0.3596494793891907 0.36718931794166565
0.3594266176223755 0.36760982871055603
0.35913047194480896 0.38664665818214417
0.359112024307251 0.37694260478019714
0.3588210344314575 0.3675145208835602
0.35935911536216736 0.3700489103794098
0.3585171103477478 0.38100433349609375
0.35879844427108765 0.3826943635940552
0.3590584993362427 0.3678746819496155
0.35912996530532837 0.3692505657672882
0.3590139150619507 0.3782484829425812
0.35879233479499817 0.3688453435897827
0.3584984540939331 0.3664543926715851
0.35867053270339966 0.37373313307762146
0.35878968238830566 0.37358716130256653
0.3594113886356354 0.3727940320968628
0.3587488830089569 0.3745371103286743
0.3591773211956024 0.3682318925857544
0.3581961393356323 0.37680208683013916
0.3582836389541626 0.38307875394821167
0.35820379853248596 0.366267591714859
0.3582718074321747 0.3727903366088867
0.35835421085357666 0.3695926368236542
0.3581113815307617 0.3683947026729584
0.35812127590179443 0.36630621552467346
0.35786253213882446 0.3741622269153595
0.35796478390693665 0.3720937669277191
0.358124315738678 0.3721756041049957
0.3574809432029724 0.38489532470703125
0.35781657695770264 0.37518271803855896
0.35706430673599243 0.3677171468734741
0.3581698536872864 0.3717510998249054
0.3581143915653229 0.3791194558143616
0.35812678933143616 0.3690667152404785
0.3578755855560303 0.37099412083625793
0.35738062858581543 0.37819549441337585
0.3577234148979187 0.36472460627555847
0.3571762442588806 0.36476120352745056
0.3575044572353363 0.36677736043930054
0.3572106659412384 0.3797825574874878
0.3575209677219391 0.3864024877548218
0.3579399585723877 0.36977753043174744
0.3577113151550293 0.369143545627594
0.35743972659111023 0.3875052332878113
0.3575085401535034 0.3766314387321472
0.3569469153881073 0.3753999173641205
0.35620349645614624 0.36933913826942444
0.3566936254501343 0.37176012992858887
0.35678455233573914 0.36975163221359253
0.3562776744365692 0.3741961121559143
0.3568796217441559 0.3738381862640381
0.3567560315132141 0.3747304081916809
0.3568403720855713 0.36966055631637573
0.35604947805404663 0.37022721767425537
0.35703223943710327 0.3750998377799988
0.3563656210899353 0.3744831085205078
0.35645490884780884 0.3709496557712555
0.3566681444644928 0.3954865038394928
0.35673603415489197 0.3919709324836731
0.3560696542263031 0.36705753207206726
0.35625964403152466 0.36947789788246155
0.3565526306629181 0.37354376912117004
0.3560227155685425 0.36627158522605896
0.35654574632644653 0.3636374771595001
0.3559965491294861 0.3710867762565613
0.3564106523990631 0.36771440505981445
0.35612741112709045 0.3643254041671753
0.3566713333129883 0.3712766766548157
0.3558911979198456 0.3779599070549011
0.3558574616909027 0.3671336770057678
0.35567182302474976 0.3707200288772583
0.3554306924343109 0.3721669018268585
0.35540202260017395 0.3877106010913849
0.35539984703063965 0.3658153712749481
0.3555445373058319 0.36602649092674255
0.35570240020751953 0.36731624603271484
0.35535869002342224 0.37567225098609924
0.3551992177963257 0.36968839168548584
0.35570037364959717 0.36418843269348145
0.3553398549556732 0.37045052647590637
0.3552275002002716 0.3730655908584595
0.35566964745521545 0.36616796255111694
0.3554039001464844 0.37364983558654785
0.3551541268825531 0.3705408573150635
0.3551079034805298 0.36709001660346985
0.35519179701805115 0.3823755383491516
0.3549865186214447 0.4227640628814697
0.3555131256580353 0.37920284271240234
0.3549855053424835 0.3676535189151764
0.35509389638900757 0.36693862080574036
0.3554520010948181 0.3753710985183716
0.35484716296195984 0.36984604597091675
0.3540778160095215 0.3632306456565857
0.35439303517341614 0.37221574783325195
0.35426774621009827 0.3722594678401947
0.3545491695404053 0.3746691346168518
0.35456520318984985 0.36986973881721497
0.3541823923587799 0.36666831374168396
0.3545645475387573 0.3715292811393738
0.35506588220596313 0.36391744017601013
0.3540952503681183 0.3651209771633148
0.3542962968349457 0.36905160546302795
0.35408300161361694 0.38121846318244934
0.3543362319469452 0.3902176022529602
0.35492292046546936 0.3654734790325165
0.3541508913040161 0.377739816904068
0.35437238216400146 0.3668176531791687
0.35379260778427124 0.3673524260520935
0.3544037938117981 0.36524924635887146
0.3542267084121704 0.3677206337451935
0.3539116382598877 0.37668439745903015
0.3536597490310669 0.375585675239563
0.35365867614746094 0.3690871000289917
0.35446059703826904 0.36810365319252014
0.35416680574417114 0.37718820571899414
0.3534088730812073 0.36691814661026
0.3532792627811432 0.3637327551841736
0.3532904088497162 0.378573477268219
0.35278409719467163 0.37469810247421265
0.35315316915512085 0.39071154594421387
0.3532794415950775 0.3678404688835144
0.3536519706249237 0.3724006116390228
0.3530828654766083 0.371039479970932
0.35295483469963074 0.3750481605529785
0.35295596718788147 0.37493136525154114
0.35316339135169983 0.3667278289794922
0.35317015647888184 0.37146100401878357
0.3532637357711792 0.36526525020599365
0.35316330194473267 0.3681759238243103
0.35301387310028076 0.36823979020118713
0.3535688817501068 0.37277576327323914
0.35371071100234985 0.36582958698272705
0.3528846204280853 0.3870276212692261
0.35290396213531494 0.3664499819278717
0.3530954420566559 0.3670427203178406
0.35321080684661865 0.36622777581214905
0.3532734513282776 0.3726113438606262
0.3527620732784271 0.3705940842628479
0.35234731435775757 0.38337573409080505
0.3527878522872925 0.3652600646018982
0.35258397459983826 0.3748089075088501
0.3527749180793762 0.36656081676483154
0.35239335894584656 0.3670274317264557
0.3526225686073303 0.3742189109325409
0.3520045280456543 0.3781214952468872
0.3518622815608978 0.3695002496242523
0.35154595971107483 0.3683445453643799
0.35237857699394226 0.3754233717918396
0.3519820272922516 0.3723808228969574
0.3521428406238556 0.3678707182407379
0.3520969748497009 0.36498045921325684
0.3520309329032898 0.36830857396125793
0.35210496187210083 0.36716845631599426
0.3517729640007019 0.37224775552749634
0.3524571657180786 0.37089961767196655
0.35213226079940796 0.36704933643341064
0.3519779443740845 0.365090012550354
0.3522462248802185 0.36701226234436035
0.3522510826587677 0.3685826361179352
0.3521190285682678 0.39638248085975647
0.3520985543727875 0.3738867938518524
0.35150477290153503 0.36883261799812317
0.35124555230140686 0.36964744329452515
0.3513689935207367 0.3705160617828369
0.35091301798820496 0.3730798065662384
0.3512859642505646 0.37232235074043274
0.3513316512107849 0.3761225640773773
0.3511267304420471 0.3669596016407013
0.3513019382953644 0.3727123737335205
0.35154569149017334 0.36699292063713074
0.3514223098754883 0.3672173023223877
0.35111433267593384 0.3704351782798767
0.35120314359664917 0.3646637499332428
0.35146230459213257 0.36806294322013855
0.3513033390045166 0.3647873103618622
0.3516714572906494 0.3643225431442261
0.3502657413482666 0.36597496271133423
0.3517000377178192 0.37483876943588257
0.3509562313556671 0.3749348521232605
0.3515847325325012 0.3752773106098175
0.3507944941520691 0.38993537425994873
0.3507046103477478 0.3650587499141693
0.3513281047344208 0.36374756693840027
0.35132670402526855 0.3742262125015259
0.3509197533130646 0.38241904973983765
0.35017699003219604 0.3677169382572174
0.3508157730102539 0.37823784351348877
0.35068371891975403 0.3708667755126953
0.3503495454788208 0.3792528212070465
0.3502572178840637 0.38798192143440247
0.35108456015586853 0.36520853638648987
0.35025227069854736 0.3714006245136261
0.35065194964408875 0.3671824038028717
0.35011395812034607 0.36835384368896484
0.3507104814052582 0.3643171489238739
0.3501933515071869 0.3847064971923828
0.3499990701675415 0.37147295475006104
0.3509378135204315 0.37031471729278564
0.3503611087799072 0.3692052960395813
0.3503219485282898 0.36567091941833496
0.34999722242355347 0.3674026429653168
0.35004162788391113 0.36540326476097107
0.35023579001426697 0.3765175938606262
0.3502180278301239 0.3641319274902344
0.34998440742492676 0.3666797876358032
0.3505564332008362 0.3645320236682892
0.35061195492744446 0.36506572365760803
0.34980231523513794 0.3648710548877716
0.3494035303592682 0.3691577911376953
0.3488919734954834 0.3732970952987671
0.3494241535663605 0.3839830756187439
0.3496226966381073 0.3704385757446289
0.3497624099254608 0.3685070872306824
0.3498132526874542 0.36588525772094727
0.34906649589538574 0.38142630457878113
0.34948593378067017 0.37141701579093933
0.34972527623176575 0.3674643337726593
0.34959676861763 0.37620869278907776
0.3496038615703583 0.3653062582015991
0.3493477404117584 0.364046186208725
0.3497053384780884 0.36786124110221863
0.3492612838745117 0.3657294809818268
0.3493243455886841 0.3841221332550049
0.3495250642299652 0.36420321464538574
0.3492249846458435 0.36790698766708374
0.3491326868534088 0.363948792219162
0.34944653511047363 0.3682139813899994
0.34938034415245056 0.36700108647346497
0.34952831268310547 0.3785780668258667
0.3493083119392395 0.3706483244895935
0.3496766984462738 0.37065696716308594
0.34885507822036743 0.3732743561267853
0.34899747371673584 0.3691643178462982
0.34865960478782654 0.37076669931411743
0.34866654872894287 0.36726441979408264
0.348445326089859 0.37432482838630676
0.3481701910495758 0.367690771818161
0.34865379333496094 0.37316033244132996
0.3485187292098999 0.36350613832473755
0.3485587537288666 0.3665853440761566
0.34846606850624084 0.3665725290775299
0.3484775125980377 0.36890116333961487
0.34824690222740173 0.3630341589450836
0.348489910364151 0.3659638464450836
0.34894612431526184 0.37304070591926575
0.3482237458229065 0.3648258149623871
0.3484094738960266 0.3692062199115753
0.34850504994392395 0.3869951069355011
0.34858980774879456 0.36449289321899414
0.3481907546520233 0.38087666034698486
0.3489317297935486 0.37243714928627014
0.3485596179962158 0.3731314241886139
0.34831303358078003 0.38004833459854126
0.3482907712459564 0.3678950369358063
0.3481578230857849 0.36962372064590454
0.3477192521095276 0.3735019862651825
0.34791073203086853 0.361735463142395
0.34793567657470703 0.3656291961669922
0.3479568064212799 0.37338021397590637
0.34809496998786926 0.3653092682361603
0.34767425060272217 0.374724805355072
0.3477827310562134 0.36569949984550476
0.3478951156139374 0.36776119470596313
0.34774482250213623 0.36315035820007324
0.34741413593292236 0.371286004781723
0.3475904166698456 0.38118627667427063
0.34789082407951355 0.3652285933494568
0.34754660725593567 0.3749088943004608
0.34788233041763306 0.3710721433162689
0.34779712557792664 0.36647966504096985
0.34758004546165466 0.3714228868484497
0.3475184142589569 0.3673469126224518
0.3476683497428894 0.36887648701667786
0.34761953353881836 0.37707164883613586
0.3473205864429474 0.3706442713737488
0.347755491733551 0.3650193214416504
0.3478180766105652 0.3717058002948761
0.346996545791626 0.3763410449028015
0.34757429361343384 0.36528196930885315
0.34713733196258545 0.3714021146297455
0.34728994965553284 0.362466037273407
0.3467899560928345 0.37342411279678345
0.34738168120384216 0.36196357011795044
0.34696874022483826 0.36429688334465027
0.3472488224506378 0.36726611852645874
0.34657296538352966 0.3687652051448822
0.3468644320964813 0.36653783917427063
0.34733399748802185 0.36554309725761414
0.34676092863082886 0.3629871904850006
0.34689730405807495 0.3695276081562042
0.3469301462173462 0.36393487453460693
0.34701645374298096 0.36629754304885864
0.347109317779541 0.3661903440952301
0.346876323223114 0.36509156227111816
0.3471369445323944 0.368111252784729
0.34696123003959656 0.3643416166305542
0.3470795154571533 0.37928858399391174
0.3466843366622925 0.36371657252311707
0.34650376439094543 0.3679824769496918
0.3466150760650635 0.3773631155490875
0.3471466600894928 0.3712141513824463
0.3461932837963104 0.3689325451850891
0.3462860882282257 0.36813580989837646
0.34630340337753296 0.37256506085395813
0.3464250862598419 0.36594823002815247
0.3460923731327057 0.36889421939849854
0.3466026186943054 0.366854190826416
0.3463270366191864 0.3643241226673126
0.346268892288208 0.3722614347934723
0.34600088000297546 0.3662143647670746
0.34611833095550537 0.36657050251960754
0.3463788330554962 0.36706462502479553
0.3464513421058655 0.3685661852359772
0.34631258249282837 0.37538769841194153
0.34605318307876587 0.37792274355888367
0.345874547958374 0.36989590525627136
0.34623825550079346 0.379239946603775
0.3459579348564148 0.3707427978515625
0.34559938311576843 0.3668186068534851
0.34584739804267883 0.36356744170188904
0.3459634780883789 0.3827744424343109
0.34609708189964294 0.36441367864608765
0.3462093472480774 0.3673751652240753
0.3463890552520752 0.3679050803184509
0.3453546166419983 0.3698141276836395
0.34589841961860657 0.36487725377082825
0.345743864774704 0.3723595142364502
0.3458890914916992 0.37296706438064575
0.34577444195747375 0.3713805675506592
0.34521910548210144 0.36727529764175415
0.3453364670276642 0.3685077130794525
0.34522074460983276 0.3675983250141144
0.34561288356781006 0.3824128210544586
