1.50030517578125 1.6444331407546997
1.4760392904281616 1.6336091756820679
1.474105954170227 1.6412723064422607
1.4728845357894897 1.694398283958435
1.472243070602417 1.6380739212036133
1.472180962562561 1.6443465948104858
1.471662998199463 1.6560592651367188
1.471304178237915 1.6371349096298218
1.4668458700180054 1.6385893821716309
1.0862579345703125 0.9611824154853821
0.8624315857887268 0.971957266330719
0.8487856984138489 0.8861920833587646
0.8384732007980347 0.9082192182540894
0.8339132070541382 0.8751037120819092
0.8196784853935242 0.8901081681251526
0.8029266595840454 0.8479011058807373
0.7749296426773071 0.8153566718101501
0.7602326273918152 0.8841443061828613
0.7486359477043152 0.8153465390205383
0.7388669848442078 0.8051354289054871
0.7340948581695557 0.7737273573875427
0.7293137907981873 0.7908204197883606
0.7234980463981628 0.7641561627388
0.7160326838493347 0.7850631475448608
0.7169753909111023 0.7662492990493774
0.7125608325004578 0.7888692021369934
0.7026267051696777 0.7657791376113892
0.701332151889801 0.7846108675003052
0.6919044256210327 0.7845384478569031
0.6874610185623169 0.7278692126274109
0.6813294291496277 0.7810812592506409
0.6657971143722534 0.7201161980628967
0.6482455134391785 0.6958134770393372
0.6288578510284424 0.8322097659111023
0.6105600595474243 0.7070037722587585
0.5985123515129089 0.6051807999610901
0.5882605910301208 0.6468881964683533
0.5738705396652222 0.6040475964546204
0.5676562786102295 0.6091522574424744
0.5558829307556152 0.5953004956245422
0.5454175472259521 0.5398674011230469
0.5326843857765198 0.5524623394012451
0.5221869349479675 0.5371002554893494
0.5119225382804871 0.5581207275390625
0.5089030861854553 0.5297665596008301
0.5034609436988831 0.523851752281189
0.4971237778663635 0.4949963688850403
0.49179789423942566 0.5028732419013977
0.4883476197719574 0.5113508105278015
0.48310646414756775 0.5230300426483154
0.48226144909858704 0.5267822742462158
0.4789402484893799 0.5245636701583862
0.476774662733078 0.5126727223396301
0.47166717052459717 0.4864955246448517
0.4682771563529968 0.5334530472755432
0.46793869137763977 0.48326435685157776
0.464084655046463 0.5025237798690796
0.4627706706523895 0.500248908996582
0.46091142296791077 0.4851759672164917
0.4601278603076935 0.5248117446899414
0.4590074121952057 0.4572468400001526
0.4585832357406616 0.5130946636199951
0.4546997845172882 0.4725046157836914
0.45311617851257324 0.47058823704719543
0.45115575194358826 0.49536290764808655
0.4510992169380188 0.4488334059715271
0.4487440586090088 0.46033763885498047
0.44698089361190796 0.5173147320747375
0.4467998743057251 0.5107219815254211
0.44639918208122253 0.467153400182724
0.4478444755077362 0.4615717828273773
0.4433053731918335 0.5473155379295349
0.44249963760375977 0.47184690833091736
0.4407235085964203 0.46014925837516785
0.44033294916152954 0.45346030592918396
0.4355614185333252 0.44999125599861145
0.43966126441955566 0.49052610993385315
0.4344309866428375 0.45975205302238464
0.433336079120636 0.44312047958374023
0.43233275413513184 0.4311840534210205
0.42989909648895264 0.46463078260421753
0.43062469363212585 0.43908488750457764
0.43116873502731323 0.44701507687568665
0.43015339970588684 0.4670870900154114
0.4264209270477295 0.4394143521785736
0.4299623668193817 0.447286993265152
0.4265078008174896 0.4881609380245209
0.42304328083992004 0.4354721009731293
0.4224068522453308 0.4278092682361603
0.4201914668083191 0.47634008526802063
0.41827112436294556 0.4171585142612457
0.4167517423629761 0.43212389945983887
0.4148203134536743 0.42931434512138367
0.412429541349411 0.5480315089225769
0.4107455909252167 0.42797377705574036
0.4094266891479492 0.4338080883026123
0.40996772050857544 0.42923107743263245
0.4076225757598877 0.44501596689224243
0.40437331795692444 0.4189634919166565
0.4051855504512787 0.4259260296821594
0.4022935926914215 0.43543657660484314
0.40226849913597107 0.43909376859664917
0.4007759094238281 0.4248407781124115
0.3980726897716522 0.4219305217266083
0.3992058336734772 0.40612608194351196
0.39724546670913696 0.459514856338501
0.3962879776954651 0.4346272349357605
0.3949708640575409 0.4120655059814453
0.39707013964653015 0.42677223682403564
0.39702191948890686 0.40659239888191223
0.3960602283477783 0.42415404319763184
0.39725440740585327 0.42860162258148193
0.3953484296798706 0.45632871985435486
0.3931766152381897 0.44867420196533203
0.3928851783275604 0.4204489290714264
0.39139536023139954 0.4193715453147888
0.39159905910491943 0.3991336226463318
0.39342960715293884 0.41063153743743896
0.39297813177108765 0.4971488118171692
0.39135053753852844 0.4181833863258362
0.3906625211238861 0.4255133867263794
0.39010295271873474 0.405083566904068
0.38934755325317383 0.4343261122703552
0.38928890228271484 0.4121902585029602
0.3885473310947418 0.39870116114616394
0.3909868896007538 0.4472266733646393
0.3919369578361511 0.4131902754306793
0.3877261281013489 0.45273128151893616
0.3884129524230957 0.4682566523551941
0.3883375823497772 0.4135415554046631
0.3875903785228729 0.4238342046737671
0.3868216574192047 0.4025425910949707
0.3850764036178589 0.3898107409477234
0.38604429364204407 0.42628049850463867
0.3871642053127289 0.3914869725704193
0.3866158127784729 0.39363864064216614
0.3879075348377228 0.40696588158607483
0.3866986930370331 0.4219200015068054
0.3866106867790222 0.400827556848526
0.3845866620540619 0.40083712339401245
0.383955717086792 0.40597814321517944
0.38605841994285583 0.4278971254825592
0.3828498125076294 0.40164902806282043
0.38378915190696716 0.4034768044948578
0.384463906288147 0.40218234062194824
0.3848569989204407 0.43138810992240906
0.3830582797527313 0.40717726945877075
0.38342493772506714 0.4337780475616455
0.3846609890460968 0.4457681179046631
0.3849051892757416 0.43271440267562866
0.38109198212623596 0.3950808644294739
0.38340485095977783 0.403582900762558
0.38154691457748413 0.4087337851524353
0.3812711238861084 0.40352943539619446
0.38101306557655334 0.39916494488716125
0.3829179108142853 0.4007217288017273
0.38015058636665344 0.4229159951210022
0.3810279071331024 0.4101218283176422
0.3810252845287323 0.4085272252559662
0.38155102729797363 0.4133712351322174
0.3827276825904846 0.38899609446525574
0.38182684779167175 0.4671046733856201
0.38289883732795715 0.39536356925964355
0.37936532497406006 0.42500996589660645
0.3805927634239197 0.3876137435436249
0.38142916560173035 0.40335583686828613
0.3803894519805908 0.39600929617881775
0.3809063732624054 0.40623000264167786
0.37973955273628235 0.38786181807518005
0.378764271736145 0.4007832407951355
0.37988075613975525 0.38827165961265564
0.3793739378452301 0.4065069556236267
0.3800022304058075 0.4323374927043915
0.37814345955848694 0.3915887176990509
0.37937653064727783 0.398876816034317
0.37703803181648254 0.40982744097709656
0.379255086183548 0.3975539803504944
0.3797496557235718 0.4061025083065033
0.3771364986896515 0.41250622272491455
0.378775954246521 0.39404526352882385
0.37902432680130005 0.4136957824230194
0.3789122402667999 0.40837562084198
0.3783557116985321 0.41953474283218384
0.378083735704422 0.39789578318595886
0.3772439956665039 0.39130863547325134
0.37689220905303955 0.4220137894153595
0.3771677315235138 0.39244192838668823
0.37672528624534607 0.3980891704559326
0.37919655442237854 0.3912896513938904
0.3763870298862457 0.43496066331863403
0.37807175517082214 0.44078508019447327
0.3768996596336365 0.3955361843109131
0.376846045255661 0.4413459002971649
0.37624675035476685 0.38074761629104614
0.37484848499298096 0.38884860277175903
0.3774341940879822 0.41201308369636536
0.3777524530887604 0.38421815633773804
0.376193106174469 0.42172905802726746
0.3779817223548889 0.3954145014286041
0.37844693660736084 0.5146867632865906
0.37682870030403137 0.3947031795978546
0.3750361204147339 0.39758947491645813
0.3759651780128479 0.40651971101760864
0.37725088000297546 0.3925410807132721
0.376134991645813 0.39082568883895874
0.37533292174339294 0.3876327872276306
0.37486234307289124 0.39841946959495544
0.3770262897014618 0.3908953070640564
0.3773360848426819 0.4070674777030945
0.37617725133895874 0.3976501226425171
0.37508106231689453 0.3881290555000305
0.375343918800354 0.39232197403907776
0.3753359913825989 0.3976443409919739
0.37557920813560486 0.40497300028800964
0.3758992850780487 0.3998396396636963
0.3743034303188324 0.391909122467041
0.3746525049209595 0.39741992950439453
0.3736443519592285 0.3916051387786865
0.37512311339378357 0.40676289796829224
0.37423545122146606 0.4013108015060425
0.37437355518341064 0.4060817062854767
0.3743049204349518 0.39267203211784363
0.3748907446861267 0.3982866704463959
0.37491217255592346 0.3994528353214264
0.3749087154865265 0.38189783692359924
0.37171226739883423 0.38178128004074097
0.37302637100219727 0.3876505196094513
0.37426483631134033 0.4226469397544861
0.37328141927719116 0.3990843892097473
0.3760315775871277 0.43107911944389343
0.37332475185394287 0.3887803852558136
0.37397366762161255 0.39496514201164246
0.3720147907733917 0.4023036062717438
0.37455880641937256 0.4019497334957123
0.3737298250198364 0.38772714138031006
0.3735501170158386 0.39217352867126465
0.37247344851493835 0.4075678288936615
0.3727265000343323 0.402628630399704
0.37272316217422485 0.39463773369789124
0.37321868538856506 0.41721394658088684
0.3734733760356903 0.41236552596092224
0.3728914260864258 0.3938310444355011
0.37281543016433716 0.38815829157829285
0.3731832802295685 0.4008826017379761
0.37351053953170776 0.38373249769210815
0.375107079744339 0.3991912007331848
0.373156875371933 0.3838469088077545
0.3733638525009155 0.3998492658138275
0.3723193407058716 0.39773669838905334
0.3735446333885193 0.3992783725261688
0.3749244213104248 0.3942292332649231
0.3723021149635315 0.3966197371482849
0.3738500475883484 0.38696053624153137
0.37422940135002136 0.391311913728714
0.37345582246780396 0.4388829469680786
0.37469983100891113 0.38241854310035706
0.37292227149009705 0.3974406123161316
0.37456807494163513 0.3941180109977722
0.37297409772872925 0.4036271870136261
0.3723892569541931 0.3874618113040924
0.3734535574913025 0.42052939534187317
0.3715899586677551 0.38893383741378784
0.37281569838523865 0.38732895255088806
0.37251704931259155 0.40572062134742737
0.3719228506088257 0.4140216112136841
0.37376654148101807 0.45032578706741333
0.3707934319972992 0.49796125292778015
0.3727438747882843 0.39744049310684204
0.3718993365764618 0.38809263706207275
0.37213820219039917 0.40927934646606445
0.37208330631256104 0.39217284321784973
0.3720081150531769 0.38311767578125
0.37183767557144165 0.3787873685359955
0.37243011593818665 0.4159753620624542
0.3722895085811615 0.39200064539909363
0.37162840366363525 0.40512317419052124
0.37156620621681213 0.38775894045829773
0.3708012104034424 0.3976256847381592
0.3702778220176697 0.3808225691318512
0.37152785062789917 0.4497529864311218
0.3723137676715851 0.42192649841308594
0.3706824779510498 0.3775847554206848
0.3719216287136078 0.3824726343154907
0.37190893292427063 0.3818065822124481
0.3722405433654785 0.39049044251441956
0.3714866042137146 0.3959171772003174
0.370467871427536 0.40019655227661133
0.37245893478393555 0.3847092092037201
0.37150371074676514 0.38744688034057617
0.37112119793891907 0.42053404450416565
0.3705234229564667 0.38397935032844543
0.3707377314567566 0.38841795921325684
0.36953094601631165 0.38902172446250916
0.3702239394187927 0.43120288848876953
0.3715618848800659 0.38361483812332153
0.370243102312088 0.4014708399772644
0.36963680386543274 0.40335896611213684
0.37111929059028625 0.3904789090156555
0.3701516091823578 0.4035930037498474
0.37053900957107544 0.38551709055900574
0.36967018246650696 0.39534610509872437
0.3696683347225189 0.39136308431625366
0.3699841797351837 0.3892413079738617
0.36865511536598206 0.4142712950706482
0.3697068691253662 0.3930472731590271
0.3720884919166565 0.39335641264915466
0.3705040216445923 0.37994030117988586
0.3699875473976135 0.39112070202827454
0.37014758586883545 0.38366132974624634
0.3693028390407562 0.3973739743232727
0.37065592408180237 0.3841223418712616
0.3703157603740692 0.3973533809185028
0.36944660544395447 0.3810604512691498
0.3704638183116913 0.38775694370269775
0.3703184127807617 0.3948001563549042
0.36906698346138 0.3919152021408081
0.3689839839935303 0.38555124402046204
0.36848798394203186 0.39661478996276855
0.3704570233821869 0.4249069094657898
0.36948856711387634 0.38893401622772217
0.36995604634284973 0.3920670449733734
0.37062275409698486 0.38678812980651855
0.3699207603931427 0.42364153265953064
0.369274765253067 0.3915462791919708
0.3697117269039154 0.42170286178588867
0.3686593174934387 0.3827368915081024
0.370010107755661 0.39149370789527893
0.36996954679489136 0.3902937173843384
0.368449866771698 0.41168156266212463
0.3675537705421448 0.3807655870914459
0.3690902888774872 0.40535879135131836
0.371075302362442 0.3973861038684845
0.36956682801246643 0.3920505940914154
0.36822715401649475 0.38844242691993713
0.36865031719207764 0.4185512065887451
0.3710496425628662 0.39263802766799927
0.36954769492149353 0.38296493887901306
0.3715188503265381 0.40981167554855347
0.368059366941452 0.4065149426460266
0.36801740527153015 0.40662431716918945
0.3688318729400635 0.3924446105957031
0.3681890666484833 0.3918888568878174
0.3681754171848297 0.39465928077697754
0.3688797950744629 0.38406792283058167
0.36910873651504517 0.3799758851528168
0.369408518075943 0.39053094387054443
0.36918866634368896 0.40150755643844604
0.3682752251625061 0.3914358615875244
0.368702232837677 0.38556572794914246
0.3683658242225647 0.38789984583854675
0.36862343549728394 0.40085697174072266
0.367622047662735 0.41869890689849854
0.36721229553222656 0.39554643630981445
0.36857369542121887 0.4210899770259857
0.3685894310474396 0.3806661367416382
0.36760833859443665 0.39069700241088867
0.3677891790866852 0.3861228823661804
0.3682294189929962 0.3894321322441101
0.368158757686615 0.42288175225257874
0.3675118386745453 0.3891504406929016
0.3676227629184723 0.39168581366539
0.3672427833080292 0.3797581195831299
0.36866021156311035 0.3812374770641327
0.3673863708972931 0.386192262172699
0.36888107657432556 0.39401721954345703
0.36746054887771606 0.39287909865379333
0.36752849817276 0.37765008211135864
0.3665788173675537 0.38291874527931213
0.36741527915000916 0.3856140077114105
0.36686626076698303 0.3988463878631592
0.3686211109161377 0.39821887016296387
0.367959201335907 0.38220417499542236
0.3673578202724457 0.3912355303764343
0.36770132184028625 0.3935234248638153
0.3682654798030853 0.39128023386001587
0.36826545000076294 0.37811779975891113
0.3666539490222931 0.3915453851222992
0.3687601387500763 0.431548148393631
0.368431955575943 0.38152235746383667
0.3670819103717804 0.4126042425632477
0.36729806661605835 0.38365301489830017
0.3670121729373932 0.38672056794166565
0.3676440417766571 0.39242827892303467
0.36714649200439453 0.39493677020072937
0.36654266715049744 0.39520424604415894
0.3676714599132538 0.39223822951316833
0.3665428161621094 0.401145875453949
0.36629363894462585 0.4166346788406372
0.36645862460136414 0.3941480219364166
0.36722543835639954 0.39853671193122864
0.3674464225769043 0.39490506052970886
0.36755117774009705 0.3860597014427185
0.3680236339569092 0.3944724500179291
0.3674074709415436 0.3999720513820648
0.3672166168689728 0.4047481417655945
0.36817654967308044 0.3961810767650604
0.3681188225746155 0.394948810338974
0.36763834953308105 0.4154159426689148
0.3680942952632904 0.40333354473114014
0.36732444167137146 0.3880111873149872
0.36798280477523804 0.39294901490211487
0.3670015335083008 0.38642755150794983
0.3689912259578705 0.4061877131462097
0.3690735995769501 0.3927339017391205
0.3676294982433319 0.4155730605125427
0.36726224422454834 0.38637086749076843
0.36875399947166443 0.3970155119895935
0.366609126329422 0.40017572045326233
0.36617156863212585 0.391868531703949
0.36790966987609863 0.379048615694046
0.368695467710495 0.3919612169265747
0.3676322102546692 0.39224010705947876
0.36630818247795105 0.38261350989341736
0.3671869933605194 0.3871481716632843
0.36553502082824707 0.39323705434799194
0.3670019805431366 0.3908378481864929
0.36717790365219116 0.41495782136917114
0.3676881492137909 0.3824452757835388
0.36625251173973083 0.39208856225013733
0.36789536476135254 0.40640395879745483
0.3664115369319916 0.410167396068573
0.365689218044281 0.3995881676673889
0.3675815463066101 0.3887549936771393
0.3675750494003296 0.38905471563339233
0.36652031540870667 0.4123890697956085
0.36734041571617126 0.3842415511608124
0.3668864965438843 0.39316684007644653
0.3659195899963379 0.3837759792804718
0.36678826808929443 0.4007790684700012
0.3675509989261627 0.43332532048225403
0.3659730553627014 0.39198654890060425
0.3652419149875641 0.4005359411239624
0.3666759431362152 0.39829185605049133
0.36836689710617065 0.4229161739349365
0.3661562502384186 0.3757592737674713
0.36705145239830017 0.3860503137111664
0.3675563931465149 0.3815356492996216
0.3686932325363159 0.38774988055229187
0.3652496933937073 0.3868381083011627
0.3653939664363861 0.3902738690376282
0.3669086694717407 0.392770916223526
0.3672308921813965 0.3963797688484192
0.36656737327575684 0.3979089558124542
0.36594516038894653 0.41205281019210815
0.36533433198928833 0.3837207853794098
0.3654469847679138 0.3866032361984253
0.36591583490371704 0.3829328417778015
0.3662135601043701 0.3937457799911499
0.36604374647140503 0.3806864023208618
0.36550089716911316 0.4228529632091522
0.3660340905189514 0.38552817702293396
0.3650842607021332 0.39095088839530945
0.366604208946228 0.3946460485458374
0.36813071370124817 0.39927542209625244
0.36649975180625916 0.38631176948547363
0.36684897541999817 0.3882937729358673
0.36727476119995117 0.38273975253105164
0.36449092626571655 0.4125248193740845
0.3664793372154236 0.43037858605384827
0.3664800524711609 0.38438746333122253
0.36414262652397156 0.3817763030529022
0.3659995496273041 0.3925130069255829
0.36502763628959656 0.38275450468063354
0.365953266620636 0.37647369503974915
0.3656182289123535 0.4048207998275757
0.36657267808914185 0.38471341133117676
0.36562302708625793 0.3876081109046936
0.36575669050216675 0.3953172564506531
0.36590877175331116 0.3828173279762268
0.3663389980792999 0.3840118944644928
0.36533814668655396 0.38983485102653503
0.3659299910068512 0.3868025839328766
0.3664477467536926 0.4161803424358368
0.36605358123779297 0.3897583484649658
0.3654055893421173 0.3855835199356079
0.3664984703063965 0.3998229205608368
0.36564698815345764 0.3890359103679657
0.36594799160957336 0.3895672857761383
0.3671953082084656 0.4180564880371094
0.36595332622528076 0.4136129319667816
0.3656467795372009 0.3997497260570526
0.3650588095188141 0.38700956106185913
0.3651713728904724 0.3880157470703125
0.364949494600296 0.4005739092826843
0.36511102318763733 0.3923896849155426
0.3655257523059845 0.38707074522972107
0.36472684144973755 0.3862435519695282
0.36648377776145935 0.4153091609477997
0.36622563004493713 0.3943655490875244
0.3655049502849579 0.3928792178630829
0.3657134473323822 0.38115549087524414
0.3651008605957031 0.37805747985839844
0.36708176136016846 0.38843995332717896
0.3654572069644928 0.38419845700263977
0.3660553991794586 0.3963441848754883
0.36647462844848633 0.3882654309272766
0.3650490343570709 0.40131473541259766
0.3651716113090515 0.3915306627750397
0.36616039276123047 0.3977230489253998
0.36482152342796326 0.39515331387519836
0.3651478886604309 0.3772986829280853
0.36453306674957275 0.3894629180431366
0.36615195870399475 0.4472052752971649
0.3657485544681549 0.3958732783794403
0.3655692934989929 0.38654080033302307
0.36488857865333557 0.3909091055393219
0.3652069866657257 0.39650213718414307
0.3657396137714386 0.38058316707611084
0.3663800060749054 0.39173009991645813
0.365948349237442 0.43559446930885315
0.3652212619781494 0.3784579932689667
0.3658713400363922 0.38875624537467957
0.365352600812912 0.3998018503189087
0.364877313375473 0.42237338423728943
0.3653109669685364 0.4113810658454895
0.36575019359588623 0.38607436418533325
0.36399045586586 0.40004101395606995
0.3649425804615021 0.38433682918548584
0.3643389046192169 0.3992426097393036
0.3659188449382782 0.3903864622116089
0.3655475378036499 0.383990615606308
0.3660823106765747 0.4099087119102478
0.3655449151992798 0.3811623156070709
0.3661287724971771 0.3816250264644623
0.3660290539264679 0.3847529888153076
0.36441782116889954 0.3864901661872864
0.3638548254966736 0.3921554386615753
0.36540350317955017 0.3751876950263977
0.36535125970840454 0.38545772433280945
0.3659721910953522 0.3906856179237366
0.36497682332992554 0.3980359137058258
0.36547449231147766 0.40359050035476685
0.3659209907054901 0.37926867604255676
0.364828497171402 0.3923485279083252
0.3643542528152466 0.4053739309310913
0.36363697052001953 0.41692250967025757
0.364897221326828 0.37817367911338806
0.36456188559532166 0.3908807337284088
0.3649320602416992 0.3819883465766907
0.36556655168533325 0.3991846442222595
0.36401379108428955 0.3954254984855652
0.3640803098678589 0.4003286063671112
0.36407139897346497 0.38765549659729004
0.36493682861328125 0.37614110112190247
0.36429324746131897 0.39635393023490906
0.3635059595108032 0.4009620249271393
0.3640040159225464 0.4610034227371216
0.3639990985393524 0.38838648796081543
0.36519643664360046 0.38991057872772217
0.3650391697883606 0.4289364516735077
0.36541736125946045 0.3881802260875702
0.3627309501171112 0.43084487318992615
0.36361101269721985 0.39480355381965637
0.3651633858680725 0.39471474289894104
0.36451420187950134 0.39607977867126465
0.36557886004447937 0.3892951011657715
0.36342039704322815 0.3900423049926758
0.36458832025527954 0.3921561539173126
0.36410143971443176 0.3923233151435852
0.3642374575138092 0.41763901710510254
0.3644971549510956 0.3982113003730774
0.3636307120323181 0.3944240212440491
0.36267367005348206 0.3851417899131775
0.3635430335998535 0.39366599917411804
0.3648430407047272 0.41063567996025085
0.36332643032073975 0.39851048588752747
0.3635070025920868 0.3983747065067291
0.3637069761753082 0.3949185311794281
0.3648033142089844 0.3796345889568329
0.3643423616886139 0.3822638690471649
0.36411914229393005 0.38511890172958374
0.3654969334602356 0.3820374608039856
0.3629954755306244 0.38503262400627136
0.36409637331962585 0.3836715519428253
0.3641638457775116 0.3950340747833252
0.36508625745773315 0.39062589406967163
0.3630193769931793 0.37893208861351013
0.3655909299850464 0.40487411618232727
0.3631684482097626 0.37486356496810913
0.3645470440387726 0.40351277589797974
0.36441031098365784 0.3810470402240753
0.3645802438259125 0.378383070230484
0.36379560828208923 0.41121453046798706
0.3631499111652374 0.3765125572681427
0.3638717532157898 0.38664376735687256
0.3639289438724518 0.3869022727012634
0.3632758855819702 0.3964366912841797
0.3641693592071533 0.38063985109329224
0.3628018796443939 0.38470131158828735
0.3632330596446991 0.40191614627838135
0.3626640737056732 0.3914180099964142
0.36340296268463135 0.4080994129180908
0.36244308948516846 0.3933331072330475
0.3636699616909027 0.4064016044139862
0.3630127012729645 0.38457831740379333
0.3631944954395294 0.39064931869506836
0.3639959692955017 0.37483087182044983
0.3632166385650635 0.3909987807273865
0.3637361228466034 0.38571110367774963
0.3631679117679596 0.37346407771110535
0.3619176149368286 0.380715936422348
0.36341992020606995 0.3828198313713074
0.36443957686424255 0.4082568287849426
0.3630289137363434 0.4051576554775238
0.3639923930168152 0.38878291845321655
0.3641726076602936 0.4079402983188629
0.36299851536750793 0.3969575762748718
0.36248740553855896 0.37655359506607056
0.3628784716129303 0.38419458270072937
0.36269333958625793 0.3850676715373993
0.3629566729068756 0.38352063298225403
0.3639761507511139 0.38667190074920654
0.3631293475627899 0.39909446239471436
0.3637619912624359 0.37469902634620667
0.36465907096862793 0.3758329749107361
0.3625583052635193 0.3897869288921356
0.36369284987449646 0.39795559644699097
0.36378705501556396 0.4658920466899872
0.36345115303993225 0.37820643186569214
0.3636806011199951 0.40137797594070435
0.3623930811882019 0.4299202561378479
0.363423228263855 0.38871148228645325
0.363814115524292 0.38330522179603577
0.362994521856308 0.3947364091873169
0.362068235874176 0.4070773720741272
0.36374303698539734 0.37805232405662537
0.3631025552749634 0.40967103838920593
0.36332154273986816 0.38332200050354004
0.36169567704200745 0.3950677216053009
0.36283260583877563 0.38919785618782043
0.3633978068828583 0.39263319969177246
0.3632141947746277 0.3940138518810272
0.3625747859477997 0.3871546983718872
0.36228621006011963 0.4067915380001068
0.36271756887435913 0.38436782360076904
0.3636212944984436 0.3807467520236969
0.3626402020454407 0.38838937878608704
0.3626401424407959 0.4151882827281952
0.3626585900783539 0.3795921206474304
0.3627857565879822 0.38699713349342346
0.36201298236846924 0.3911888301372528
0.36369895935058594 0.39653199911117554
0.3636791408061981 0.38297948241233826
0.3625074625015259 0.37475791573524475
0.3633451461791992 0.37804079055786133
0.3617301285266876 0.3762621283531189
0.36145493388175964 0.37631070613861084
0.3618553578853607 0.39082616567611694
0.3617202639579773 0.41040682792663574
0.3622848391532898 0.37944868206977844
0.36243966221809387 0.3851041793823242
0.36285635828971863 0.38362669944763184
0.36185821890830994 0.38085028529167175
0.36332616209983826 0.3924037516117096
0.36187052726745605 0.38445377349853516
0.3620492219924927 0.3782658874988556
0.36209920048713684 0.38428518176078796
0.36202290654182434 0.3865399658679962
0.3629729747772217 0.39969345927238464
0.363406777381897 0.38969555497169495
0.3619423508644104 0.38931143283843994
0.36356231570243835 0.3777679204940796
0.3620169162750244 0.3820774555206299
0.3616703152656555 0.3775614798069
0.3620380461215973 0.3811386823654175
0.36291342973709106 0.38804325461387634
0.36337122321128845 0.3840193748474121
0.3612944185733795 0.3826075494289398
0.36229050159454346 0.40597933530807495
0.3635390102863312 0.38279974460601807
0.3610978424549103 0.37969744205474854
0.36301150918006897 0.4193580448627472
0.3613120913505554 0.39328935742378235
0.3621249198913574 0.37995606660842896
0.3628082275390625 0.3917607367038727
0.3620084524154663 0.37818634510040283
0.36158519983291626 0.37514713406562805
0.36162707209587097 0.3701781928539276
0.36215856671333313 0.38867905735969543
0.360863596200943 0.38867297768592834
0.36130812764167786 0.3804572820663452
0.361628919839859 0.38463646173477173
0.3625490665435791 0.40533679723739624
0.3620345890522003 0.40188008546829224
0.3622605800628662 0.40006908774375916
0.3625778257846832 0.3796849548816681
0.3619408905506134 0.3935742676258087
0.36198490858078003 0.4081711769104004
0.36268001794815063 0.43303290009498596
0.3605785667896271 0.3914276957511902
0.3617561459541321 0.3805087208747864
0.36159250140190125 0.39786502718925476
0.3617843985557556 0.40417757630348206
0.362139493227005 0.39570751786231995
0.36230146884918213 0.3830792009830475
0.3606369197368622 0.38730621337890625
0.36164379119873047 0.38871774077415466
0.3615853488445282 0.404552161693573
0.36139458417892456 0.38797715306282043
0.3608230650424957 0.3804113268852234
0.3621589243412018 0.37526604533195496
0.3622577488422394 0.41224759817123413
0.361782044172287 0.41736704111099243
0.36047980189323425 0.3942891061306
0.361447811126709 0.39413681626319885
0.3616042137145996 0.3782217502593994
0.36148494482040405 0.37864241003990173
0.36218884587287903 0.393789678812027
0.3601861298084259 0.4180574417114258
0.3621067702770233 0.385315477848053
0.3625807762145996 0.37643420696258545
0.3613237142562866 0.37624692916870117
0.3630959689617157 0.39654141664505005
0.36195680499076843 0.37944090366363525
0.3607390522956848 0.3927392363548279
0.36241331696510315 0.417260080575943
0.3615970015525818 0.3906087577342987
0.3623097538948059 0.3908115327358246
0.36235007643699646 0.389094740152359
0.3609832227230072 0.38513290882110596
0.36079666018486023 0.3892709016799927
0.3619314432144165 0.37961265444755554
0.3600221574306488 0.383053183555603
0.36126598715782166 0.38555070757865906
0.3610366880893707 0.3847575783729553
0.3613162338733673 0.38439810276031494
0.3604622483253479 0.37883955240249634
0.36186492443084717 0.38628092408180237
0.36125531792640686 0.39319655299186707
0.3607616424560547 0.3741496801376343
0.36142271757125854 0.3747568130493164
0.3614744544029236 0.3910474181175232
0.360906183719635 0.3742033541202545
0.36106160283088684 0.3860491216182709
0.361416757106781 0.38439443707466125
0.361578106880188 0.39045146107673645
0.36167603731155396 0.37875813245773315
0.3621806800365448 0.40161845088005066
0.36231061816215515 0.39752188324928284
0.36133748292922974 0.3856070935726166
0.3611997067928314 0.3911639451980591
0.3605985641479492 0.4002224802970886
0.36166447401046753 0.4051431715488434
0.36250120401382446 0.3792055547237396
0.36175158619880676 0.39429745078086853
0.3605366349220276 0.3844839930534363
0.3621596395969391 0.4193747341632843
0.3611108064651489 0.39517155289649963
0.3610616624355316 0.3829752504825592
0.36114397644996643 0.38469842076301575
0.3619232177734375 0.40304267406463623
0.3603930175304413 0.37664204835891724
0.36132365465164185 0.3803277909755707
0.3606952726840973 0.3811967968940735
0.36211884021759033 0.38771089911460876
0.3612707853317261 0.38110247254371643
0.3618449866771698 0.3993675410747528
0.3610081970691681 0.38065651059150696
0.3613090515136719 0.37724703550338745
0.36006253957748413 0.41105788946151733
0.3616619110107422 0.4071587324142456
0.3610173761844635 0.38430753350257874
0.36122122406959534 0.38146892189979553
0.3605929911136627 0.38596785068511963
0.3603270351886749 0.3768519163131714
0.36130034923553467 0.38917604088783264
0.36173635721206665 0.3877284824848175
0.361027330160141 0.3795245289802551
0.3610866367816925 0.4206986725330353
0.36125561594963074 0.3759574592113495
0.3613111972808838 0.38901495933532715
0.36002516746520996 0.3784286081790924
0.35923805832862854 0.3863890767097473
0.35997530817985535 0.38856106996536255
0.3610100746154785 0.3868965804576874
0.3612735867500305 0.39611902832984924
0.36019274592399597 0.3891052305698395
0.36074578762054443 0.37919268012046814
0.3609819710254669 0.37719935178756714
0.3610324263572693 0.38731586933135986
0.3605768382549286 0.3786429464817047
0.36097198724746704 0.37420040369033813
0.3603954017162323 0.40731126070022583
0.35993361473083496 0.3789401650428772
0.35993632674217224 0.3831745684146881
0.36080172657966614 0.3905826807022095
0.3610836863517761 0.4059825539588928
0.3605399429798126 0.3815956711769104
0.3607237637042999 0.39515191316604614
0.3614986538887024 0.39970359206199646
0.36043262481689453 0.37997615337371826
0.36099129915237427 0.38684624433517456
0.36055701971054077 0.3915865123271942
0.36120226979255676 0.40958842635154724
0.3598039150238037 0.40587323904037476
0.3603033125400543 0.3843788206577301
0.3596208095550537 0.3838494122028351
0.361772745847702 0.3782809376716614
0.36112305521965027 0.3919190466403961
0.36032918095588684 0.38548973202705383
0.3616301119327545 0.39556875824928284
0.35948607325553894 0.4006560444831848
0.3601659834384918 0.41362646222114563
0.3601135313510895 0.37609630823135376
0.36147722601890564 0.38224464654922485
0.35982537269592285 0.3828253746032715
0.36098918318748474 0.3911033570766449
0.360531747341156 0.3834088444709778
0.3603704571723938 0.37586966156959534
0.3603820502758026 0.38675278425216675
0.3611519932746887 0.4070478677749634
0.3612750768661499 0.37964028120040894
0.3610774576663971 0.3807651698589325
0.35955867171287537 0.3940913677215576
0.3593180477619171 0.3772744834423065
0.360653817653656 0.38708385825157166
0.3596583306789398 0.3771302402019501
0.3600355088710785 0.3912460207939148
0.36188989877700806 0.39074286818504333
0.35973259806632996 0.38483959436416626
0.36126476526260376 0.39782342314720154
0.3593460023403168 0.4094906747341156
0.3594762682914734 0.38023605942726135
0.35913318395614624 0.38637465238571167
0.36062905192375183 0.39192771911621094
0.3601936101913452 0.3891073763370514
0.3611374497413635 0.4177917540073395
0.36063918471336365 0.37758082151412964
0.35946741700172424 0.39679786562919617
0.3605567216873169 0.3779243230819702
0.3603309690952301 0.3774600923061371
0.3599492013454437 0.4079199433326721
0.3613411784172058 0.4216037690639496
0.36006247997283936 0.3785085082054138
0.36070573329925537 0.39855557680130005
0.35987791419029236 0.391140341758728
0.35935312509536743 0.38718730211257935
0.36071038246154785 0.373138427734375
0.36070215702056885 0.4077223539352417
0.3603503406047821 0.3805009126663208
0.36088088154792786 0.3925645649433136
0.360272079706192 0.38790521025657654
0.36066192388534546 0.38696447014808655
0.36024239659309387 0.39710062742233276
0.36057496070861816 0.3726874887943268
0.3608199954032898 0.4094770848751068
0.3609160780906677 0.38764286041259766
0.35931241512298584 0.40108680725097656
0.359202116727829 0.37364205718040466
0.36011919379234314 0.3861943483352661
0.36041852831840515 0.3730188310146332
0.36012065410614014 0.41685450077056885
0.3585759997367859 0.3767557740211487
0.3598524332046509 0.3775880038738251
0.36000046133995056 0.3753361403942108
0.3600188195705414 0.37916889786720276
0.3597089648246765 0.3870147168636322
0.3599010109901428 0.38023239374160767
0.3600720465183258 0.38598352670669556
0.36001530289649963 0.38482344150543213
0.3598819077014923 0.37875601649284363
0.3600240647792816 0.3828376531600952
0.3595868647098541 0.3829852044582367
0.35990116000175476 0.3848840296268463
0.36029475927352905 0.4070638120174408
0.35903337597846985 0.3931998312473297
0.36058148741722107 0.38290148973464966
0.3607080578804016 0.4022620618343353
0.3600563406944275 0.38117343187332153
0.3603724241256714 0.37895792722702026
0.36023300886154175 0.38004422187805176
0.3592100739479065 0.4070609509944916
0.3589872121810913 0.3799440562725067
0.36023762822151184 0.4085753262042999
0.3589962124824524 0.4097168445587158
0.35981836915016174 0.3837575614452362
0.35957071185112 0.3753805160522461
0.36017319560050964 0.3804546594619751
0.35900747776031494 0.3909035325050354
0.35981085896492004 0.38323473930358887
0.3602707087993622 0.37337836623191833
0.3598659038543701 0.3923152983188629
0.3587571084499359 0.3904569447040558
0.3605285584926605 0.38128960132598877
0.3596813976764679 0.37365761399269104
0.3598952889442444 0.3812420070171356
0.3594098389148712 0.3823543190956116
0.3593519926071167 0.3939855694770813
0.3603224754333496 0.39882707595825195
0.3593237102031708 0.40179121494293213
0.3608837127685547 0.373645544052124
0.36006617546081543 0.3800720274448395
0.35952988266944885 0.3772018253803253
0.35828226804733276 0.3965970575809479
0.3599309027194977 0.3873615562915802
0.35997962951660156 0.3826073706150055
0.3603019118309021 0.37034597992897034
0.3590272068977356 0.37915900349617004
0.359919011592865 0.39580848813056946
0.3599075973033905 0.37892329692840576
0.35943618416786194 0.3786182999610901
0.3590250611305237 0.3943656384944916
0.3600786030292511 0.39888444542884827
0.35935285687446594 0.37273937463760376
0.35929596424102783 0.3938080966472626
0.3581066429615021 0.3744238018989563
0.3601469099521637 0.3834577202796936
0.36075329780578613 0.39883899688720703
0.3590993583202362 0.3750946521759033
0.35970333218574524 0.396998792886734
0.36017823219299316 0.3763439655303955
0.3593005836009979 0.37842628359794617
0.35885515809059143 0.38888153433799744
0.36084455251693726 0.3832792639732361
0.36007729172706604 0.4290076494216919
0.35998407006263733 0.38710057735443115
0.3596900701522827 0.38897788524627686
0.3596974015235901 0.39028844237327576
0.3598780035972595 0.37725144624710083
0.35790154337882996 0.38110727071762085
0.3609478175640106 0.3851616084575653
0.3608040511608124 0.3783492147922516
0.3596082031726837 0.3830018639564514
0.35964155197143555 0.41931551694869995
0.3607634902000427 0.40605980157852173
0.3588835299015045 0.37841248512268066
0.3598482012748718 0.38557860255241394
0.3591933250427246 0.3732309937477112
0.36023685336112976 0.389777809381485
0.3592350482940674 0.3929869830608368
0.3591252565383911 0.3712356388568878
0.3599165380001068 0.3837493658065796
0.3590852916240692 0.4035075902938843
0.35930484533309937 0.384178102016449
0.36018064618110657 0.39366692304611206
0.3595467507839203 0.3845832347869873
0.3594668209552765 0.37293776869773865
0.35908880829811096 0.4046283960342407
0.35892805457115173 0.38797181844711304
0.3583304286003113 0.3839013874530792
0.35888591408729553 0.4026941657066345
0.35933947563171387 0.40425270795822144
0.3587939441204071 0.39262357354164124
0.35873568058013916 0.39830517768859863
0.35939064621925354 0.3955811560153961
0.3586187958717346 0.4006504416465759
0.36045947670936584 0.4043574631214142
0.3591330349445343 0.37284329533576965
0.3604843318462372 0.3855458199977875
0.359313428401947 0.3917616903781891
0.3579957187175751 0.3800292909145355
0.3589462637901306 0.38276323676109314
0.3601151704788208 0.3874205946922302
0.35909023880958557 0.38921892642974854
0.3600791096687317 0.3951081931591034
0.35973626375198364 0.37488996982574463
0.35860782861709595 0.3774113655090332
0.3591548800468445 0.3819466531276703
0.35867610573768616 0.381565123796463
0.35811224579811096 0.38264334201812744
0.35866960883140564 0.38525399565696716
0.3580748736858368 0.37289151549339294
0.3590880334377289 0.3844747841358185
0.35911330580711365 0.3879074454307556
0.35992783308029175 0.38725873827934265
0.35801130533218384 0.37589460611343384
0.35853177309036255 0.3868481516838074
0.3581590950489044 0.38880738615989685
0.3595708906650543 0.3721867501735687
0.3590644299983978 0.374159038066864
0.35916951298713684 0.3860066533088684
0.3585759401321411 0.37367093563079834
0.35974109172821045 0.3885343074798584
0.3590228259563446 0.3865128755569458
0.3591476380825043 0.3896677792072296
0.35912421345710754 0.38886672258377075
0.3577960729598999 0.37332597374916077
0.3593587279319763 0.3836536705493927
0.3605972230434418 0.3898133933544159
0.3588472306728363 0.38158300518989563
0.3585614264011383 0.3777367174625397
0.3585047125816345 0.3847132921218872
0.35881054401397705 0.3813456892967224
0.3585548400878906 0.38346728682518005
0.35886284708976746 0.37793776392936707
0.3583489954471588 0.38466182351112366
0.36000707745552063 0.37794584035873413
0.3595055341720581 0.3943862318992615
0.35759472846984863 0.3838099539279938
0.35798096656799316 0.386150598526001
0.3594151735305786 0.38805076479911804
0.35932669043540955 0.40912988781929016
0.35761627554893494 0.38962864875793457
0.3590936064720154 0.3797817826271057
0.35797399282455444 0.4013667404651642
0.35825952887535095 0.39237260818481445
0.35843563079833984 0.3733851909637451
0.35852763056755066 0.37709248065948486
0.35844945907592773 0.37420931458473206
0.3588191568851471 0.38394904136657715
