1.4986274242401123 1.5555733442306519
1.4800132513046265 1.49970281124115
1.4780813455581665 1.4987374544143677
1.4765901565551758 1.49895179271698
1.4758727550506592 1.5064438581466675
1.475461483001709 1.5034980773925781
1.475192904472351 1.5044586658477783
1.4749003648757935 1.5017954111099243
1.47501802444458 1.501623511314392
1.4747183322906494 1.502385139465332
1.4744672775268555 1.5109307765960693
1.47442626953125 1.5126808881759644
1.4744133949279785 1.50359046459198
1.4741748571395874 1.502652883529663
1.474092721939087 1.5066089630126953
1.4741631746292114 1.5000545978546143
1.4740819931030273 1.500251293182373
1.4742404222488403 1.4986023902893066
1.4739946126937866 1.5066789388656616
1.4739116430282593 1.4993693828582764
1.4740102291107178 1.5000724792480469
1.473924994468689 1.4988750219345093
1.4739388227462769 1.5051052570343018
1.4739316701889038 1.5029022693634033
1.4739490747451782 1.5079001188278198
1.4740570783615112 1.4993966817855835
1.4738391637802124 1.5005213022232056
1.4737663269042969 1.5016963481903076
1.4737467765808105 1.5030626058578491
1.4736460447311401 1.5076730251312256
1.4736626148223877 1.4988574981689453
1.473789095878601 1.5027368068695068
1.4736278057098389 1.5093797445297241
1.47369384765625 1.505228042602539
1.4736247062683105 1.507870078086853
1.4734774827957153 1.514303207397461
1.4737074375152588 1.5026379823684692
1.4737802743911743 1.5033996105194092
1.4736518859863281 1.5075221061706543
1.473766803741455 1.503411889076233
1.4735395908355713 1.5055911540985107
1.4735397100448608 1.509209156036377
1.4735580682754517 1.505005955696106
1.473641276359558 1.5018479824066162
1.4736522436141968 1.5038425922393799
1.4736368656158447 1.50407075881958
1.473751187324524 1.4987900257110596
1.473620891571045 1.5036518573760986
1.473631739616394 1.4992707967758179
1.4735417366027832 1.5037040710449219
1.473482370376587 1.5072211027145386
1.4736071825027466 1.4992865324020386
1.4734996557235718 1.504529595375061
1.4734950065612793 1.5102190971374512
1.4735510349273682 1.504043698310852
1.473608374595642 1.5070750713348389
1.4733489751815796 1.507285475730896
1.4734853506088257 1.5036449432373047
1.473537564277649 1.5015355348587036
1.4737348556518555 1.509642481803894
1.4736413955688477 1.5026524066925049
1.4735052585601807 1.5186784267425537
1.4736034870147705 1.5052056312561035
1.473476767539978 1.5031882524490356
1.4733916521072388 1.5043646097183228
1.4734889268875122 1.5046701431274414
1.473570466041565 1.5026063919067383
1.4732890129089355 1.5100589990615845
1.4734441041946411 1.5062587261199951
1.4734467267990112 1.505418062210083
1.4733377695083618 1.5072201490402222
1.4735865592956543 1.5071485042572021
1.4734784364700317 1.5047425031661987
1.4734688997268677 1.5055195093154907
1.473368525505066 1.5047428607940674
1.4733198881149292 1.5056562423706055
1.4735643863677979 1.5057533979415894
1.4734948873519897 1.505131721496582
1.473339319229126 1.5016003847122192
1.4733976125717163 1.506847858428955
1.473405361175537 1.5016881227493286
1.4733128547668457 1.504224181175232
1.473324179649353 1.5061222314834595
1.4732290506362915 1.50239098072052
1.4734307527542114 1.5078580379486084
1.4733686447143555 1.5018326044082642
1.4733537435531616 1.50108003616333
1.473332166671753 1.503922462463379
1.4732260704040527 1.5034167766571045
1.4733688831329346 1.5030097961425781
1.4732685089111328 1.5095884799957275
1.4731228351593018 1.502377986907959
1.4732099771499634 1.5022097826004028
1.473164439201355 1.5026977062225342
1.4731844663619995 1.5033726692199707
1.473144769668579 1.5047357082366943
1.473140001296997 1.5047192573547363
1.4730224609375 1.5069210529327393
1.4731212854385376 1.512074589729309
1.4730433225631714 1.5055125951766968
1.4729697704315186 1.5024259090423584
1.4729759693145752 1.5116297006607056
1.472917079925537 1.5073492527008057
1.4729437828063965 1.5011725425720215
1.4728916883468628 1.5033483505249023
1.472827672958374 1.5084515810012817
1.4727970361709595 1.5079820156097412
1.4728562831878662 1.5104689598083496
1.4729267358779907 1.4996254444122314
1.4728299379348755 1.5054916143417358
1.472737431526184 1.5026565790176392
1.4727321863174438 1.5040771961212158
1.4726773500442505 1.504205584526062
1.4727160930633545 1.5084048509597778
1.472705602645874 1.5097174644470215
1.4727048873901367 1.5052919387817383
1.4726810455322266 1.5042139291763306
1.472753882408142 1.507968544960022
1.4727164506912231 1.5015287399291992
1.4725359678268433 1.5131406784057617
1.4726736545562744 1.5033164024353027
1.4726293087005615 1.5079751014709473
1.4726566076278687 1.5017342567443848
1.4726723432540894 1.505417823791504
1.4726990461349487 1.5055965185165405
1.4726591110229492 1.5058252811431885
1.4724814891815186 1.5048816204071045
1.4725333452224731 1.5020713806152344
1.4726099967956543 1.5045841932296753
1.4724637269973755 1.5037708282470703
1.4725284576416016 1.5028904676437378
1.472543478012085 1.5065704584121704
1.472513198852539 1.505278468132019
1.4804327487945557 1.5067172050476074
1.4724525213241577 1.5065282583236694
1.4723526239395142 1.5065618753433228
1.47243332862854 1.5017372369766235
1.472505807876587 1.50371253490448
1.4725189208984375 1.5080256462097168
1.4725550413131714 1.5047422647476196
1.4725621938705444 1.5139386653900146
1.4724619388580322 1.5019993782043457
1.4724476337432861 1.508250117301941
1.4724962711334229 1.505244493484497
1.4724184274673462 1.506158471107483
1.4724133014678955 1.5033543109893799
1.4724642038345337 1.504794716835022
1.4724867343902588 1.5025625228881836
1.4724273681640625 1.504568338394165
1.4723180532455444 1.5061862468719482
1.4723904132843018 1.503811240196228
1.4724403619766235 1.5059888362884521
1.4723973274230957 1.5121691226959229
1.47243070602417 1.5037362575531006
1.4723341464996338 1.5096924304962158
1.4723597764968872 1.501299262046814
1.4723947048187256 1.5102288722991943
1.4723799228668213 1.5096265077590942
1.4722881317138672 1.5040955543518066
1.4723020792007446 1.5073710680007935
1.4724149703979492 1.500084638595581
1.4723330736160278 1.5081883668899536
1.4723738431930542 1.5051079988479614
1.472357988357544 1.500122308731079
1.4723970890045166 1.5041855573654175
1.4722542762756348 1.5067334175109863
1.4723256826400757 1.5108827352523804
1.4723955392837524 1.5015820264816284
1.4721630811691284 1.5064610242843628
1.4722012281417847 1.5045225620269775
1.4722790718078613 1.5082323551177979
1.4722590446472168 1.5058510303497314
1.4722038507461548 1.5106163024902344
1.4722026586532593 1.5047633647918701
1.4723221063613892 1.4992953538894653
1.4721922874450684 1.5048178434371948
1.4722023010253906 1.5049686431884766
1.472163200378418 1.502762794494629
1.4720836877822876 1.5077747106552124
1.4721382856369019 1.5020509958267212
1.4722036123275757 1.5035834312438965
1.4721729755401611 1.503080129623413
1.472110629081726 1.512002944946289
1.4720736742019653 1.5030304193496704
1.4722477197647095 1.5070301294326782
1.472177505493164 1.5068966150283813
1.4720879793167114 1.502598524093628
1.472060203552246 1.5050078630447388
1.4721494913101196 1.501349687576294
1.4721318483352661 1.510269284248352
1.4721078872680664 1.5014054775238037
1.4721143245697021 1.5049866437911987
1.4721118211746216 1.5050077438354492
1.4720531702041626 1.5048065185546875
1.4720569849014282 1.5070207118988037
1.4721192121505737 1.5051356554031372
1.4720510244369507 1.5082708597183228
1.4721245765686035 1.5031383037567139
1.472171425819397 1.5040743350982666
1.4720388650894165 1.506150484085083
1.4721400737762451 1.50226891040802
1.472133994102478 1.507083773612976
1.4720982313156128 1.5029641389846802
1.472100019454956 1.5025646686553955
1.4720293283462524 1.5105822086334229
1.4720948934555054 1.505353331565857
1.4720127582550049 1.5078136920928955
1.4719890356063843 1.5071861743927002
1.4720045328140259 1.5008271932601929
1.4719736576080322 1.5031232833862305
1.4721583127975464 1.505694031715393
1.4719555377960205 1.5035234689712524
1.471975564956665 1.5039058923721313
1.4720206260681152 1.5043689012527466
1.4718855619430542 1.505244255065918
1.4719310998916626 1.5035855770111084
1.471979022026062 1.5104262828826904
1.4719581604003906 1.5016103982925415
1.4719282388687134 1.5019587278366089
1.4747639894485474 1.5041526556015015
1.471678614616394 1.5037177801132202
1.4717838764190674 1.5069550275802612
1.4719897508621216 1.5034716129302979
1.471968173980713 1.5051350593566895
1.4720057249069214 1.505226492881775
1.471985101699829 1.5066167116165161
1.47197425365448 1.5082378387451172
1.4719302654266357 1.502640962600708
1.4720245599746704 1.50907564163208
1.471983790397644 1.5036367177963257
1.4719161987304688 1.507493257522583
1.4720044136047363 1.5049973726272583
1.471911907196045 1.5024625062942505
1.4719473123550415 1.503774642944336
1.471938133239746 1.5058916807174683
1.4719780683517456 1.5033084154129028
1.4719632863998413 1.505331039428711
1.4719445705413818 1.5048370361328125
1.471915602684021 1.5066795349121094
1.4718751907348633 1.510385513305664
1.4719620943069458 1.5025136470794678
1.4719433784484863 1.5057533979415894
1.4719055891036987 1.5057225227355957
1.4719161987304688 1.5039323568344116
1.4719120264053345 1.5056509971618652
1.471840262413025 1.5097649097442627
1.4718703031539917 1.506555199623108
1.4719457626342773 1.5075620412826538
1.4718897342681885 1.5061486959457397
1.4719579219818115 1.503541111946106
1.6541039943695068 1.51520574092865
1.4714937210083008 1.5082110166549683
1.4714614152908325 1.5088247060775757
1.4715465307235718 1.5080795288085938
1.4717856645584106 1.5012612342834473
1.4718213081359863 1.505580186843872
1.4718151092529297 1.5080819129943848
1.471849799156189 1.507154941558838
1.4719468355178833 1.5081748962402344
1.471805214881897 1.5033234357833862
1.4719840288162231 1.5069714784622192
1.471829891204834 1.5045758485794067
1.471823811531067 1.5050073862075806
1.471904993057251 1.5033200979232788
1.4718495607376099 1.5036640167236328
1.4719221591949463 1.5126093626022339
1.471860408782959 1.5073994398117065
1.4718786478042603 1.5090601444244385
1.4717516899108887 1.5082417726516724
1.4717509746551514 1.5017286539077759
1.4718711376190186 1.5052040815353394
1.4717602729797363 1.5015738010406494
1.4717583656311035 1.5003292560577393
1.4718865156173706 1.5065802335739136
1.4718278646469116 1.5020760297775269
1.4718466997146606 1.5073186159133911
1.4716929197311401 1.503164529800415
1.4718886613845825 1.507993459701538
1.4718278646469116 1.504286289215088
1.4718989133834839 1.5081124305725098
1.4718464612960815 1.50579035282135
1.4718717336654663 1.5075933933258057
1.4717401266098022 1.5078836679458618
1.4717881679534912 1.5089366436004639
1.4717652797698975 1.5034584999084473
1.4717283248901367 1.5061678886413574
1.4717999696731567 1.5067778825759888
1.471745491027832 1.5048946142196655
1.471789002418518 1.505710244178772
1.4718233346939087 1.5079048871994019
1.4718282222747803 1.5052129030227661
1.4718304872512817 1.5044504404067993
1.4717825651168823 1.5050501823425293
1.471789002418518 1.5077707767486572
1.4717005491256714 1.5076344013214111
1.4718642234802246 1.507651925086975
1.4717490673065186 1.5052319765090942
1.4718085527420044 1.50459885597229
1.4716956615447998 1.5074588060379028
1.4717820882797241 1.5079737901687622
1.4717715978622437 1.50738525390625
1.4717235565185547 1.5104343891143799
1.4717044830322266 1.5049597024917603
1.4716830253601074 1.5097291469573975
1.4717004299163818 1.5059893131256104
1.4717316627502441 1.5035264492034912
1.4717847108840942 1.5066032409667969
1.4716746807098389 1.5064973831176758
1.471714735031128 1.5116183757781982
1.471744179725647 1.5053993463516235
1.4716931581497192 1.5050692558288574
1.4717459678649902 1.5040732622146606
1.4716463088989258 1.5053989887237549
1.4716836214065552 1.5035310983657837
1.4716379642486572 1.5049371719360352
1.4717668294906616 1.5089812278747559
1.4717060327529907 1.507495641708374
1.4717813730239868 1.5076675415039062
1.4716469049453735 1.5063753128051758
1.4716782569885254 1.5063658952713013
1.4717520475387573 1.5073745250701904
1.471681833267212 1.506669282913208
1.4716569185256958 1.5085054636001587
1.471662163734436 1.5045721530914307
1.4717274904251099 1.5086909532546997
1.471613883972168 1.5073720216751099
1.471671223640442 1.503164529800415
1.4716460704803467 1.511987566947937
1.471705675125122 1.509027361869812
1.4717347621917725 1.5031805038452148
1.4717475175857544 1.503900408744812
1.4715983867645264 1.5038416385650635
1.4716466665267944 1.5065808296203613
1.4716517925262451 1.5060964822769165
1.4716187715530396 1.5047041177749634
1.4716527462005615 1.503666877746582
1.4716516733169556 1.5033597946166992
1.4715869426727295 1.5064939260482788
1.47166907787323 1.5047388076782227
1.471634030342102 1.5077614784240723
1.4716309309005737 1.5082755088806152
1.4716545343399048 1.5035364627838135
1.4717326164245605 1.5043401718139648
1.4717048406600952 1.5060956478118896
1.4716848134994507 1.5063692331314087
1.4716943502426147 1.5089459419250488
1.4716373682022095 1.5072823762893677
1.471735954284668 1.5082937479019165
1.4716131687164307 1.5048660039901733
1.47166907787323 1.5103822946548462
1.471707820892334 1.5041635036468506
1.4715845584869385 1.505517840385437
1.4716254472732544 1.5058939456939697
1.4650962352752686 1.4923574924468994
1.4604867696762085 1.5037615299224854
1.4600085020065308 1.500431776046753
1.4599307775497437 1.4919087886810303
1.4593520164489746 1.4989089965820312
1.4151004552841187 1.3995351791381836
1.356948733329773 1.348340392112732
1.3095321655273438 1.3057700395584106
1.2757219076156616 1.2671384811401367
1.2346497774124146 1.2388018369674683
1.1706483364105225 1.1367571353912354
1.1220344305038452 1.1184637546539307
1.096773624420166 1.0756924152374268
1.0702764987945557 1.0664433240890503
1.0444395542144775 1.0255464315414429
1.0269640684127808 0.9895414710044861
0.9944006204605103 0.9666972756385803
0.9535240530967712 0.9254706501960754
0.9204983115196228 0.9184591174125671
0.893330454826355 0.8726469278335571
0.8646935224533081 0.8802525401115417
0.8435060977935791 0.808588445186615
0.8052006959915161 0.7987263798713684
0.7864046692848206 0.8144454956054688
0.756038248538971 0.7146375179290771
0.7381832003593445 0.7375658750534058
0.7165043950080872 0.713861346244812
0.7062323093414307 0.6720647811889648
0.6931087970733643 0.661731481552124
0.6834021806716919 0.7059891819953918
0.676196813583374 0.6413034796714783
0.6664343476295471 0.7372423410415649
0.6605406403541565 0.7427576780319214
0.6614348292350769 0.6416244506835938
0.6524916291236877 0.7518312335014343
0.6515975594520569 0.6337437033653259
0.6468888521194458 0.637511134147644
0.6451206803321838 0.6531090140342712
0.6390533447265625 0.6251957416534424
0.6408604383468628 0.6323248147964478
0.6361385583877563 0.6215161085128784
0.6326446533203125 0.6715324521064758
0.6321898698806763 0.6130235195159912
0.6308702230453491 0.6441926956176758
0.6251502633094788 0.6442626118659973
0.6214284896850586 0.6143893599510193
0.6212950348854065 0.6139954924583435
0.616098940372467 0.6335231065750122
0.6156497597694397 0.6670692563056946
0.61031574010849 0.6550458669662476
0.6075303554534912 0.6618085503578186
0.603355348110199 0.601249098777771
0.6007910370826721 0.6267567276954651
0.6019363403320312 0.6365146040916443
0.5960521697998047 0.6134827136993408
0.5904461145401001 0.593223512172699
0.5889920592308044 0.592325747013092
0.5875896215438843 0.5736532807350159
0.5825616121292114 0.6273682117462158
0.6535559892654419 0.5692479014396667
0.5744915008544922 0.5713219046592712
0.57779860496521 0.5890225768089294
0.5668023824691772 0.5700130462646484
0.5679336786270142 0.5466274619102478
0.80036461353302 0.9778165817260742
0.628217339515686 0.5613301396369934
0.5794925093650818 0.6032761335372925
0.5791686773300171 0.537815511226654
0.5484921336174011 0.5779045820236206
0.5557889938354492 0.543282151222229
0.5422435402870178 0.5266000628471375
0.5674881339073181 0.5179871916770935
0.5351507663726807 0.5727598667144775
0.5428657531738281 0.5453352928161621
0.5351775884628296 0.5200654864311218
0.526384174823761 0.5678995251655579
0.5239042043685913 0.5067657232284546
0.5612134337425232 0.5246813893318176
0.5214106440544128 0.5266648530960083
0.5172837972640991 0.5143967866897583
0.5142440795898438 0.5091990232467651
0.5130556225776672 0.5972447991371155
0.5109918117523193 0.5201532244682312
0.5127996802330017 0.5030784010887146
0.5103592276573181 0.5006749629974365
0.5228169560432434 0.523544192314148
0.504641592502594 0.5137467384338379
0.5033543109893799 0.5070353150367737
0.5023981928825378 0.5269915461540222
0.501465380191803 0.5006304979324341
0.4992765188217163 0.597213625907898
0.5285253524780273 0.9432265758514404
0.5072152018547058 1.129167914390564
0.5152774453163147 0.4990925192832947
0.49365296959877014 0.4945334494113922
0.5414817333221436 0.48117366433143616
0.4866068363189697 0.5207899212837219
0.5398950576782227 0.4826790988445282
0.4870285093784332 0.5014144778251648
0.486596941947937 0.49238574504852295
0.4958634376525879 0.4927523732185364
0.48590418696403503 0.4869402348995209
0.4806137681007385 0.47736430168151855
0.48197001218795776 0.4761318266391754
0.48002785444259644 0.5235245227813721
0.47676730155944824 0.4618167579174042
0.4808216691017151 0.5137324333190918
0.6104581356048584 0.47914940118789673
0.5180120468139648 0.488952100276947
0.4761849343776703 0.46823757886886597
0.5231634974479675 0.48129943013191223
0.4930727779865265 0.474388062953949
0.9088005423545837 0.47016528248786926
0.47462883591651917 0.5176973342895508
0.4686390161514282 0.48376181721687317
0.5283783078193665 0.4694072902202606
0.4685923159122467 0.48159319162368774
0.4631008505821228 0.5171545743942261
0.4654526710510254 0.4685703217983246
0.46125856041908264 0.4665290415287018
0.4635419249534607 0.48908162117004395
0.45710307359695435 0.4571993947029114
0.4627295136451721 0.4703730642795563
0.4668531119823456 0.45576345920562744
0.46072259545326233 0.4511989951133728
0.4543159008026123 0.6284802556037903
0.4564553499221802 0.46980512142181396
0.45677560567855835 0.45062464475631714
0.45519039034843445 0.45839691162109375
0.4554089605808258 0.46318143606185913
0.4561886489391327 0.47317153215408325
0.4503805637359619 0.4566248059272766
0.4543318450450897 0.4537990391254425
0.4508045017719269 0.44468000531196594
0.44784441590309143 0.44651347398757935
0.451422780752182 0.447233110666275
0.4458742141723633 0.47217121720314026
0.4491536021232605 0.44666820764541626
0.5485514998435974 0.45612794160842896
0.44420379400253296 0.45481619238853455
0.4468686580657959 0.4458165168762207
0.4427783787250519 0.44284072518348694
0.4456499218940735 0.44029471278190613
0.44409680366516113 0.44076743721961975
0.441493421792984 0.4456545412540436
0.4422900676727295 0.44165146350860596
0.4441434144973755 0.44810402393341064
0.6371886134147644 1.4578362703323364
0.7794298529624939 0.46511515974998474
0.44345828890800476 0.4360654354095459
0.43777337670326233 0.4392734467983246
0.43925604224205017 0.4772977828979492
0.4381842613220215 0.4348565936088562
0.43745794892311096 0.4608568847179413
0.44765084981918335 0.43087759613990784
0.43604332208633423 0.4371472895145416
0.43491479754447937 0.4319207966327667
0.43799784779548645 0.48830488324165344
0.43750184774398804 0.4358974099159241
0.43411174416542053 0.46580520272254944
0.4334392249584198 0.45665258169174194
0.4328755736351013 0.46052053570747375
0.43546685576438904 0.43893182277679443
0.43000471591949463 0.43901491165161133
0.4335401952266693 0.4502928555011749
0.429962694644928 0.45915183424949646
0.4322565495967865 0.4310764670372009
0.4310430586338043 0.44632095098495483
0.43019115924835205 0.45808565616607666
0.4285745918750763 0.4748974144458771
0.43525102734565735 0.4267461895942688
0.42896604537963867 0.425454705953598
0.42956042289733887 0.42843446135520935
0.4286682903766632 0.43695974349975586
0.4274076521396637 0.4734165668487549
0.42692553997039795 0.4367535412311554
0.42798832058906555 0.43071863055229187
0.42855173349380493 0.42833518981933594
0.42827609181404114 0.4296303689479828
0.4275956153869629 0.4393583834171295
0.4267772436141968 0.4368589520454407
0.4276767373085022 0.4443531632423401
0.42729201912879944 0.43305015563964844
0.4250987768173218 0.43072137236595154
0.4248146712779999 0.4333077073097229
0.4257641136646271 0.4233253300189972
0.4289703369140625 0.4197666645050049
0.4225703775882721 0.44966188073158264
0.4220218360424042 0.42752575874328613
0.422038197517395 0.4414978623390198
0.4221382439136505 0.4195007085800171
0.421070396900177 0.42059940099716187
0.42157548666000366 0.46482136845588684
0.4208211302757263 0.44452282786369324
0.42046576738357544 0.4300885796546936
0.42120474576950073 0.4668200612068176
0.42162829637527466 0.4154749810695648
0.4206421971321106 0.42373254895210266
0.41980433464050293 0.43334224820137024
0.4204227924346924 0.4384048879146576
0.41993188858032227 0.41618427634239197
0.41882744431495667 0.417837917804718
0.4195712208747864 0.43242061138153076
0.4188184440135956 0.42933014035224915
0.41698157787323 0.4135700464248657
0.41665276885032654 0.41218459606170654
0.41693052649497986 0.4211168587207794
0.41651180386543274 0.43698379397392273
0.41859713196754456 0.4664471745491028
0.41620999574661255 0.41800275444984436
0.41635483503341675 0.4203495383262634
0.41875046491622925 0.4126291871070862
0.41515785455703735 0.4186716377735138
0.4163585305213928 0.4126557409763336
0.4148002564907074 0.45114776492118835
0.41523072123527527 0.4242905080318451
0.41377919912338257 0.4274195432662964
0.41358309984207153 0.4206469655036926
0.4151890277862549 0.46553537249565125
0.4108608365058899 0.42904627323150635
0.410548597574234 0.418774276971817
0.4146117866039276 0.42405620217323303
0.41143086552619934 0.4239872694015503
0.4106404185295105 0.4208747148513794
0.4124257564544678 0.4292707145214081
0.4975406527519226 0.41063937544822693
0.40892529487609863 0.40610212087631226
0.4106331169605255 0.41897329688072205
0.41342639923095703 0.4067510664463043
0.4089828431606293 0.4045216739177704
0.40836000442504883 0.43575671315193176
0.41060757637023926 0.4186427593231201
0.40768951177597046 0.4159800410270691
0.40987759828567505 0.4407674968242645
0.41005536913871765 0.5205026865005493
0.40793126821517944 0.4403015971183777
0.4102650284767151 0.4196775555610657
0.4077536463737488 0.4310978651046753
0.40768200159072876 0.41193726658821106
0.4065174460411072 0.42134520411491394
0.40670979022979736 0.4169284701347351
0.6076244115829468 0.8040094375610352
0.5878219604492188 0.4423043727874756
0.4095645844936371 0.4274316132068634
0.4091230630874634 0.4034436345100403
0.4072691798210144 0.414803147315979
0.40481406450271606 0.40564611554145813
0.40613359212875366 0.40512019395828247
0.4057786464691162 0.4051625728607178
0.48979586362838745 0.41602814197540283
0.4054711163043976 0.4144116938114166
0.4049839377403259 0.40230897068977356
0.40214231610298157 0.43485307693481445
0.4027794897556305 0.3985157310962677
0.4019065201282501 0.4006604552268982
0.401821494102478 0.5108396410942078
0.402102530002594 0.4020758271217346
0.4013691842556 0.4522480368614197
0.400429368019104 0.3959755301475525
0.4011499285697937 0.4025472402572632
0.40101107954978943 0.4066590368747711
0.4002416729927063 0.3954479694366455
0.3990653455257416 0.4088027775287628
0.4000856578350067 0.40954527258872986
0.4016110599040985 0.42199674248695374
0.3990272283554077 0.41770192980766296
0.7927783727645874 0.930377721786499
0.7442135810852051 0.6002835631370544
0.5889987945556641 0.5659762024879456
0.539009690284729 0.5150486826896667
0.5183210968971252 0.501551628112793
0.5032331943511963 0.48833245038986206
0.48631197214126587 0.47202545404434204
0.47093838453292847 0.4625357985496521
0.4584153890609741 0.4672151803970337
0.45022720098495483 0.4410853385925293
0.444324254989624 0.4466164708137512
0.4373363256454468 0.4596870541572571
0.43479952216148376 0.4470422863960266
0.4311293959617615 0.5066708922386169
0.4267711341381073 0.4296148717403412
0.42374077439308167 0.4212573170661926
0.4226147532463074 0.41978251934051514
0.4211595058441162 0.413044273853302
0.4180680215358734 0.4734794795513153
0.413284569978714 0.41943490505218506
0.41008976101875305 0.41246747970581055
0.41017863154411316 0.4057600200176239
0.4044930934906006 0.4603903889656067
0.4037463963031769 0.3948630392551422
0.40154528617858887 0.4232476055622101
0.39872434735298157 0.3975216746330261
0.3975922465324402 0.4014219343662262
0.39461708068847656 0.396562397480011
0.39497867226600647 0.38611361384391785
0.3918173611164093 0.4097019135951996
0.3906225264072418 0.39082539081573486
0.3884532153606415 0.40933212637901306
0.3893522322177887 0.3835431635379791
0.38728630542755127 0.4073942303657532
0.3874099850654602 0.414846271276474
0.3855837881565094 0.3957376778125763
0.3837437629699707 0.3809048533439636
0.38237616419792175 0.38161516189575195
0.38163137435913086 0.4082033336162567
0.38196897506713867 0.4502137005329132
0.37955859303474426 0.3888099789619446
0.3801189661026001 0.37551867961883545
0.376483678817749 0.39296191930770874
0.3770848214626312 0.44023117423057556
0.3783351480960846 0.3843970000743866
0.3749544024467468 0.3727618455886841
0.3752708435058594 0.3751232326030731
0.37330353260040283 0.4004405438899994
0.3767090141773224 0.38833677768707275
0.3737252652645111 0.3638707101345062
0.37425047159194946 0.3814586102962494
0.37267401814460754 0.38603001832962036
0.37358516454696655 0.4303964376449585
0.37203603982925415 0.3735769987106323
0.37008136510849 0.36403852701187134
0.3688586354255676 0.36849507689476013
0.3678828477859497 0.391046404838562
0.36687660217285156 0.4089576005935669
0.36742284893989563 0.36338135600090027
0.36676257848739624 0.39797869324684143
0.36685293912887573 0.38782092928886414
0.36495479941368103 0.381014883518219
0.3654249906539917 0.36127564311027527
0.3640657067298889 0.3600234389305115
0.3646656572818756 0.37367773056030273
0.36309173703193665 0.42369985580444336
0.3636247515678406 0.39014339447021484
0.36557406187057495 0.3613726794719696
0.3630698025226593 0.36246898770332336
0.36245250701904297 0.3595261573791504
0.3620286285877228 0.3568001091480255
0.36174097657203674 0.3570878207683563
0.35895463824272156 0.3644509017467499
0.3589622974395752 0.35378000140190125
0.3579907715320587 0.36399921774864197
0.3583559989929199 0.3601694703102112
0.3610173463821411 0.3805631399154663
0.36153602600097656 0.3612939417362213
0.35826238989830017 0.3795277178287506
0.35934752225875854 0.39529260993003845
0.35809820890426636 0.3526627719402313
0.35668787360191345 0.3763343095779419
0.3858443796634674 0.3840656578540802
0.35774242877960205 0.3612699508666992
0.3568972945213318 0.3876117467880249
0.35561925172805786 0.374248206615448
0.35874542593955994 0.3547494113445282
0.3553355038166046 0.3827906847000122
0.35570028424263 0.3502774238586426
0.3745743930339813 0.37802186608314514
0.35450461506843567 0.3616441488265991
0.35334503650665283 0.36097729206085205
0.35503020882606506 0.358830988407135
0.35328662395477295 0.3488309979438782
0.3696763217449188 0.3583531081676483
0.35202664136886597 0.3759612441062927
0.3532632887363434 0.3557530343532562
0.35533571243286133 0.3583872318267822
0.3529418110847473 0.38329848647117615
0.3513002395629883 0.3799632787704468
0.35297417640686035 0.36105677485466003
0.35180139541625977 0.3572622239589691
0.3562012314796448 0.5505509376525879
0.35065603256225586 0.3855735957622528
0.3531184494495392 0.3488062620162964
0.351500928401947 0.3569822907447815
0.3517962396144867 0.3817451298236847
0.349961519241333 0.3659765124320984
0.35004255175590515 0.3633345365524292
0.3501276969909668 0.35918110609054565
0.34989407658576965 0.3416748344898224
0.3513306677341461 0.35902372002601624
0.3497622609138489 0.36904096603393555
0.35101789236068726 0.3688420355319977
0.3504619300365448 0.38068342208862305
0.34988465905189514 0.34568601846694946
0.34793558716773987 0.3507724106311798
0.3495200276374817 0.3733406960964203
0.3512878119945526 0.34189659357070923
0.3498133718967438 0.4059065580368042
0.3492858111858368 0.35155409574508667
0.3467002511024475 0.3843218684196472
0.3470709025859833 0.349102646112442
0.34691593050956726 0.3414895832538605
0.3474567234516144 0.3533206880092621
0.3449646234512329 0.3601301908493042
0.3459319770336151 0.3607993423938751
0.346449613571167 0.3801034390926361
0.3465195596218109 0.3587889075279236
0.34423384070396423 0.36879998445510864
0.3443523943424225 0.34013262391090393
0.34463977813720703 0.3447951078414917
0.34365662932395935 0.36356261372566223
0.3450540006160736 0.3639315962791443
0.3480214476585388 0.3550698757171631
0.3438751697540283 0.35288766026496887
0.34512290358543396 0.34630465507507324
0.34471395611763 0.39900243282318115
0.34472373127937317 0.36345815658569336
0.3421820402145386 0.3484523892402649
0.351796418428421 0.34786126017570496
0.3438538610935211 0.3625344932079315
0.3437524139881134 0.33888787031173706
0.3457605540752411 0.34395167231559753
0.34248676896095276 0.34901899099349976
0.34166598320007324 0.37539997696876526
0.3417537212371826 0.34455928206443787
0.3430595099925995 0.354922354221344
0.3416537940502167 0.34546735882759094
0.3422812819480896 0.36640310287475586
0.34297576546669006 0.41646912693977356
0.3440370559692383 0.5111532211303711
0.3402070105075836 0.3492829501628876
0.34259307384490967 0.3493534028530121
0.34099629521369934 0.34548234939575195
0.3409647047519684 0.33870482444763184
0.3380367159843445 0.3374786376953125
0.34160539507865906 0.3607584536075592
0.3381137251853943 0.34304845333099365
0.33969834446907043 0.3433031737804413
0.3393232226371765 0.33719897270202637
0.339709997177124 0.3361916244029999
0.33786049485206604 0.36311548948287964
0.3396056294441223 0.3628264367580414
0.33938053250312805 0.3378070592880249
0.33965352177619934 0.34556686878204346
0.33871862292289734 0.34586718678474426
0.3391680121421814 0.34177035093307495
0.33983588218688965 0.33928436040878296
0.3367455303668976 0.34052571654319763
0.46144458651542664 0.43679729104042053
0.36350569128990173 0.38045257329940796
0.3401849865913391 0.3553093671798706
0.337327241897583 0.349866658449173
0.3362725079059601 0.34640419483184814
0.337480753660202 0.3506578207015991
0.33645766973495483 0.3732055127620697
0.33792468905448914 0.33972659707069397
0.3358725905418396 0.34003159403800964
0.3357430696487427 0.336658239364624
0.33598464727401733 0.3535679876804352
