2.0431172847747803 1.5145113468170166
1.4086418151855469 1.2082008123397827
1.0126471519470215 0.8474507927894592
0.7698391079902649 0.7582120299339294
0.6423740386962891 0.8202429413795471
0.5757834315299988 0.9703494906425476
0.539814829826355 0.9949091672897339
0.5103884935379028 1.0858163833618164
0.4918878674507141 1.0041086673736572
0.472663551568985 1.0355918407440186
0.4542805254459381 1.0378592014312744
0.43885356187820435 1.136042594909668
0.4144999086856842 1.030211091041565
0.3277491331100464 0.7406361699104309
0.26905742287635803 0.5598195791244507
0.2451723963022232 0.5905308127403259
0.22446970641613007 0.48845207691192627
0.210770845413208 0.4393501877784729
0.19500760734081268 0.30690401792526245
0.18428225815296173 0.2495589703321457
0.172848641872406 0.21298383176326752
0.1666628122329712 0.21698398888111115
0.15983591973781586 0.1973232477903366
0.15821819007396698 0.21030119061470032
0.15455150604248047 0.1689768135547638
0.15055733919143677 0.1667976826429367
0.14810441434383392 0.1893003284931183
0.14709843695163727 0.16841799020767212
0.1445292830467224 0.16966809332370758
0.14253045618534088 0.13985702395439148
0.14183558523654938 0.1520392745733261
0.1405649185180664 0.14322222769260406
0.1387707144021988 0.14260680973529816
0.13770581781864166 0.19802631437778473
0.13670086860656738 0.14052990078926086
0.13641628623008728 0.206617072224617
0.13438525795936584 0.1406969279050827
0.1341022551059723 0.19671736657619476
0.13175062835216522 0.16917434334754944
0.13242433965206146 0.17727956175804138
0.1310807466506958 0.13749468326568604
0.13110972940921783 0.1608266681432724
0.1300712525844574 0.1468798816204071
0.12887591123580933 0.1647789627313614
0.1287958174943924 0.15604452788829803
0.12776333093643188 0.16380628943443298
0.1275663822889328 0.12488403171300888
0.1268635094165802 0.16688483953475952
0.12738889455795288 0.13514891266822815
0.12743458151817322 0.13966858386993408
0.12851060926914215 0.1208658292889595
0.12501844763755798 0.12390021234750748
0.12585553526878357 0.1522713154554367
0.12384996563196182 0.1479131579399109
0.12418479472398758 0.15594662725925446
0.12226951122283936 0.12116457521915436
0.12305296212434769 0.13522197306156158
0.12307445704936981 0.12146741151809692
0.1228327602148056 0.12336897104978561
0.12304570525884628 0.14184428751468658
0.12166474014520645 0.13980592787265778
0.12120215594768524 0.13726601004600525
0.12148343026638031 0.12999995052814484
0.12151598930358887 0.12959423661231995
0.1208222284913063 0.1351621001958847
0.12085594236850739 0.11769713461399078
0.11927038431167603 0.1442137509584427
0.11984861642122269 0.12167458236217499
0.12046919763088226 0.13193020224571228
0.11932522058486938 0.12297388166189194
0.11968975514173508 0.11738938093185425
0.1195196583867073 0.11730051785707474
0.11848060041666031 0.11662457883358002
0.1183924674987793 0.12448963522911072
0.11943319439888 0.12291576713323593
0.1189560517668724 0.1233857125043869
0.1183253601193428 0.11869628727436066
0.1181948333978653 0.13363470137119293
0.11731011420488358 0.12106972932815552
0.11901918798685074 0.12218061834573746
0.1175396591424942 0.11245420575141907
0.11710156500339508 0.14666566252708435
0.11670974642038345 0.1304071843624115
0.11612740159034729 0.12058049440383911
0.11680569499731064 0.1320337951183319
0.11655872315168381 0.11364900320768356
0.11556962132453918 0.12934279441833496
0.11585190892219543 0.118845634162426
0.11670232564210892 0.1211930438876152
0.11501055210828781 0.12172278761863708
0.1160786971449852 0.12912538647651672
0.11561635881662369 0.11577954143285751
0.11577721685171127 0.1162339448928833
0.1153036579489708 0.13121457397937775
0.11640316992998123 0.11284972727298737
0.1145494356751442 0.11360020190477371
0.11448559910058975 0.11902735382318497
0.11452292650938034 0.1154870092868805
0.11316747218370438 0.11866454780101776
0.1139771118760109 0.1212189793586731
0.1139490008354187 0.12814562022686005
0.1142842099070549 0.12490589916706085
0.11438186466693878 0.13275274634361267
0.11294269561767578 0.11503132432699203
0.1134551391005516 0.1165371909737587
0.11350902169942856 0.1287757009267807
0.11274569481611252 0.13139525055885315
0.11309807002544403 0.11705520749092102
0.11278241872787476 0.10994884371757507
0.11337146162986755 0.13254696130752563
0.11299625039100647 0.11592048406600952
0.11305953562259674 0.14114020764827728
0.11199840158224106 0.14100565016269684
0.11303253471851349 0.11563263833522797
0.1114739179611206 0.12074606865644455
0.1131703108549118 0.12174185365438461
0.11215396970510483 0.12078697979450226
0.11317045241594315 0.11110200732946396
0.11137694120407104 0.11959072202444077
0.1124671995639801 0.11580388247966766
0.11121591925621033 0.11030610650777817
0.11271603405475616 0.12070651352405548
0.11154597252607346 0.16303932666778564
0.1125561073422432 0.12146733701229095
0.11202109605073929 0.1301928013563156
0.1112610399723053 0.12782758474349976
0.11190962791442871 0.1141173243522644
0.11015739291906357 0.11008178442716599
0.11024624109268188 0.13390076160430908
0.11057780683040619 0.12258581072092056
0.11047018319368362 0.11511103063821793
0.11103124171495438 0.12222827970981598
0.1099429503083229 0.11112476140260696
0.11082829535007477 0.11207645386457443
0.10967723280191422 0.10730138421058655
0.11057152599096298 0.13327115774154663
0.10979550331830978 0.12130654603242874
0.10975243151187897 0.11673463881015778
0.11003254354000092 0.11273086071014404
0.10950463265180588 0.12270607054233551
0.10924350470304489 0.11854466050863266
0.10905389487743378 0.1391744613647461
0.11012466251850128 0.1206713616847992
0.1088612973690033 0.14916029572486877
0.10905487835407257 0.133987694978714
0.10871666669845581 0.12159290164709091
0.10884128510951996 0.10950859636068344
0.10912860929965973 0.11584726721048355
0.10888317972421646 0.1341647356748581
0.10972870886325836 0.12426817417144775
0.10963685810565948 0.10739320516586304
0.10850557684898376 0.11250293999910355
0.1093471348285675 0.1092398539185524
0.10809755325317383 0.12366662919521332
0.10942205786705017 0.10818436741828918
0.10856559127569199 0.10962957888841629
0.10794324427843094 0.11072014272212982
0.10815076529979706 0.1149350106716156
0.10858064144849777 0.12338493019342422
0.10766130685806274 0.1189834401011467
0.10769682377576828 0.11365849524736404
0.10807633399963379 0.10918048024177551
0.10778087377548218 0.10895591229200363
0.10709966719150543 0.10918708145618439
0.10753040015697479 0.10978714376688004
0.10704758018255234 0.10896560549736023
0.10763605684041977 0.10873672366142273
0.1071457490324974 0.11871277540922165
0.10732925683259964 0.11447812616825104
0.12081806361675262 0.1192089095711708
0.10963142663240433 0.10464449226856232
0.10638350993394852 0.11132968962192535
0.10794929414987564 0.11474426090717316
0.1073179766535759 0.12668003141880035
0.1071825921535492 0.11264505237340927
0.10697837173938751 0.11656682193279266
0.1065017506480217 0.1103624776005745
0.10601998120546341 0.10764230042695999
0.10685256868600845 0.11059921979904175
0.10616385191679001 0.12381494045257568
0.10769369453191757 0.12525419890880585
0.10597381740808487 0.10975842922925949
0.10670451819896698 0.10427585244178772
0.1063937246799469 0.11324239522218704
0.10627119243144989 0.11431615054607391
0.1058584675192833 0.1191420778632164
0.10674533993005753 0.11899454891681671
0.10651320964097977 0.10906235128641129
0.10609456151723862 0.10677840560674667
0.10695741325616837 0.10868621617555618
0.10556143522262573 0.10294055193662643
0.10582596063613892 0.10580860078334808
0.10587084293365479 0.13523855805397034
0.1059972494840622 0.10631797462701797
0.10513972491025925 0.10954102873802185
0.10564886033535004 0.1085532158613205
0.10592364519834518 0.10511739552021027
0.10532373189926147 0.10718260705471039
0.1059858575463295 0.10669230669736862
0.10594575852155685 0.12935712933540344
0.10536457598209381 0.10452136397361755
0.10496731847524643 0.1174352839589119
0.10480474680662155 0.10678847879171371
0.10553143918514252 0.10644765198230743
0.10499133914709091 0.09886382520198822
0.10653228312730789 0.10423862934112549
0.1053265631198883 0.10260782390832901
0.10480606555938721 0.10395663231611252
0.10509791225194931 0.12075809389352798
0.1049288734793663 0.10934088379144669
0.10520165413618088 0.10381599515676498
0.10375867784023285 0.10433929413557053
0.10391172021627426 0.11413378268480301
0.10389374941587448 0.11227656900882721
0.10429464280605316 0.10622526705265045
0.10447573661804199 0.10407327860593796
0.10337035357952118 0.10809901356697083
0.10342662036418915 0.10755006968975067
0.10396556556224823 0.11098244041204453
0.1040351390838623 0.1069309264421463
0.10473467409610748 0.10450294613838196
0.1028541848063469 0.10740289092063904
0.10292787849903107 0.11892480403184891
0.10378894954919815 0.09960450977087021
0.10344519466161728 0.10330495983362198
0.10380814969539642 0.10467671602964401
0.10333747416734695 0.1021236777305603
0.10296843945980072 0.11680814623832703
0.10317099094390869 0.11313660442829132
0.10292155295610428 0.11356808245182037
0.10352572798728943 0.11651832610368729
0.10278821736574173 0.10120665282011032
0.1023326963186264 0.10831540077924728
0.10257193446159363 0.11373034119606018
0.1026565358042717 0.10303730517625809
0.10249583423137665 0.11182902008295059
0.10242974758148193 0.1026664674282074
0.10341867059469223 0.1116533875465393
0.1029137596487999 0.104456327855587
0.10287251323461533 0.10842633992433548
0.10257982462644577 0.10295796394348145
0.10211674869060516 0.10078969597816467
0.10262233018875122 0.09951422363519669
0.10301275551319122 0.13204428553581238
0.10229199379682541 0.10435548424720764
0.10265567153692245 0.12272161990404129
0.10226379334926605 0.10653053224086761
0.10191553831100464 0.10078033059835434
0.10252968966960907 0.10876324772834778
0.10253036767244339 0.11268031597137451
0.10230232030153275 0.10667124390602112
0.10168445110321045 0.10736797749996185
0.10247134417295456 0.10766307264566422
0.10091370344161987 0.10646714270114899
0.10194063931703568 0.10116426646709442
0.1017879843711853 0.10342714935541153
0.10161642730236053 0.1134260892868042
0.10199727863073349 0.12086192518472672
0.10141202807426453 0.10599344223737717
0.10133987665176392 0.10210857540369034
0.10101155191659927 0.10590590536594391
0.1012585312128067 0.11507934331893921
0.10148535668849945 0.10776664316654205
0.1012108325958252 0.10106270760297775
0.1010051816701889 0.10350952297449112
0.10111679881811142 0.10285613685846329
0.10122372955083847 0.12668994069099426
0.10083764791488647 0.10087057203054428
0.10081673413515091 0.10120445489883423
0.10172367095947266 0.10401850938796997
0.10113882273435593 0.11117397993803024
0.10121513158082962 0.10807245969772339
0.10125871002674103 0.11077447235584259
0.09992459416389465 0.11747724562883377
0.10167678445577621 0.11364082992076874
0.1007455512881279 0.11987359821796417
0.10061322897672653 0.11280432343482971
0.10052157193422318 0.10050010681152344
0.09977849572896957 0.11504336446523666
0.10037006437778473 0.10988307744264603
0.10119156539440155 0.09749222546815872
0.09998853504657745 0.11023981869220734
0.10088002681732178 0.09900695830583572
0.10034729540348053 0.10004018247127533
0.1007324680685997 0.1276271790266037
0.10001689940690994 0.10674408078193665
0.10089227557182312 0.1300259828567505
0.10025006532669067 0.10063058137893677
0.09986821562051773 0.10219524055719376
0.10042072087526321 0.1052674800157547
0.1001584380865097 0.10066311806440353
0.10031311213970184 0.10568507760763168
0.10043030977249146 0.11909594386816025
0.09981110692024231 0.12999506294727325
0.10000082850456238 0.10983844846487045
0.100201815366745 0.11285285651683807
0.101066954433918 0.1174972653388977
0.09957729279994965 0.11047428101301193
0.09977634251117706 0.10439453274011612
0.09939440339803696 0.09868641942739487
0.09962518513202667 0.09996584057807922
0.09970993548631668 0.10391192138195038
0.09925451874732971 0.11226437985897064
0.09915626049041748 0.12630589306354523
0.09880372136831284 0.1073383167386055
0.09969989210367203 0.09643849730491638
0.09923163056373596 0.10248997062444687
0.09891621023416519 0.11085724830627441
0.09877824783325195 0.13793206214904785
0.0987323448061943 0.10742863267660141
0.09886744618415833 0.10454235970973969
0.09920413047075272 0.10478492081165314
0.099319688975811 0.1039837896823883
0.09978913515806198 0.09884965419769287
0.09863406419754028 0.10038670152425766
0.09963905066251755 0.10738130658864975
0.09859581291675568 0.10515046864748001
0.09936980158090591 0.10454361140727997
0.0982004776597023 0.10999428480863571
0.09912341833114624 0.103395015001297
0.09898319095373154 0.09641564637422562
0.09845587611198425 0.10803497582674026
0.09825822710990906 0.11785336583852768
0.09843602776527405 0.1007051020860672
0.09866981208324432 0.1040622815489769
0.0983506590127945 0.11208000779151917
0.09890235215425491 0.10196486115455627
0.09818030893802643 0.09929219633340836
0.09801319241523743 0.10365143418312073
0.09823004901409149 0.10182785242795944
0.09832606464624405 0.10409998148679733
0.09768842160701752 0.10025915503501892
0.0980350449681282 0.12112550437450409
0.09852306544780731 0.10206607729196548
0.0982925072312355 0.10461131483316422
0.09805566072463989 0.10336087644100189
0.0981491282582283 0.12493640184402466
0.09789877384901047 0.10383907705545425
0.09786875545978546 0.1369813084602356
0.09842042624950409 0.11066929996013641
0.09831762313842773 0.10007008910179138
0.09774503111839294 0.10072016716003418
0.09763031452894211 0.10431656986474991
0.09803653508424759 0.09868572652339935
0.09810082614421844 0.09910734742879868
0.09757369011640549 0.10567785054445267
0.0977044329047203 0.10631120204925537
0.09766160696744919 0.12385453283786774
0.09746869653463364 0.10008007287979126
0.09813826531171799 0.13277706503868103
0.0972675085067749 0.10513562709093094
0.09742238372564316 0.1007789671421051
0.09722954034805298 0.115748830139637
0.09790927171707153 0.10689594596624374
0.09798870235681534 0.10010281950235367
0.09716270864009857 0.1092943623661995
0.09808532893657684 0.10368278622627258
0.09756377339363098 0.09822838008403778
0.0971662774682045 0.09725935757160187
0.0976400375366211 0.10628636926412582
0.09808896481990814 0.10177762806415558
0.09792622178792953 0.10214105248451233
0.09750841557979584 0.10071362555027008
0.09806273877620697 0.10417966544628143
0.0970892459154129 0.1014879122376442
0.09752389043569565 0.10097763687372208
0.09737157821655273 0.09501001983880997
0.09691586345434189 0.10387599468231201
0.0966813936829567 0.09617317467927933
0.09742454439401627 0.11775580048561096
0.0974041074514389 0.11038866639137268
0.09736204892396927 0.097587950527668
0.09717121720314026 0.10380741953849792
0.09668468683958054 0.10935564339160919
0.09751509875059128 0.09960494935512543
0.09734563529491425 0.09688769280910492
0.0969407856464386 0.10663808882236481
0.09647680073976517 0.1092895045876503
0.09715046733617783 0.10046123713254929
0.09686122089624405 0.10684527456760406
0.09663272649049759 0.10004427284002304
0.09742971509695053 0.09613845497369766
0.09702113270759583 0.10868024826049805
0.09687753021717072 0.09939754754304886
0.09688811749219894 0.10815200954675674
0.09649252146482468 0.1078055128455162
0.09639612585306168 0.09939665347337723
0.09623174369335175 0.10543233901262283
0.09699193388223648 0.10350044071674347
0.09674476832151413 0.10138922929763794
0.09633804857730865 0.10250630229711533
0.09615378081798553 0.0991324707865715
0.09662327170372009 0.09831379354000092
0.09667210280895233 0.0953630805015564
0.09601426124572754 0.11930795013904572
0.09674078226089478 0.09996888786554337
0.09631470590829849 0.09892987459897995
0.09626714885234833 0.10684636235237122
0.09650244563817978 0.10323233902454376
0.09656455367803574 0.09615352749824524
0.09673194587230682 0.11273390054702759
0.09611652046442032 0.09999125450849533
0.09594734758138657 0.09986916184425354
0.09616261720657349 0.09800395369529724
0.09663226455450058 0.10598345845937729
0.09527923166751862 0.09942273050546646
0.09629809856414795 0.10972708463668823
0.09616295993328094 0.1093316450715065
0.09616849571466446 0.1004815548658371
0.0962977483868599 0.10653309524059296
0.0960603654384613 0.1051168218255043
0.09636738896369934 0.0984255000948906
0.0957648828625679 0.10381077975034714
0.09521349519491196 0.10468190163373947
0.09544581919908524 0.11404499411582947
0.09625168889760971 0.1112845316529274
0.09668666124343872 0.09973984956741333
0.09590158611536026 0.11664453148841858
0.09585678577423096 0.10191134363412857
0.09625962376594543 0.11160876601934433
0.09564927965402603 0.09902232885360718
0.09583181142807007 0.10267169028520584
0.09585578739643097 0.09776339679956436
0.09518664330244064 0.097917839884758
0.09572726488113403 0.09849560260772705
0.09563630074262619 0.09991961717605591
0.09557169675827026 0.10014571249485016
0.09569212049245834 0.10566042363643646
0.09591465443372726 0.10034934431314468
0.09562807530164719 0.0977165475487709
0.09591736644506454 0.10132776945829391
0.095785953104496 0.09762480854988098
0.09606470167636871 0.10563742369413376
0.09554888308048248 0.12324029207229614
0.09517483413219452 0.09693730622529984
0.0954044833779335 0.10317149013280869
0.09552239626646042 0.10011370480060577
0.09575807303190231 0.09718617796897888
0.09503169357776642 0.10284572839736938
0.09593137353658676 0.10275612771511078
0.09511841088533401 0.10309906303882599
0.0958307534456253 0.10146432369947433
0.0960463210940361 0.10104133933782578
0.09560394287109375 0.10060159116983414
0.09482397884130478 0.11167426407337189
0.09585630893707275 0.11726320534944534
0.09523068368434906 0.10371697694063187
0.0947675034403801 0.10911191999912262
0.09555160999298096 0.10097333788871765
0.09492259472608566 0.10011467337608337
0.09475077688694 0.1044132262468338
0.09542804956436157 0.11302147805690765
0.09527257084846497 0.09514596313238144
0.09543924778699875 0.1015351191163063
0.09513331949710846 0.13000032305717468
0.09488533437252045 0.10212831199169159
0.09455331414937973 0.13774347305297852
0.09468626230955124 0.11265634745359421
0.09564542770385742 0.09969472140073776
0.09496553242206573 0.099229596555233
0.09470047801733017 0.1174972802400589
0.09607592970132828 0.09800724685192108
0.09508907794952393 0.09758792072534561
0.09508799016475677 0.10731088370084763
0.09437526762485504 0.1005861908197403
0.09445905685424805 0.0968928337097168
0.09503301233053207 0.10826270282268524
0.094896599650383 0.11024495959281921
0.09506001323461533 0.11967720091342926
0.0949339047074318 0.09738181531429291
0.0950128510594368 0.09515587985515594
0.09487070143222809 0.11821208894252777
0.09473804384469986 0.10767015814781189
0.09463835507631302 0.10102448612451553
0.0949723869562149 0.10242954641580582
0.09451761096715927 0.10623518377542496
0.09460137784481049 0.10118453949689865
0.0947992205619812 0.09728725999593735
0.09443225711584091 0.0969047099351883
0.09411652386188507 0.10052226483821869
0.09458712488412857 0.09910917282104492
0.09403200447559357 0.1165556088089943
0.09425611048936844 0.09844308346509933
0.09489820897579193 0.09552719444036484
0.09458780288696289 0.10646408051252365
0.09497970342636108 0.09896866232156754
0.09477555006742477 0.09865644574165344
0.09393500536680222 0.09921352565288544
0.0944380909204483 0.10784229636192322
0.09391193091869354 0.10053610056638718
0.09419085830450058 0.102778859436512
0.09446222335100174 0.09623732417821884
0.09463968873023987 0.09927729517221451
0.0947447344660759 0.10342765599489212
0.09420836716890335 0.10067735612392426
0.09420045465230942 0.0967830941081047
0.0946301594376564 0.09761917591094971
0.09476755559444427 0.09712240844964981
0.09395407885313034 0.10159033536911011
0.0938745066523552 0.10496275871992111
