1.818121075630188 1.5190441608428955
1.4948471784591675 1.5040829181671143
1.4846460819244385 1.5007556676864624
1.4796507358551025 1.500375747680664
1.4785300493240356 1.5139943361282349
1.4768595695495605 1.5036386251449585
1.4749008417129517 1.460172414779663
1.1085231304168701 0.8535955548286438
0.7513911128044128 0.6668184995651245
0.6377704739570618 0.6151781678199768
0.5849189162254333 0.6096773743629456
0.5531304478645325 0.5417288541793823
0.5298857092857361 0.6510962247848511
0.513318657875061 0.5137901902198792
0.49954336881637573 0.5189687013626099
0.4890941381454468 0.48619332909584045
0.47871604561805725 0.4702596366405487
0.47024285793304443 0.5546771287918091
0.45934727787971497 0.4652096927165985
0.4521440863609314 0.4363853335380554
0.4444347023963928 0.4375689625740051
0.4349515736103058 0.4293194115161896
0.4283476173877716 0.442186564207077
0.4239027500152588 0.4223843216896057
0.41639575362205505 0.4416964054107666
0.4094035029411316 0.41730061173439026
0.40546858310699463 0.3955329954624176
0.39944368600845337 0.41127482056617737
0.3941589593887329 0.3886679708957672
0.38991841673851013 0.4032031297683716
0.38474225997924805 0.39112746715545654
0.37941765785217285 0.37966296076774597
0.3756374716758728 0.4013901352882385
0.37192368507385254 0.3756997287273407
0.36772313714027405 0.38872700929641724
0.3649582266807556 0.36963748931884766
0.3605460524559021 0.39213699102401733
0.36001911759376526 0.4122648239135742
0.35681062936782837 0.3483215570449829
0.35519126057624817 0.3627811074256897
0.35295259952545166 0.35728293657302856
0.35127609968185425 0.3587309718132019
0.34862568974494934 0.34582075476646423
0.347094863653183 0.3581688404083252
0.34743815660476685 0.3586327135562897
0.34576988220214844 0.3457584083080292
0.34359824657440186 0.3409171998500824
0.3411734402179718 0.3344918489456177
0.3403949737548828 0.3318321704864502
0.34164169430732727 0.34905654191970825
0.3398568630218506 0.368886798620224
0.339513897895813 0.3364953100681305
0.3399936556816101 0.3376361131668091
0.3381217420101166 0.3440808951854706
0.33702048659324646 0.3573898375034332
0.33706575632095337 0.3614320456981659
0.3366125822067261 0.3703969419002533
0.33533695340156555 0.35279595851898193
0.33578863739967346 0.3515344560146332
0.3344537913799286 0.3363792598247528
0.3355216979980469 0.3405250310897827
0.33329513669013977 0.3309354782104492
0.3314797580242157 0.3322671055793762
0.33124420046806335 0.32394009828567505
0.3304235637187958 0.33194512128829956
0.3302482068538666 0.3416789472103119
0.33016857504844666 0.3427688479423523
0.32981762290000916 0.3433309495449066
0.3296419382095337 0.3466724455356598
0.3285282254219055 0.33984068036079407
0.327095091342926 0.34015539288520813
0.3278065025806427 0.3432057201862335
0.32814109325408936 0.3297647535800934
0.3265611231327057 0.3617284893989563
0.3252060115337372 0.34270864725112915
0.32592856884002686 0.33684074878692627
0.32443299889564514 0.32519346475601196
0.325318843126297 0.33191969990730286
0.324259489774704 0.35537514090538025
0.3250235319137573 0.32138556241989136
0.3234320282936096 0.3446938991546631
0.32211795449256897 0.3276323676109314
0.32207363843917847 0.3269156813621521
0.3208100497722626 0.3367481827735901
0.32285043597221375 0.3337545692920685
0.321713924407959 0.3242478668689728
0.32117804884910583 0.32366159558296204
0.3201918601989746 0.32895973324775696
0.3200363516807556 0.32126274704933167
0.3215884566307068 0.3154686391353607
0.32013311982154846 0.36376509070396423
0.31992340087890625 0.3292505443096161
0.31959769129753113 0.336996465921402
0.3195131719112396 0.33283957839012146
0.31811919808387756 0.32851529121398926
0.3170356750488281 0.3133676052093506
0.31732216477394104 0.32303476333618164
0.31770145893096924 0.33825087547302246
0.31630373001098633 0.3618454337120056
0.31647181510925293 0.3288244605064392
0.3168688416481018 0.3187599182128906
0.316232830286026 0.34069567918777466
0.3146693706512451 0.31678783893585205
0.3145378530025482 0.31801560521125793
0.3138936460018158 0.3433748185634613
0.31562450528144836 0.3317393660545349
0.314004510641098 0.3171965181827545
0.3135944604873657 0.3231220245361328
0.31356948614120483 0.3172183036804199
0.3128211796283722 0.3393179178237915
0.31285330653190613 0.3344945013523102
0.3123514652252197 0.32615476846694946
0.3132307827472687 0.38693758845329285
0.31256675720214844 0.32569387555122375
0.31189197301864624 0.3251563012599945
0.3105243146419525 0.31863564252853394
0.31110426783561707 0.32443055510520935
0.3111409544944763 0.31979817152023315
0.31014806032180786 0.31388992071151733
0.31048524379730225 0.31043246388435364
0.31026193499565125 0.3075370788574219
0.30927780270576477 0.31165215373039246
0.30975502729415894 0.3050190210342407
0.31049758195877075 0.3049425482749939
0.3086065948009491 0.33196720480918884
0.3096431791782379 0.31225237250328064
0.30884456634521484 0.3408661484718323
0.30889827013015747 0.31868645548820496
0.30925190448760986 0.31419917941093445
0.308296799659729 0.3161103129386902
0.3081916570663452 0.31310322880744934
0.3071194291114807 0.3140355944633484
0.3080736994743347 0.3128544092178345
0.30781838297843933 0.31736844778060913
0.30775952339172363 0.3124585449695587
0.3067251443862915 0.32063090801239014
0.30562421679496765 0.3108732998371124
0.30660927295684814 0.3131698966026306
0.3074479103088379 0.31412261724472046
0.30622363090515137 0.3065948188304901
0.30607542395591736 0.332846075296402
0.30669763684272766 0.30349570512771606
0.30659937858581543 0.32367387413978577
0.30461227893829346 0.3117542564868927
0.30606764554977417 0.3428555428981781
0.30503690242767334 0.31217315793037415
0.3058876097202301 0.3181464970111847
0.30455103516578674 0.3566448390483856
0.3045075833797455 0.3161797523498535
0.3040217459201813 0.2991647720336914
0.3045674264431 0.316994845867157
0.3034709393978119 0.30590060353279114
0.3041776418685913 0.3251763582229614
0.30413582921028137 0.32018306851387024
0.30279842019081116 0.31711310148239136
0.303125262260437 0.32064980268478394
0.30296725034713745 0.3004428446292877
0.30215245485305786 0.3082098364830017
0.3022197484970093 0.30732500553131104
0.30236950516700745 0.3094884157180786
0.30313199758529663 0.3138144910335541
0.3016955554485321 0.31394097208976746
0.3013709783554077 0.30984756350517273
0.30316799879074097 0.3116890788078308
0.3032798171043396 0.3064855933189392
0.302069753408432 0.30171993374824524
0.3024766743183136 0.3108799159526825
0.3009636104106903 0.30161184072494507
0.3014710545539856 0.31048479676246643
0.301908940076828 0.3020016551017761
0.3000944256782532 0.29685696959495544
0.3006061613559723 0.31067079305648804
0.3007105886936188 0.34689703583717346
0.3008825182914734 0.3144054710865021
0.300766259431839 0.304419606924057
0.3006459176540375 0.3430195450782776
0.2995058298110962 0.3036080002784729
0.3007625341415405 0.31415867805480957
0.29910534620285034 0.30734679102897644
0.3012857437133789 0.31801122426986694
0.2997298240661621 0.318515807390213
0.29920458793640137 0.3109109699726105
0.2996174097061157 0.3009677231311798
0.29954057931900024 0.3319985568523407
0.29887208342552185 0.3046080768108368
0.2980901300907135 0.3127883970737457
0.2987082898616791 0.30257901549339294
0.29893967509269714 0.2980554699897766
0.2988016605377197 0.3394196331501007
0.2992308437824249 0.3123961389064789
0.29787012934684753 0.31315135955810547
0.2984963655471802 0.308235764503479
0.297858327627182 0.30335909128189087
0.29926201701164246 0.31182271242141724
0.29805365204811096 0.3098609447479248
0.2986360192298889 0.3236655592918396
0.29785388708114624 0.3260631859302521
0.2977282702922821 0.32833966612815857
0.2969740927219391 0.3028664290904999
0.2976464033126831 0.34991654753685
0.2984815537929535 0.3082456588745117
0.2985321581363678 0.3165443539619446
0.29844900965690613 0.29427164793014526
0.2980918884277344 0.3052424192428589
0.2976648211479187 0.3196355700492859
0.29787614941596985 0.30643796920776367
0.2965411841869354 0.3105810582637787
0.2971876561641693 0.3007829189300537
0.29634782671928406 0.2977229952812195
0.2967092990875244 0.3076329231262207
0.2973327338695526 0.3131905198097229
0.297184556722641 0.2993977963924408
0.2967793345451355 0.2915068566799164
0.2952580153942108 0.302773654460907
0.2955203354358673 0.30893635749816895
0.2953360676765442 0.3119933605194092
0.29627886414527893 0.3081699013710022
0.2957903742790222 0.3105130195617676
0.29644453525543213 0.31146761775016785
0.2953287959098816 0.32107508182525635
0.2957814931869507 0.2983529567718506
0.2959713935852051 0.3150481581687927
0.2955937087535858 0.29725319147109985
0.29596251249313354 0.3144952058792114
0.29667165875434875 0.3033030033111572
0.2954248785972595 0.3047882318496704
0.2952221930027008 0.31837061047554016
0.29486918449401855 0.32018959522247314
0.2965123653411865 0.3036307096481323
0.29631638526916504 0.3482217490673065
0.2954939007759094 0.3199501037597656
0.2960967719554901 0.29713088274002075
0.2940693795681 0.29899534583091736
0.29492560029029846 0.30555397272109985
0.29379430413246155 0.32693347334861755
0.29288244247436523 0.2981668710708618
0.29503199458122253 0.3009718656539917
0.29331254959106445 0.3100700378417969
0.293766587972641 0.2959553003311157
0.2949954867362976 0.3171091675758362
0.29261860251426697 0.3081338107585907
0.2939140796661377 0.3006831407546997
0.2940296232700348 0.31500083208084106
0.29290148615837097 0.30554431676864624
0.2928883731365204 0.30705514550209045
0.293697714805603 0.2983023226261139
0.29440030455589294 0.31140777468681335
0.29258841276168823 0.2934686541557312
0.2933984398841858 0.2995288670063019
0.29279327392578125 0.3357493281364441
0.29318371415138245 0.29645854234695435
0.2918487787246704 0.302009254693985
0.2933056056499481 0.3111228048801422
0.2933852970600128 0.3299355208873749
0.2920874357223511 0.30027157068252563
0.29308217763900757 0.33723321557044983
0.29326045513153076 0.3281405568122864
0.2930740416049957 0.3081672787666321
0.2940835654735565 0.3033626973628998
0.2928604185581207 0.30107569694519043
0.2925333082675934 0.3183877170085907
0.2925260066986084 0.30620118975639343
0.2936347723007202 0.35329827666282654
0.292494535446167 0.3060792088508606
0.2939443290233612 0.3132075071334839
0.292469322681427 0.2937089204788208
0.29188641905784607 0.2952830493450165
0.2925613522529602 0.3268214762210846
0.2931237518787384 0.31611761450767517
0.2922855615615845 0.3184075653553009
0.2907993793487549 0.30852770805358887
0.29192405939102173 0.3040059506893158
0.2928473949432373 0.29566434025764465
0.29216480255126953 0.2961021959781647
0.292036235332489 0.30520787835121155
0.2906191945075989 0.31547537446022034
0.293039470911026 0.3179014325141907
0.29182201623916626 0.3078380525112152
0.29221558570861816 0.3161216974258423
0.2912551462650299 0.3337215483188629
0.2913673520088196 0.3161831796169281
0.29169973731040955 0.30419355630874634
0.2922355830669403 0.3160475194454193
0.2900964915752411 0.3124299943447113
0.2899307310581207 0.3078071177005768
0.2914459705352783 0.2970670759677887
0.2921951413154602 0.30363667011260986
0.29241499304771423 0.322917103767395
0.29033851623535156 0.2993524670600891
0.2902478873729706 0.303767591714859
0.2920917570590973 0.29779258370399475
0.29099297523498535 0.3130814731121063
0.29121869802474976 0.32571133971214294
0.2903416156768799 0.3236224949359894
0.28972259163856506 0.30931833386421204
0.29067882895469666 0.2931525409221649
0.2904413640499115 0.3004365861415863
0.2891344726085663 0.2978276312351227
0.28969088196754456 0.30065983533859253
0.2898046672344208 0.30767539143562317
0.2892722487449646 0.2960374653339386
0.29022297263145447 0.3144986033439636
0.28965628147125244 0.29425063729286194
0.29013359546661377 0.3015533983707428
0.29043281078338623 0.3082740902900696
0.29090216755867004 0.30708345770835876
0.29020315408706665 0.2982423007488251
0.2903318405151367 0.3031642436981201
0.2887505292892456 0.2977546453475952
0.28954583406448364 0.3305909335613251
0.2879730463027954 0.30266711115837097
0.2895403206348419 0.3150235414505005
0.2897086441516876 0.3004923164844513
0.2893502116203308 0.31954893469810486
0.28987354040145874 0.3022516667842865
0.28847256302833557 0.3073296546936035
0.2890845239162445 0.29663270711898804
0.2897665202617645 0.3033461272716522
0.28813695907592773 0.30832451581954956
0.2885393500328064 0.3132370114326477
0.2897868752479553 0.30636659264564514
0.2888263165950775 0.2981536090373993
0.28798356652259827 0.29887741804122925
0.28857794404029846 0.30294010043144226
0.28790023922920227 0.3179890215396881
0.28977537155151367 0.2932215929031372
0.2882341742515564 0.3449675142765045
0.2888166606426239 0.32641294598579407
0.28870445489883423 0.29698726534843445
0.2881324291229248 0.3047836422920227
0.2884562313556671 0.2957092523574829
0.2882770597934723 0.3079208731651306
0.289554238319397 0.2934838533401489
0.2895698547363281 0.2979583144187927
0.2894631326198578 0.31515800952911377
0.28842610120773315 0.30379655957221985
0.2884601652622223 0.30439794063568115
0.28797614574432373 0.31642675399780273
0.28807535767555237 0.29280850291252136
0.28809794783592224 0.30055302381515503
0.2866981625556946 0.2979602813720703
0.2883184254169464 0.31177836656570435
0.28861328959465027 0.2923140525817871
0.28795966506004333 0.33088433742523193
0.28881844878196716 0.2940692901611328
0.2875693142414093 0.30110985040664673
0.2878327965736389 0.30248355865478516
0.28808894753456116 0.29873499274253845
0.28773486614227295 0.29538682103157043
0.2886454164981842 0.3046332001686096
0.28777894377708435 0.3079822063446045
0.28663119673728943 0.30372586846351624
0.28677189350128174 0.2999247610569
0.28649070858955383 0.2946969270706177
0.2889402508735657 0.3204086422920227
0.2878805100917816 0.3044501841068268
0.2880702018737793 0.2928592264652252
0.286305695772171 0.3087158203125
0.28717541694641113 0.30570298433303833
0.2878621518611908 0.3025202453136444
0.287718802690506 0.29600605368614197
0.28682732582092285 0.2949594259262085
0.2866957187652588 0.3037455677986145
0.28683242201805115 0.3172486126422882
0.2861182689666748 0.2990761995315552
0.2866889238357544 0.2973119914531708
0.2868812084197998 0.2934707701206207
0.28598934412002563 0.2973833978176117
0.2860943078994751 0.29837238788604736
0.2853308916091919 0.30921846628189087
0.28639325499534607 0.32002323865890503
0.2869023084640503 0.2957933247089386
0.2877628803253174 0.29210224747657776
0.2867627441883087 0.30125492811203003
0.2859655022621155 0.3251955807209015
0.287589967250824 0.2974553108215332
0.28677523136138916 0.30888989567756653
0.28682535886764526 0.3051111400127411
0.28555718064308167 0.31561750173568726
0.2852039039134979 0.3003785014152527
0.2863380014896393 0.29511886835098267
0.2850129008293152 0.3031301200389862
0.2864834666252136 0.2936494052410126
0.28690388798713684 0.29565250873565674
0.28617778420448303 0.29343780875205994
0.28704309463500977 0.28928735852241516
0.28647929430007935 0.3155450224876404
0.2847823202610016 0.3339601159095764
0.2853224277496338 0.3060913681983948
0.2858131527900696 0.33369776606559753
0.28657329082489014 0.288688063621521
0.28522631525993347 0.3179512619972229
0.2868303060531616 0.3292970359325409
0.2860606014728546 0.3255177140235901
0.28523701429367065 0.30178844928741455
0.28356924653053284 0.3169762194156647
0.2862505614757538 0.30081889033317566
0.28567832708358765 0.2937403917312622
0.28481525182724 0.2993839681148529
0.28523826599121094 0.31286153197288513
0.2845517098903656 0.2988326847553253
0.2863243818283081 0.2964898645877838
0.2856046259403229 0.3159709870815277
0.2850346863269806 0.2981790602207184
0.2850102186203003 0.2966810166835785
0.28581851720809937 0.29966413974761963
0.28511643409729004 0.30724042654037476
0.2847793996334076 0.2988227307796478
0.28624558448791504 0.308974027633667
0.28583040833473206 0.3254094421863556
0.28528550267219543 0.30012813210487366
0.28565284609794617 0.29619717597961426
0.28493738174438477 0.29290780425071716
0.2848112881183624 0.29753991961479187
0.2855542302131653 0.2950396239757538
0.28473028540611267 0.3200545608997345
0.28404664993286133 0.29498186707496643
0.28495052456855774 0.3051885962486267
0.28525277972221375 0.3153637647628784
0.28369900584220886 0.2980363070964813
0.2845862805843353 0.3014657199382782
0.2840120196342468 0.29402241110801697
0.2843485474586487 0.2917306125164032
0.2841602563858032 0.3052787482738495
0.28481152653694153 0.29529425501823425
0.28418225049972534 0.2981705665588379
0.28281256556510925 0.3028689920902252
0.2833406329154968 0.29373300075531006
0.28288358449935913 0.30069679021835327
0.2844253182411194 0.30030688643455505
0.2861248850822449 0.30963796377182007
0.28434765338897705 0.3215852677822113
0.2861311733722687 0.2978542745113373
0.28508779406547546 0.32358038425445557
0.28419068455696106 0.3003429174423218
0.28505802154541016 0.2995840013027191
0.2829713523387909 0.31210529804229736
0.28571975231170654 0.31949466466903687
0.28411978483200073 0.29839572310447693
0.28368404507637024 0.2964184284210205
0.2852421998977661 0.30575770139694214
0.2834223806858063 0.31615695357322693
0.28390151262283325 0.3045588731765747
0.28417861461639404 0.3356214761734009
0.28365185856819153 0.3023287057876587
0.2834257185459137 0.3271939158439636
0.28298020362854004 0.3015303909778595
0.28300246596336365 0.3027758002281189
0.2841518223285675 0.2961243689060211
0.2837134599685669 0.3064567446708679
0.28230664134025574 0.31548428535461426
0.28194621205329895 0.3105589747428894
0.28333526849746704 0.29343128204345703
0.2828892171382904 0.3066401779651642
0.28390762209892273 0.29846420884132385
0.28249043226242065 0.29190582036972046
0.28331559896469116 0.2997311055660248
0.28359681367874146 0.3038497567176819
0.2835957705974579 0.2915680706501007
0.28335997462272644 0.29792463779449463
0.2835486829280853 0.312244713306427
0.28326115012168884 0.29533302783966064
0.28243356943130493 0.30078545212745667
0.28361180424690247 0.3055742383003235
0.2830492854118347 0.2955174446105957
0.2826032340526581 0.3178195059299469
0.2829124927520752 0.2962663173675537
0.28415924310684204 0.29913944005966187
0.2840109169483185 0.3162623345851898
0.2827650308609009 0.29394710063934326
0.2827376425266266 0.2997317612171173
0.2826116383075714 0.31209760904312134
0.28378844261169434 0.3044321537017822
0.284540593624115 0.29726263880729675
0.28206202387809753 0.2938863933086395
0.2827814221382141 0.2953953444957733
0.28271326422691345 0.3142310380935669
0.28296157717704773 0.32203930616378784
0.28235912322998047 0.30920061469078064
0.2824503779411316 0.3004053235054016
0.28093621134757996 0.30551767349243164
0.2821734547615051 0.32649844884872437
0.28394705057144165 0.29253262281417847
0.28245168924331665 0.29943549633026123
0.282306432723999 0.2957932651042938
0.28217899799346924 0.2955726087093353
0.28214144706726074 0.3007633686065674
0.2830347716808319 0.2930661141872406
0.2829761505126953 0.2890562117099762
0.28276756405830383 0.3065737783908844
0.2827204167842865 0.30309778451919556
0.28258267045021057 0.2962416410446167
0.28238412737846375 0.29777541756629944
0.28220829367637634 0.3196931481361389
0.2819331884384155 0.31624969840049744
0.28195950388908386 0.2968460023403168
0.2834111154079437 0.33155590295791626
0.28270286321640015 0.3210400342941284
0.2826095223426819 0.2989422678947449
0.2817915678024292 0.3044533133506775
0.28287696838378906 0.2939225435256958
0.28295326232910156 0.2949943244457245
0.28177839517593384 0.30059003829956055
0.2812504172325134 0.32168975472450256
0.2819264829158783 0.2990449070930481
0.28375357389450073 0.2993701696395874
0.2819889485836029 0.2919841706752777
0.28187286853790283 0.29860422015190125
0.28294387459754944 0.30279189348220825
0.28160059452056885 0.30862298607826233
0.28163284063339233 0.3058052659034729
0.2819063365459442 0.3042069375514984
0.28244978189468384 0.29578113555908203
0.28280362486839294 0.2953534424304962
0.2817145586013794 0.3019394874572754
0.28163808584213257 0.28955140709877014
0.2813127934932709 0.294389545917511
0.28071728348731995 0.2989661395549774
0.28040841221809387 0.2923143804073334
0.28046557307243347 0.293138325214386
0.2814176380634308 0.3022169768810272
0.28098154067993164 0.28802743554115295
0.28057175874710083 0.3072689473628998
0.2810955047607422 0.30144476890563965
0.2825367748737335 0.3264515995979309
0.2819094955921173 0.29660871624946594
0.28316542506217957 0.2924659848213196
0.2814844846725464 0.30199968814849854
0.2817012369632721 0.29998165369033813
0.28160038590431213 0.2986506223678589
0.2818918228149414 0.3165304362773895
0.28168925642967224 0.30008992552757263
0.28176477551460266 0.2965524196624756
0.2806973159313202 0.2934642434120178
0.28137534856796265 0.30213817954063416
0.2818027138710022 0.29935964941978455
0.27986428141593933 0.29776349663734436
0.28049981594085693 0.30194929242134094
0.2812623381614685 0.2923627495765686
0.2809416949748993 0.30642250180244446
0.2808835804462433 0.30861160159111023
0.2810398042201996 0.29760220646858215
0.28190505504608154 0.311676025390625
0.28249621391296387 0.2952030897140503
0.28030911087989807 0.2942902147769928
0.2814938426017761 0.3035001754760742
0.28102734684944153 0.29495692253112793
0.28141966462135315 0.2965540289878845
0.2810622453689575 0.29385146498680115
0.2803642153739929 0.297603577375412
0.28156039118766785 0.30863890051841736
0.2816603183746338 0.31689542531967163
0.28141552209854126 0.3109285235404968
0.2816199064254761 0.3029313087463379
0.28165823221206665 0.31159672141075134
0.2816053628921509 0.29628318548202515
0.27946963906288147 0.2939060628414154
0.2799745798110962 0.29647207260131836
0.28164005279541016 0.3008773922920227
0.2804640233516693 0.2941283881664276
0.28096631169319153 0.28977906703948975
0.27949923276901245 0.29820001125335693
0.2813979387283325 0.2927667498588562
0.2805922329425812 0.30067938566207886
0.28016233444213867 0.2911893427371979
0.28011220693588257 0.2966545820236206
0.27967092394828796 0.29564881324768066
0.28072425723075867 0.29432886838912964
0.2810491919517517 0.2935994565486908
0.27963492274284363 0.29578667879104614
0.27952367067337036 0.30377820134162903
0.2800726890563965 0.3005139231681824
0.2806864082813263 0.2876303791999817
0.2798212468624115 0.29077520966529846
0.27968689799308777 0.305392861366272
0.2803945541381836 0.2958579361438751
0.279721200466156 0.29994598031044006
0.28024786710739136 0.293111115694046
0.279398113489151 0.3430158197879791
0.279266357421875 0.2998698651790619
0.2812612056732178 0.3054538369178772
0.2801080048084259 0.2872627377510071
0.27940720319747925 0.3042340874671936
0.2813117504119873 0.3033568263053894
0.28061914443969727 0.3295833170413971
0.279996782541275 0.3251822590827942
0.2799179255962372 0.2968931198120117
0.2804778516292572 0.29292920231819153
0.28011554479599 0.30273517966270447
0.2806358337402344 0.2898232340812683
0.280042439699173 0.2927320599555969
0.2782008647918701 0.29335853457450867
0.27949652075767517 0.3112933039665222
0.2794105112552643 0.2884739339351654
0.2797679007053375 0.3088320195674896
0.2795894742012024 0.2951067388057709
0.2794307768344879 0.31087908148765564
0.2815520465373993 0.31107789278030396
0.2797587215900421 0.2914639711380005
0.28012073040008545 0.2925451695919037
0.27859804034233093 0.3028617799282074
0.2807721495628357 0.3015728294849396
0.2798013687133789 0.2965203523635864
0.2789764702320099 0.30203378200531006
0.27879682183265686 0.2984994053840637
0.28120914101600647 0.310988187789917
0.2778725028038025 0.28888919949531555
0.2790863811969757 0.29470545053482056
0.27894607186317444 0.2996247410774231
0.279803991317749 0.3002101480960846
0.2795511782169342 0.32046279311180115
0.2794145941734314 0.3028799593448639
0.28013530373573303 0.29889076948165894
0.279375284910202 0.2894158959388733
0.27935555577278137 0.2925266921520233
0.27818965911865234 0.2868776321411133
0.2793389856815338 0.3264617621898651
0.2797926366329193 0.3050406277179718
0.27986031770706177 0.28919652104377747
0.279411256313324 0.3072853088378906
0.27872171998023987 0.3069213330745697
0.2786256670951843 0.29357853531837463
0.2781001925468445 0.30970361828804016
0.27838024497032166 0.30991026759147644
0.27742910385131836 0.29506373405456543
0.2797187268733978 0.2939976453781128
0.280373752117157 0.314585417509079
0.2794141471385956 0.30011388659477234
0.27702879905700684 0.30685845017433167
0.2791556715965271 0.2937702238559723
0.2787688970565796 0.32517820596694946
0.2793855667114258 0.2912446856498718
0.27994415163993835 0.3066665530204773
0.2787120044231415 0.3200691342353821
0.27834799885749817 0.3083358407020569
0.27840322256088257 0.29384028911590576
0.2798391878604889 0.31119439005851746
0.27811646461486816 0.2933732569217682
0.27991795539855957 0.2913784980773926
0.27826279401779175 0.2939579486846924
0.27820301055908203 0.29469019174575806
0.27874428033828735 0.30470290780067444
0.27779391407966614 0.28973013162612915
0.2786349654197693 0.31426364183425903
0.27922192215919495 0.2988334894180298
0.27936550974845886 0.2922247052192688
0.2781173884868622 0.3016020357608795
0.2781814932823181 0.33704251050949097
0.2779780328273773 0.35190919041633606
0.27827051281929016 0.28787779808044434
0.2769967019557953 0.2918669283390045
0.27755478024482727 0.3210737109184265
0.2781250774860382 0.29199403524398804
0.2778948247432709 0.29822733998298645
0.27804338932037354 0.32488343119621277
0.27796003222465515 0.33812105655670166
0.2796337306499481 0.28903645277023315
0.27881449460983276 0.29454582929611206
0.27808982133865356 0.300653874874115
0.27840057015419006 0.3002573847770691
0.2783956229686737 0.3086402714252472
0.2790566682815552 0.2901879549026489
0.2789020836353302 0.29154980182647705
0.2781785726547241 0.29288554191589355
0.27937158942222595 0.29257136583328247
0.2778860926628113 0.2939513623714447
0.27928921580314636 0.31825482845306396
0.2776927351951599 0.2905215322971344
0.2770361304283142 0.2971239387989044
0.27731752395629883 0.3074418902397156
0.2779063880443573 0.2909821569919586
0.27872833609580994 0.3215462565422058
0.2783079743385315 0.2905638515949249
0.27837467193603516 0.29706913232803345
0.2787107825279236 0.30889561772346497
0.2779170274734497 0.3373194932937622
0.27709609270095825 0.3032916784286499
0.2777375876903534 0.3076446056365967
0.27770814299583435 0.29541775584220886
0.27636009454727173 0.29207754135131836
0.27763208746910095 0.29196417331695557
0.27665165066719055 0.3030872941017151
0.2766491174697876 0.3031173348426819
0.2772015631198883 0.29367101192474365
0.27752289175987244 0.33100560307502747
0.2775580883026123 0.29709669947624207
0.27782145142555237 0.30774620175361633
0.2764913737773895 0.2914847433567047
0.27794212102890015 0.302477091550827
0.2771553099155426 0.2889639735221863
0.2767004370689392 0.3097570538520813
0.27741459012031555 0.3064844012260437
0.2779604494571686 0.2973501682281494
0.27781838178634644 0.2989535927772522
0.27728772163391113 0.2978535592556
0.2768149971961975 0.3002529740333557
0.27723148465156555 0.2976202070713043
0.27657949924468994 0.2958337068557739
0.276306688785553 0.29167819023132324
0.27776819467544556 0.31205108761787415
0.27836766839027405 0.29345276951789856
0.27717873454093933 0.2907412648200989
0.2765454351902008 0.3043179512023926
0.2779800593852997 0.30248314142227173
0.2775706648826599 0.2933047115802765
0.27793705463409424 0.2965104877948761
0.276688814163208 0.2938254773616791
0.27689650654792786 0.30704864859580994
0.2785266935825348 0.30151087045669556
0.27551156282424927 0.29942697286605835
0.27786532044410706 0.3453231751918793
0.27668651938438416 0.2875852882862091
0.2774985432624817 0.29974547028541565
0.2778269350528717 0.3106647729873657
0.27726009488105774 0.2976566255092621
0.2768174707889557 0.30708935856819153
0.2771376967430115 0.2981361448764801
0.2775789499282837 0.3106698989868164
0.27647286653518677 0.3121262788772583
0.2763812839984894 0.2988705039024353
0.2771552503108978 0.30164262652397156
0.2771010994911194 0.28900864720344543
0.2767103314399719 0.29018381237983704
0.27677562832832336 0.2895876467227936
0.2760319113731384 0.29721200466156006
0.2771341800689697 0.3093765377998352
0.27493083477020264 0.31376776099205017
0.2765834629535675 0.3213859796524048
0.2763062119483948 0.303949236869812
0.2759646773338318 0.30131781101226807
0.27684709429740906 0.2923489809036255
0.27519023418426514 0.2897214889526367
0.27676552534103394 0.31587544083595276
0.2768959105014801 0.31361281871795654
0.27705731987953186 0.29280179738998413
0.27657419443130493 0.28903868794441223
0.27726438641548157 0.29416537284851074
0.27614626288414 0.3006148636341095
0.27656933665275574 0.2925063669681549
0.2765848934650421 0.2974429428577423
0.27586546540260315 0.3288480043411255
0.2761557400226593 0.30212271213531494
0.27656903862953186 0.2959381937980652
0.27668023109436035 0.3065497875213623
0.27625349164009094 0.29927676916122437
0.27598297595977783 0.33510705828666687
0.2764458656311035 0.30873167514801025
0.2765201926231384 0.30597469210624695
0.27671390771865845 0.3169765770435333
0.2759641706943512 0.3151755928993225
0.27596285939216614 0.30119967460632324
0.2759082317352295 0.2947433888912201
0.275816410779953 0.29564791917800903
0.2766816020011902 0.31069961190223694
0.2766478657722473 0.2955559492111206
0.2773042917251587 0.3023049533367157
0.27664247155189514 0.309104323387146
0.2752841114997864 0.2906586229801178
0.27602633833885193 0.2991335690021515
0.2767431437969208 0.31888914108276367
0.27610448002815247 0.29650741815567017
0.27549853920936584 0.2905747890472412
0.27567270398139954 0.30913954973220825
0.27636006474494934 0.29012569785118103
0.27566617727279663 0.31649547815322876
0.2773140072822571 0.31877216696739197
0.2765347361564636 0.2930380403995514
0.27647513151168823 0.3000825345516205
0.2774682343006134 0.31148356199264526
0.2759881913661957 0.3125182092189789
0.2751888632774353 0.291521281003952
0.27631109952926636 0.2961815893650055
0.2760533392429352 0.32703301310539246
0.27597948908805847 0.29978376626968384
0.2765991687774658 0.296508252620697
0.27562886476516724 0.31093961000442505
0.27574270963668823 0.29593387246131897
0.2758433520793915 0.2902964949607849
0.2753628194332123 0.2947433292865753
0.27530625462532043 0.3114309310913086
0.2744666039943695 0.2980878949165344
0.27568352222442627 0.2961030602455139
0.2763408422470093 0.33934149146080017
0.2753346264362335 0.29129621386528015
0.2767179310321808 0.30419525504112244
0.27615752816200256 0.3065037727355957
0.276326984167099 0.3111904263496399
0.2770327031612396 0.299202561378479
0.27609044313430786 0.29612240195274353
0.2754612863063812 0.30167073011398315
0.2767113447189331 0.30861639976501465
0.2765023410320282 0.30835485458374023
0.27609193325042725 0.2922804057598114
0.27650588750839233 0.31111353635787964
0.27616769075393677 0.3320353925228119
0.27634507417678833 0.2983272671699524
0.27716484665870667 0.29291579127311707
0.2760179042816162 0.30574163794517517
0.27510231733322144 0.2986046373844147
0.2755279839038849 0.29535651206970215
0.2755483388900757 0.3112117350101471
0.2759750485420227 0.2945556640625
0.27574974298477173 0.29870104789733887
0.2764490246772766 0.3046780526638031
0.2764874994754791 0.2939092516899109
0.27602341771125793 0.29780134558677673
0.27603188157081604 0.30601441860198975
0.274140864610672 0.3061223030090332
0.2750473618507385 0.29991304874420166
0.2752421498298645 0.29055899381637573
0.2765759527683258 0.29677245020866394
0.2762979567050934 0.3084302544593811
0.27720731496810913 0.3005320727825165
0.2754693031311035 0.30047348141670227
0.27569347620010376 0.30705374479293823
0.2767673432826996 0.295282244682312
0.2761452794075012 0.297372043132782
0.2747809886932373 0.30905672907829285
0.2750919759273529 0.297806054353714
0.2754800021648407 0.3024977743625641
0.2764855623245239 0.30187278985977173
0.27509504556655884 0.29844215512275696
0.275351881980896 0.29685208201408386
0.2753240168094635 0.29829031229019165
0.27605733275413513 0.32646864652633667
0.27510806918144226 0.30404266715049744
0.27507954835891724 0.29686903953552246
0.2760181725025177 0.30114245414733887
0.27581268548965454 0.3159058392047882
0.2753736674785614 0.29993027448654175
0.2750491797924042 0.31425970792770386
0.27508533000946045 0.2954534590244293
0.2748758792877197 0.2972799837589264
0.27558067440986633 0.3054080307483673
0.27550190687179565 0.31502702832221985
0.274718314409256 0.28686439990997314
0.27494239807128906 0.3082968592643738
0.27479520440101624 0.29048970341682434
0.2762710154056549 0.2930333614349365
0.2750532925128937 0.29942476749420166
0.27543506026268005 0.298058420419693
0.2755443751811981 0.2943156957626343
0.2754855453968048 0.3110600411891937
0.2755204737186432 0.2969836890697479
0.27547019720077515 0.3236050009727478
0.2760600745677948 0.2888801395893097
0.2754940390586853 0.3051232099533081
0.27514147758483887 0.2989356517791748
0.2752027213573456 0.30072757601737976
0.27356767654418945 0.2930903136730194
0.2756009101867676 0.2972618639469147
0.2753141522407532 0.2979465425014496
0.27460020780563354 0.3009515702724457
0.27446413040161133 0.2976844012737274
0.2751756012439728 0.29284337162971497
0.2755727171897888 0.3162456750869751
0.2758292853832245 0.3028678596019745
0.2764129936695099 0.29376381635665894
0.2759864628314972 0.30882760882377625
0.2750743627548218 0.2916103005409241
0.2755352556705475 0.3071315884590149
0.2759486138820648 0.31491491198539734
0.2756102979183197 0.29731377959251404
0.27594467997550964 0.30984026193618774
0.27462300658226013 0.2972842752933502
0.27536532282829285 0.29600590467453003
0.2728118896484375 0.2954539656639099
0.27532753348350525 0.29377806186676025
0.2742929458618164 0.30830496549606323
0.27491873502731323 0.2984977066516876
0.27432262897491455 0.32280758023262024
0.2756643295288086 0.2961028516292572
0.27435502409935 0.2971755862236023
0.2748139798641205 0.2900616526603699
0.2756792902946472 0.2969299554824829
0.27509111166000366 0.3013809323310852
0.27522867918014526 0.30189377069473267
0.27486366033554077 0.3403361439704895
0.2752561569213867 0.31853941082954407
0.2753697633743286 0.30338698625564575
0.2749668061733246 0.2917709946632385
0.27449482679367065 0.31407997012138367
0.2745795249938965 0.3158576786518097
0.2749893069267273 0.3213613033294678
0.2741115093231201 0.29250818490982056
0.27476897835731506 0.2949275076389313
0.27413102984428406 0.3113425076007843
0.27498698234558105 0.2927403748035431
0.2751745581626892 0.2935827970504761
0.2737578749656677 0.30469754338264465
0.2743431627750397 0.3047980070114136
0.2740042805671692 0.30127012729644775
0.27563712000846863 0.2985542416572571
0.2742611765861511 0.3006953001022339
0.27583542466163635 0.31049925088882446
0.274199515581131 0.2930978536605835
0.27424755692481995 0.29385170340538025
0.27308499813079834 0.291618287563324
0.27471259236335754 0.290702760219574
0.27534666657447815 0.2973133325576782
0.2741612493991852 0.29502546787261963
0.2750089764595032 0.2936279773712158
0.2735987603664398 0.3021157681941986
0.27399495244026184 0.30257758498191833
0.27326729893684387 0.2902850806713104
0.2744176387786865 0.2960515320301056
0.27432507276535034 0.29945680499076843
0.2750139832496643 0.2964300215244293
0.27504149079322815 0.2990519404411316
0.2739449143409729 0.3061468303203583
0.2748287618160248 0.3115234076976776
0.2746331989765167 0.2916141152381897
0.27426576614379883 0.29666072130203247
0.27364063262939453 0.30225682258605957
0.2748182713985443 0.37102189660072327
0.2746473252773285 0.2958163619041443
0.27385780215263367 0.3014916479587555
0.2736768126487732 0.2972279191017151
0.2753036618232727 0.2974606454372406
0.2730797529220581 0.29343876242637634
0.27410954236984253 0.30270883440971375
0.2744748294353485 0.29334622621536255
0.274709552526474 0.2946518659591675
0.27521812915802 0.2953922152519226
0.2741104066371918 0.3096631169319153
0.2726427912712097 0.30850738286972046
0.2741815745830536 0.3158164322376251
0.27357813715934753 0.3036637604236603
0.2738334834575653 0.30114075541496277
0.27466559410095215 0.3031873106956482
0.27314552664756775 0.29821497201919556
0.27381134033203125 0.303825318813324
0.27290934324264526 0.3050887882709503
0.2741340696811676 0.30235305428504944
0.27380409836769104 0.3245287835597992
0.27322179079055786 0.30261585116386414
0.2748337984085083 0.2948093116283417
0.2750397026538849 0.3085377514362335
0.27490392327308655 0.29122862219810486
0.27402621507644653 0.2919941246509552
0.27333348989486694 0.3036464750766754
0.2729211449623108 0.3051743805408478
0.2739247679710388 0.29761022329330444
0.27432554960250854 0.3115813434123993
0.27376067638397217 0.3069526255130768
0.27369993925094604 0.2977539002895355
0.27372509241104126 0.3097374439239502
0.2732006013393402 0.2980433404445648
0.27369779348373413 0.33871203660964966
0.273419588804245 0.2941589057445526
0.2718956768512726 0.3013695180416107
0.27246949076652527 0.34626504778862
0.2721804678440094 0.29463160037994385
0.27408477663993835 0.2990737855434418
0.27322205901145935 0.31030145287513733
0.2743631899356842 0.3055502772331238
0.2728883922100067 0.3099152147769928
0.2730485498905182 0.2935962677001953
0.2733003497123718 0.34076568484306335
0.2734399139881134 0.2981192469596863
0.27351903915405273 0.3232995271682739
0.2726891338825226 0.2951117157936096
0.27400916814804077 0.2974978983402252
0.2738952338695526 0.29328691959381104
0.2737974524497986 0.32274532318115234
0.27441704273223877 0.29504817724227905
0.2727116346359253 0.3009610176086426
0.2741328179836273 0.2910592555999756
0.2734357714653015 0.3247550427913666
0.2734900116920471 0.31582534313201904
0.273499071598053 0.3017124533653259
0.2728777527809143 0.330683171749115
0.27376046776771545 0.2937332093715668
0.2734532356262207 0.2947025001049042
0.2729039788246155 0.2947852909564972
0.2733432352542877 0.3172743618488312
0.27422499656677246 0.2968798279762268
0.2740926742553711 0.31909021735191345
0.2733798921108246 0.300821989774704
0.27360790967941284 0.3037806749343872
0.27306246757507324 0.2968044579029083
0.2727888524532318 0.3141673803329468
0.2730252146720886 0.3300115764141083
0.273022323846817 0.2989300489425659
0.2744831442832947 0.29040077328681946
0.27363789081573486 0.30768269300460815
0.2737831473350525 0.2900071144104004
0.273307204246521 0.3072730302810669
0.27264517545700073 0.30047333240509033
0.2734486162662506 0.29317140579223633
0.273600697517395 0.3254951238632202
0.2752144932746887 0.30302196741104126
0.2732335031032562 0.30067381262779236
0.2730214297771454 0.3124563694000244
0.27463552355766296 0.2980499565601349
0.2737373113632202 0.29100990295410156
0.27359434962272644 0.30407074093818665
0.2740401029586792 0.30348777770996094
0.27365803718566895 0.3176504969596863
0.27414488792419434 0.29582303762435913
