1.500704050064087 1.4996044635772705
1.4792759418487549 1.4988079071044922
1.4775643348693848 1.5012948513031006
1.4769333600997925 1.5005472898483276
1.4760496616363525 1.5090035200119019
1.4754549264907837 1.5222665071487427
1.4753369092941284 1.5017626285552979
1.4749610424041748 1.498986005783081
1.474880576133728 1.499769687652588
1.4750055074691772 1.5143591165542603
1.4746530055999756 1.5072212219238281
1.4746795892715454 1.5018229484558105
1.4743156433105469 1.509803056716919
1.474577784538269 1.5004069805145264
1.474370002746582 1.503104567527771
1.4742292165756226 1.5083844661712646
1.4743061065673828 1.5114494562149048
1.474258303642273 1.50163733959198
1.4742728471755981 1.5025495290756226
1.474326729774475 1.5081889629364014
1.4742839336395264 1.5024151802062988
1.4740986824035645 1.5070301294326782
1.1180322170257568 0.6526750922203064
0.5928626656532288 0.5624865293502808
0.5178084969520569 0.5959511399269104
0.48538729548454285 0.47881394624710083
0.45143792033195496 0.4346790313720703
0.4174825847148895 0.42126989364624023
0.39070093631744385 0.49057045578956604
0.36941447854042053 0.3964063227176666
0.36058664321899414 0.3752443790435791
0.35221049189567566 0.3491552472114563
0.3444937765598297 0.34356552362442017
0.34201672673225403 0.3401976525783539
0.3400532901287079 0.3369130492210388
0.33833733201026917 0.39688414335250854
0.33531370759010315 0.3244480490684509
0.3344559371471405 0.31701403856277466
0.330329954624176 0.3315756618976593
0.329141765832901 0.33789604902267456
0.3257063925266266 0.3210700750350952
0.32644468545913696 0.325047105550766
0.32675760984420776 0.32196447253227234
0.32497483491897583 0.3125021755695343
0.3239748179912567 0.33970001339912415
0.3221060037612915 0.30744826793670654
0.3201298117637634 0.3168514668941498
0.317579984664917 0.31185677647590637
0.31722763180732727 0.3263547718524933
0.31795018911361694 0.303839772939682
0.31519418954849243 0.3155117630958557
0.3151286840438843 0.3171359896659851
0.3142939507961273 0.4356139302253723
0.3144521117210388 0.30559247732162476
0.31128454208374023 0.2958211600780487
0.31369632482528687 0.30429941415786743
0.31234830617904663 0.33680960536003113
0.30961525440216064 0.3058713972568512
0.3093089163303375 0.30210384726524353
0.3099047839641571 0.32230517268180847
0.3113292455673218 0.29304906725883484
0.3094761073589325 0.28883087635040283
0.30709823966026306 0.3030237853527069
0.3080892860889435 0.32445892691612244
0.30622225999832153 0.30806735157966614
0.30358079075813293 0.29644107818603516
0.30188649892807007 0.2903346121311188
0.30286580324172974 0.30225926637649536
0.29979848861694336 0.32749706506729126
0.30160748958587646 0.29600220918655396
0.3002242147922516 0.2967674732208252
0.29935920238494873 0.31701532006263733
0.29960012435913086 0.28626471757888794
0.29877132177352905 0.2906613349914551
0.29841846227645874 0.28769996762275696
0.29771938920021057 0.29163798689842224
0.2965109050273895 0.2929455041885376
0.29492026567459106 0.28059399127960205
0.29329705238342285 0.3295822739601135
0.2921845614910126 0.28812897205352783
0.2929917573928833 0.3315681219100952
0.29396361112594604 0.32176053524017334
0.29303014278411865 0.2876950204372406
0.2921540141105652 0.29445838928222656
0.29107341170310974 0.2882070541381836
0.2913365066051483 0.27950793504714966
0.29001402854919434 0.31985315680503845
0.29033294320106506 0.3075215518474579
0.28974655270576477 0.2927817702293396
0.288267582654953 0.31006819009780884
0.2900506556034088 0.30094119906425476
0.28946980834007263 0.2777208089828491
0.2886257767677307 0.2823045551776886
0.2878621220588684 0.3291422724723816
0.28607988357543945 0.28988659381866455
0.2892869710922241 0.28203997015953064
0.2861005663871765 0.2735258638858795
0.28632503747940063 0.32958921790122986
0.28763726353645325 0.2864319086074829
0.28699126839637756 0.3454679250717163
0.28562042117118835 0.27788737416267395
0.2854553759098053 0.3061712086200714
0.2826015055179596 0.28778111934661865
0.2833932340145111 0.27623477578163147
0.2831745445728302 0.2772088944911957
0.2831408977508545 0.31490135192871094
0.28567203879356384 0.2794550359249115
0.2839800715446472 0.2884698808193207
0.2815003991127014 0.2757776975631714
0.28085196018218994 0.28259167075157166
0.28159451484680176 0.2773590385913849
0.2813887596130371 0.30087241530418396
0.28137606382369995 0.2704605460166931
0.28241026401519775 0.28830385208129883
0.2802320122718811 0.2785603702068329
0.28060561418533325 0.3008081316947937
0.2804630994796753 0.2689811587333679
0.2817765176296234 0.29263442754745483
0.2807936668395996 0.27698805928230286
0.28205758333206177 0.26353439688682556
0.2780720591545105 0.31643304228782654
0.27818813920021057 0.29023000597953796
0.27679377794265747 0.3405972719192505
0.27851879596710205 0.2660795748233795
0.27722764015197754 0.26763808727264404
0.2753610610961914 0.30126261711120605
0.2779395878314972 0.26214030385017395
0.27887454628944397 0.27440735697746277
0.27612441778182983 0.2882823944091797
0.2778876721858978 0.26864856481552124
0.2762618362903595 0.2809935212135315
0.2774944603443146 0.2612960934638977
0.27628135681152344 0.2921041250228882
0.27787038683891296 0.26815086603164673
0.2755787968635559 0.273866206407547
0.2772729694843292 0.28034090995788574
0.27722418308258057 0.26504597067832947
0.2761034071445465 0.2861345112323761
0.27462106943130493 0.27986183762550354
0.2752198576927185 0.27395927906036377
0.2765175998210907 0.26523029804229736
0.2735176682472229 0.2604411840438843
0.2747564911842346 0.27725520730018616
0.27437838912010193 0.28087085485458374
0.27537110447883606 0.2757786214351654
0.2752240002155304 0.27050676941871643
0.27377429604530334 0.26148927211761475
0.2745628356933594 0.2663300633430481
0.27598807215690613 0.27500465512275696
0.2738425135612488 0.2641344964504242
0.27358317375183105 0.2614959180355072
0.27212828397750854 0.27029356360435486
0.27469056844711304 0.2646806836128235
0.2746632397174835 0.2875959873199463
0.2727748453617096 0.2914981245994568
0.27201762795448303 0.27627813816070557
0.27136266231536865 0.2783193290233612
0.27237433195114136 0.28237003087997437
0.2707954943180084 0.27663835883140564
0.2716623544692993 0.2705090641975403
0.27176713943481445 0.2807350754737854
0.2726988196372986 0.26753124594688416
0.27166229486465454 0.27104052901268005
0.27125656604766846 0.2681293487548828
0.271350234746933 0.2782835066318512
0.2710346281528473 0.35834696888923645
0.2696734368801117 0.2659018635749817
0.271286278963089 0.31012162566185
0.26995110511779785 0.27110475301742554
0.2715227007865906 0.27659016847610474
0.2707083523273468 0.26004260778427124
0.2723914384841919 0.2863810062408447
0.26866304874420166 0.2712463140487671
0.2700372636318207 0.31538718938827515
0.273140013217926 0.3607209026813507
0.2686353325843811 0.30523625016212463
0.26955682039260864 0.30460458993911743
0.2686287462711334 0.27077803015708923
0.2684538960456848 0.27553674578666687
0.26896151900291443 0.35221847891807556
0.2682335078716278 0.2665681540966034
0.26888465881347656 0.29265928268432617
0.26772433519363403 0.29927799105644226
0.2675631046295166 0.2716442942619324
0.2673898935317993 0.2600577771663666
0.2696974575519562 0.2802383601665497
0.2677130401134491 0.26412707567214966
0.26894301176071167 0.25690582394599915
0.2686493396759033 0.3163428008556366
0.26855650544166565 0.29078537225723267
0.26986855268478394 0.2620745003223419
0.2677850127220154 0.2817288339138031
0.2672220766544342 0.29578831791877747
0.2685048282146454 0.2663663923740387
0.2667486071586609 0.26700782775878906
0.2682031989097595 0.2742955684661865
0.26812928915023804 0.2881169319152832
0.26540520787239075 0.29457953572273254
0.26726794242858887 0.2597384750843048
0.2680833041667938 0.2647598087787628
0.2665543258190155 0.28905874490737915
0.26662707328796387 0.26366207003593445
0.2656722664833069 0.2609120011329651
0.2655211389064789 0.26114827394485474
0.2654325067996979 0.26469507813453674
0.2651476263999939 0.29932573437690735
0.26490503549575806 0.2661459743976593
0.26454657316207886 0.25471606850624084
0.26404744386672974 0.264393150806427
0.2646879255771637 0.2600659728050232
0.26420271396636963 0.26230430603027344
0.2644188404083252 0.29487690329551697
0.2660989463329315 0.26529034972190857
0.26566675305366516 0.28173232078552246
0.2653309106826782 0.2561977803707123
0.26627999544143677 0.26262614130973816
0.2645756006240845 0.26042240858078003
0.2638680636882782 0.30339619517326355
0.2645607888698578 0.25436583161354065
0.2645883858203888 0.27196067571640015
0.26628944277763367 0.3299662470817566
0.26401931047439575 0.28050175309181213
0.2643939256668091 0.26401492953300476
0.26500236988067627 0.29448801279067993
0.26571720838546753 0.26757439970970154
0.263618528842926 0.32467973232269287
0.2639676630496979 0.2878440022468567
0.26402944326400757 0.2578820288181305
0.263535737991333 0.26068729162216187
0.2638098895549774 0.2660989761352539
0.2625165581703186 0.26221132278442383
0.26105350255966187 0.26332417130470276
0.2624933421611786 0.27402400970458984
0.2638765573501587 0.2860172390937805
0.2640308737754822 0.2653268277645111
0.2629890739917755 0.2690487205982208
0.2621236741542816 0.2591886520385742
0.26514825224876404 0.2717527449131012
0.26246413588523865 0.2680288255214691
0.2626289129257202 0.2816225290298462
0.2612300217151642 0.2599654197692871
0.2617294192314148 0.2662428617477417
0.2608616054058075 0.2793715000152588
0.26238471269607544 0.28810831904411316
0.2603974938392639 0.25534018874168396
0.2614938020706177 0.2583630383014679
0.26294997334480286 0.29134121537208557
0.2619422376155853 0.25920218229293823
0.2607121765613556 0.26529818773269653
0.2629544138908386 0.2536008656024933
0.261047899723053 0.2678412199020386
0.2621486783027649 0.2585534155368805
0.26092109084129333 0.2722581923007965
0.25922060012817383 0.2648634910583496
0.2609373927116394 0.2614441514015198
0.26090797781944275 0.2746514081954956
0.25953468680381775 0.3018748462200165
0.25977885723114014 0.34663867950439453
0.26128920912742615 0.30652400851249695
0.25921663641929626 0.2550424039363861
0.2588978707790375 0.2678312361240387
0.2588759958744049 0.2761034071445465
0.25938305258750916 0.2935798168182373
0.26007455587387085 0.2698521316051483
0.2594710886478424 0.26716333627700806
0.25832897424697876 0.2613876461982727
0.25869500637054443 0.2576054632663727
0.26002249121665955 0.25137320160865784
0.2591112554073334 0.263759583234787
0.260415643453598 0.27125489711761475
0.25834694504737854 0.25684016942977905
0.2583690583705902 0.26236453652381897
0.25863197445869446 0.2717949450016022
0.2575279474258423 0.2545657753944397
0.2587352395057678 0.2592974603176117
0.25845539569854736 0.2700728476047516
0.2566816806793213 0.2872633934020996
0.25900453329086304 0.26280641555786133
0.2575632333755493 0.25351375341415405
0.256182461977005 0.2959277927875519
0.2572747468948364 0.2518010139465332
0.25830551981925964 0.2856760025024414
0.2561035454273224 0.26589128375053406
0.25813254714012146 0.2538173198699951
0.25739774107933044 0.27041012048721313
0.25619933009147644 0.278579443693161
0.2565613389015198 0.32136088609695435
0.2563658654689789 0.2523055970668793
0.2566746473312378 0.2539576292037964
0.25665798783302307 0.26015254855155945
0.25627949833869934 0.2992914617061615
0.25575485825538635 0.27157682180404663
0.25717994570732117 0.25009024143218994
0.25446271896362305 0.250247985124588
0.2546617090702057 0.3253169357776642
0.2570365071296692 0.26837292313575745
0.2538604438304901 0.26607176661491394
0.2568639814853668 0.2580324411392212
0.2583712339401245 0.2903066873550415
0.2571570575237274 0.2725086510181427
0.2569032907485962 0.25769466161727905
0.25533154606819153 0.2636485993862152
0.25603216886520386 0.26421481370925903
0.25495731830596924 0.2721323072910309
0.2560388147830963 0.2879082262516022
0.25339704751968384 0.27353325486183167
0.25464877486228943 0.2592164874076843
0.25532156229019165 0.2529684007167816
0.2551981508731842 0.26592329144477844
0.25503402948379517 0.24891185760498047
0.25466474890708923 0.24839259684085846
0.2540946900844574 0.25447240471839905
0.25364699959754944 0.2709658443927765
0.25342538952827454 0.26010385155677795
0.2533157765865326 0.26098668575286865
0.2534136176109314 0.27136674523353577
0.2534022033214569 0.2646618187427521
0.25510403513908386 0.2573469579219818
0.25288379192352295 0.26788344979286194
0.25400206446647644 0.28428366780281067
0.25342413783073425 0.2624933123588562
0.2526094913482666 0.25036007165908813
0.2523098587989807 0.25484415888786316
0.2566221356391907 0.26112881302833557
0.2517353594303131 0.252600759267807
0.2524496614933014 0.2574625015258789
0.25358596444129944 0.2500876188278198
0.2531275153160095 0.2452230006456375
0.25282415747642517 0.24716806411743164
0.2534426748752594 0.2697676122188568
0.2518971860408783 0.28071630001068115
0.2528529167175293 0.2816736102104187
0.2546710968017578 0.2678077220916748
0.25339797139167786 0.26851892471313477
0.25260040163993835 0.264084130525589
0.2524875998497009 0.2548883557319641
0.2525791525840759 0.25301238894462585
0.2533443868160248 0.2658691704273224
0.2516704797744751 0.25053057074546814
0.2535129487514496 0.26023682951927185
0.25187310576438904 0.31937524676322937
0.25328707695007324 0.26095888018608093
0.25257277488708496 0.2756890058517456
0.25338315963745117 0.2827237546443939
0.2518429458141327 0.3140160143375397
0.2516806721687317 0.2742394208908081
0.2509983479976654 0.2561369240283966
0.25172898173332214 0.25050923228263855
0.2514824867248535 0.27408555150032043
0.2501510679721832 0.24989305436611176
0.2509348392486572 0.2548668086528778
0.2508465647697449 0.297299325466156
0.25206148624420166 0.2652243971824646
0.2522321939468384 0.2505430281162262
0.2521020770072937 0.24649247527122498
0.2514011859893799 0.25104159116744995
0.25052180886268616 0.28018006682395935
0.25123727321624756 0.30546072125434875
0.2528482973575592 0.27152830362319946
0.24904686212539673 0.251365065574646
0.25026848912239075 0.27264299988746643
0.25229495763778687 0.27611133456230164
0.25107479095458984 0.24776020646095276
0.25059548020362854 0.2525630295276642
0.25054752826690674 0.2532021105289459
0.25036394596099854 0.3186461627483368
0.2504963278770447 0.24936631321907043
0.24943135678768158 0.29555410146713257
0.2504531741142273 0.24689863622188568
0.24833786487579346 0.267168790102005
0.2532556653022766 0.2510512173175812
0.251191645860672 0.2716692388057709
0.2492685317993164 0.24757780134677887
0.24911555647850037 0.24249570071697235
0.2503543198108673 0.2550518214702606
0.25043246150016785 0.2613842487335205
0.2508193552494049 0.24736444652080536
0.24942001700401306 0.28391221165657043
0.2490243762731552 0.26078903675079346
0.24942120909690857 0.24716061353683472
0.2509458065032959 0.25706222653388977
0.24981075525283813 0.25184622406959534
0.24990172684192657 0.2528146207332611
0.25013023614883423 0.24372059106826782
0.24886250495910645 0.2754229009151459
0.25020039081573486 0.29367274045944214
0.24986763298511505 0.2547399699687958
0.2482231706380844 0.247093066573143
0.24824947118759155 0.25968724489212036
0.24848884344100952 0.24936772882938385
0.2477259784936905 0.24267080426216125
0.2487865537405014 0.24743320047855377
0.24829110503196716 0.2613855302333832
0.24734601378440857 0.2453794628381729
0.2497362196445465 0.25112393498420715
0.24872645735740662 0.27921369671821594
0.24854512512683868 0.2565854787826538
0.24865293502807617 0.27562543749809265
0.24869634211063385 0.27820447087287903
0.24891920387744904 0.253710001707077
0.24841007590293884 0.2487691342830658
0.24847686290740967 0.24349111318588257
0.2483527958393097 0.2584984600543976
0.24842777848243713 0.24319161474704742
0.2475687563419342 0.27265027165412903
0.2475181668996811 0.27500489354133606
0.24786020815372467 0.2559412121772766
0.24786442518234253 0.2774111032485962
0.24828368425369263 0.24354976415634155
0.24717222154140472 0.2599940001964569
0.24824637174606323 0.2503904700279236
0.2475500851869583 0.2547309696674347
0.2463887482881546 0.2434731125831604
0.26564034819602966 0.26814743876457214
0.25386014580726624 0.27923354506492615
0.25135937333106995 0.24381791055202484
0.2508702278137207 0.24415729939937592
0.2497815638780594 0.26043328642845154
0.2504497468471527 0.2555232048034668
0.24871639907360077 0.25828850269317627
0.2480728179216385 0.2488262951374054
0.24699975550174713 0.24706920981407166
0.2469700276851654 0.25687673687934875
0.24766699969768524 0.2604968845844269
0.2471042275428772 0.25738632678985596
0.2487017810344696 0.24508532881736755
0.24727243185043335 0.25917041301727295
0.2469053566455841 0.2605356276035309
0.2468196451663971 0.2955968677997589
0.2459988296031952 0.24551038444042206
0.2461794763803482 0.2549021542072296
0.24557657539844513 0.24676735699176788
0.24673835933208466 0.24242809414863586
0.24638861417770386 0.2661606967449188
0.24645446240901947 0.3012694716453552
0.2465018779039383 0.26339074969291687
0.24599064886569977 0.24417835474014282
0.24625462293624878 0.2676950693130493
0.24601921439170837 0.2441646307706833
0.24640348553657532 0.2453366369009018
0.2472458928823471 0.2527347803115845
0.24602843821048737 0.2635578513145447
0.24606312811374664 0.24619868397712708
0.24620421230793 0.2671908140182495
0.24654163420200348 0.2648008167743683
0.2468767762184143 0.2459157258272171
0.2464238852262497 0.24636472761631012
0.24542196094989777 0.27022629976272583
0.24646319448947906 0.2503187656402588
0.24592633545398712 0.25746971368789673
0.24548573791980743 0.2436171919107437
0.24543391168117523 0.2670398950576782
0.24562805891036987 0.2461356222629547
0.2444712221622467 0.2638916075229645
0.2461581975221634 0.2790311276912689
0.2441703826189041 0.24055099487304688
0.24507980048656464 0.25703880190849304
0.24476850032806396 0.25356385111808777
0.2471243143081665 0.253722608089447
0.2447897493839264 0.3187417984008789
0.2452705055475235 0.24596072733402252
0.243793323636055 0.25830957293510437
0.24532422423362732 0.24601924419403076
0.2445606291294098 0.2522319257259369
0.24530720710754395 0.24826790392398834
0.24343723058700562 0.2599567770957947
0.24412766098976135 0.245448037981987
0.24478696286678314 0.24797745048999786
0.243829607963562 0.23794297873973846
0.2448706179857254 0.25360965728759766
0.24371735751628876 0.24540551006793976
0.2441917210817337 0.24754273891448975
0.24373506009578705 0.23954075574874878
0.24415774643421173 0.24454374611377716
0.24412888288497925 0.24585369229316711
0.24306370317935944 0.24647074937820435
0.24499575793743134 0.33735668659210205
0.24342699348926544 0.24981427192687988
0.242875874042511 0.24507936835289001
0.24241600930690765 0.24065615236759186
0.24399933218955994 0.24073699116706848
0.24401524662971497 0.24382641911506653
0.2440001368522644 0.24838119745254517
0.2438238263130188 0.2591513991355896
0.2443663626909256 0.24657219648361206
0.24274051189422607 0.26146766543388367
0.24271006882190704 0.2434079498052597
0.24295607209205627 0.25507429242134094
0.24233952164649963 0.28647029399871826
0.24248859286308289 0.276039183139801
0.24246710538864136 0.2724105417728424
0.2435723841190338 0.25234851241111755
0.2428835928440094 0.23855368793010712
0.24315638840198517 0.24558469653129578
0.24191074073314667 0.24560238420963287
0.24173817038536072 0.317912757396698
0.2434966266155243 0.2587060034275055
0.24216684699058533 0.24488002061843872
0.24212506413459778 0.23813478648662567
0.24182835221290588 0.24991679191589355
