1.4384725093841553 1.450016975402832
1.3188649415969849 1.2086505889892578
0.9892817735671997 0.62021404504776
0.49469032883644104 0.4479507505893707
0.4109806716442108 0.38873690366744995
0.3782896399497986 0.41213491559028625
0.36036986112594604 0.39144307374954224
0.34630417823791504 0.3453764021396637
0.33822450041770935 0.32811880111694336
0.33232516050338745 0.35023483633995056
0.3266584277153015 0.33270540833473206
0.320905864238739 0.3250313997268677
0.3177344501018524 0.3771406412124634
0.3117738962173462 0.315376341342926
0.30926093459129333 0.32244056463241577
0.30647584795951843 0.30969488620758057
0.3038422763347626 0.30392783880233765
0.3019333481788635 0.3049365282058716
0.29963892698287964 0.2895732522010803
0.29928943514823914 0.2901153564453125
0.29581260681152344 0.288981556892395
0.2949782609939575 0.3028993308544159
0.29363447427749634 0.2871720790863037
0.2927037477493286 0.30306699872016907
0.29059699177742004 0.2838158905506134
0.2903185188770294 0.3237174153327942
0.2881527245044708 0.31783527135849
0.2884462773799896 0.29647865891456604
0.2875674068927765 0.28291815519332886
0.2861212491989136 0.3018404245376587
0.28572604060173035 0.2879888117313385
0.2837764024734497 0.29232361912727356
0.2842184007167816 0.2910120487213135
0.28246787190437317 0.29166465997695923
0.2795855402946472 0.27442052960395813
0.28053852915763855 0.28509703278541565
0.2788343131542206 0.29694652557373047
0.2775411009788513 0.2759774327278137
0.2768556773662567 0.2796178460121155
0.27627524733543396 0.28163161873817444
0.27729305624961853 0.2898052930831909
0.275088369846344 0.3005519211292267
0.2758890390396118 0.2757045328617096
0.2750924825668335 0.2776423394680023
0.2748206555843353 0.28421851992607117
0.2740563750267029 0.3371696174144745
0.2738451659679413 0.3132660686969757
0.2730043828487396 0.3219347596168518
0.272211492061615 0.2760041058063507
0.27184778451919556 0.2713645398616791
0.27237004041671753 0.28932470083236694
0.2714284360408783 0.2821614146232605
0.27179548144340515 0.2676086127758026
0.2711746096611023 0.3314480185508728
0.2710854113101959 0.26573696732521057
0.27097439765930176 0.2889012396335602
0.26980483531951904 0.2740265130996704
0.26946714520454407 0.2746410667896271
0.2680303156375885 0.289993554353714
0.2691050171852112 0.3316434919834137
0.26802828907966614 0.269858181476593
0.26768285036087036 0.2820158004760742
0.26644831895828247 0.2720014452934265
0.26720479130744934 0.28345733880996704
0.2667291760444641 0.27804458141326904
0.2658082842826843 0.29640719294548035
0.2658310830593109 0.278711199760437
0.26526907086372375 0.2586934268474579
0.26465827226638794 0.2820274829864502
0.26402366161346436 0.2813076674938202
0.2639404535293579 0.2884880304336548
0.2648138403892517 0.2769169807434082
0.2632279396057129 0.26566967368125916
0.2634277045726776 0.27054956555366516
0.2620372176170349 0.26931944489479065
0.26334327459335327 0.2766098380088806
0.26300445199012756 0.26354917883872986
0.26195570826530457 0.26432281732559204
0.26094481348991394 0.26826992630958557
0.26249584555625916 0.26620516180992126
0.26203230023384094 0.27938970923423767
0.26161718368530273 0.26113662123680115
0.26131871342658997 0.2693694531917572
0.26161354780197144 0.2640545666217804
0.2601250112056732 0.2567908763885498
0.2606770098209381 0.25855857133865356
0.2607579231262207 0.2677038908004761
0.260378360748291 0.29654431343078613
0.2596634030342102 0.26612788438796997
0.25914430618286133 0.2619728147983551
0.25862354040145874 0.2589086890220642
0.2599721848964691 0.2635023891925812
0.2607043385505676 0.26134732365608215
0.2605512738227844 0.2857547998428345
0.25864434242248535 0.28709447383880615
0.2594917416572571 0.27266231179237366
0.25743868947029114 0.2666912078857422
0.257992684841156 0.27780070900917053
0.25769585371017456 0.2673385441303253
0.2574222683906555 0.26079580187797546
0.2568587362766266 0.2583571970462799
0.2560094892978668 0.269209086894989
0.25635862350463867 0.25848373770713806
0.2563495635986328 0.2672078609466553
0.2542075216770172 0.2580488920211792
0.25489482283592224 0.25594019889831543
0.256407231092453 0.28919535875320435
0.2565803527832031 0.27211830019950867
0.25474855303764343 0.26543906331062317
0.25590330362319946 0.2564122974872589
0.25587475299835205 0.25511759519577026
0.25579091906547546 0.260153591632843
0.25551876425743103 0.25849807262420654
0.25449949502944946 0.2552664577960968
0.25387629866600037 0.27000200748443604
0.2541821300983429 0.2543376386165619
0.2537992596626282 0.28555041551589966
0.254421204328537 0.2857334613800049
0.2536267042160034 0.27753835916519165
0.2523643672466278 0.257394939661026
0.2538873851299286 0.28055378794670105
0.25283199548721313 0.30402955412864685
0.2528766095638275 0.2609153389930725
0.2531919479370117 0.25917017459869385
0.2522362768650055 0.2541833817958832
0.2522490322589874 0.26254940032958984
0.2524300217628479 0.2870577871799469
0.2529556155204773 0.25101035833358765
0.250993549823761 0.2766978144645691
0.2529637813568115 0.2673681974411011
0.25224927067756653 0.2583465874195099
0.25151097774505615 0.2620490491390228
0.25104016065597534 0.26699015498161316
0.2505943775177002 0.25706747174263
0.25091785192489624 0.26031967997550964
0.2506292462348938 0.3140375316143036
0.25011834502220154 0.26887276768684387
0.2506478726863861 0.2733944356441498
0.24920976161956787 0.25694534182548523
0.25006842613220215 0.2565884292125702
0.24969010055065155 0.2749429941177368
0.24895411729812622 0.2532525956630707
0.24961157143115997 0.2532775104045868
0.25022971630096436 0.2617648243904114
0.24907760322093964 0.25722038745880127
0.24912843108177185 0.2549450099468231
0.2481873333454132 0.26104575395584106
0.24802684783935547 0.261616975069046
0.24887311458587646 0.2578596770763397
0.2489802986383438 0.272078275680542
0.24890699982643127 0.25178834795951843
0.24777543544769287 0.24842338263988495
0.24796999990940094 0.2719280421733856
0.2490183413028717 0.25336402654647827
0.2477334886789322 0.26019778847694397
0.24716410040855408 0.2609996795654297
0.24782566726207733 0.2701973021030426
0.24766914546489716 0.25233882665634155
0.24739229679107666 0.24711979925632477
0.24726153910160065 0.2550318241119385
0.24558815360069275 0.2594391405582428
0.24736276268959045 0.24990946054458618
0.24766628444194794 0.26240625977516174
0.24669402837753296 0.26620256900787354
0.2464866042137146 0.2558024525642395
0.2474595159292221 0.249078631401062
0.2474500685930252 0.308876097202301
0.24683532118797302 0.2576770484447479
0.24583293497562408 0.2587449550628662
0.245479553937912 0.2500200569629669
0.24669109284877777 0.2495191991329193
0.2466096431016922 0.26305752992630005
0.24597646296024323 0.2478632926940918
0.24641041457653046 0.27684757113456726
0.24522359669208527 0.25574633479118347
0.24582579731941223 0.2550843060016632
0.24518482387065887 0.27055516839027405
0.2454771101474762 0.24916762113571167
0.24553683400154114 0.25369229912757874
0.24448104202747345 0.27741774916648865
0.24497409164905548 0.2487369179725647
0.24405387043952942 0.2536524534225464
0.243905708193779 0.25042691826820374
0.24526789784431458 0.24868455529212952
0.24487507343292236 0.2506211996078491
0.24433742463588715 0.24912776052951813
0.2443815916776657 0.2877834141254425
0.24354596436023712 0.2566086947917938
0.24412226676940918 0.25369587540626526
0.2435930222272873 0.2579578459262848
0.24322491884231567 0.24800722301006317
0.24394233524799347 0.25753065943717957
0.2431705892086029 0.25132322311401367
0.24421945214271545 0.24977539479732513
0.2435121089220047 0.27857547998428345
0.2431245595216751 0.24749496579170227
0.2425534427165985 0.2530900835990906
0.24457675218582153 0.25137007236480713
0.2435329109430313 0.2631727457046509
0.24346616864204407 0.2593178153038025
0.24218641221523285 0.24776510894298553
0.24283866584300995 0.25317293405532837
0.24276235699653625 0.2539103031158447
0.24215665459632874 0.25304219126701355
0.24236667156219482 0.2798089385032654
0.24133744835853577 0.27584296464920044
0.24206846952438354 0.24699050188064575
0.24222122132778168 0.26859551668167114
0.24189427495002747 0.2623351812362671
0.24185878038406372 0.24686892330646515
0.24110153317451477 0.25058215856552124
0.24125108122825623 0.24795764684677124
0.24201498925685883 0.24966442584991455
0.2416106015443802 0.2463473081588745
0.24100613594055176 0.2558382749557495
0.24132086336612701 0.2545376718044281
0.24083314836025238 0.2529309391975403
0.24166539311408997 0.25046807527542114
0.24149179458618164 0.25666722655296326
0.24073536694049835 0.2524648904800415
0.24113596975803375 0.2516116499900818
0.24009114503860474 0.2518237233161926
0.24161331355571747 0.25402069091796875
0.24024096131324768 0.2516157031059265
0.24081195890903473 0.2591986656188965
0.24079203605651855 0.2525980472564697
0.2405698448419571 0.2548612952232361
0.24108542501926422 0.2807938754558563
0.24049700796604156 0.2551361918449402
0.2399810552597046 0.251895934343338
0.24032267928123474 0.25603926181793213
0.2402420938014984 0.24724307656288147
0.23977786302566528 0.2602175176143646
0.24006859958171844 0.25848376750946045
0.2403128743171692 0.24886591732501984
0.23993587493896484 0.25224658846855164
0.23999866843223572 0.27458783984184265
0.2398698627948761 0.2518143951892853
0.23877587914466858 0.25084105134010315
0.2391669601202011 0.25348204374313354
0.2385604977607727 0.24676072597503662
0.2392330914735794 0.24466213583946228
0.2382374256849289 0.25148120522499084
0.23931892216205597 0.27412888407707214
0.23808608949184418 0.2502516508102417
0.23800089955329895 0.2545756697654724
0.2380288690328598 0.2624897062778473
0.23803392052650452 0.24976637959480286
0.2386062890291214 0.24774491786956787
0.23867172002792358 0.2482328712940216
0.2383338063955307 0.27781105041503906
0.23859193921089172 0.2745068371295929
0.23894202709197998 0.27049994468688965
0.23838411271572113 0.25555771589279175
0.2378363162279129 0.24708646535873413
0.23837681114673615 0.2576233744621277
0.2379865050315857 0.2622899115085602
0.23783861100673676 0.27465584874153137
0.23745501041412354 0.2522279918193817
0.23854000866413116 0.26454830169677734
0.23759739100933075 0.2570068836212158
0.23801518976688385 0.2516123950481415
0.23701658844947815 0.2541685700416565
0.23660294711589813 0.25051724910736084
0.23683056235313416 0.2574591338634491
0.2365327775478363 0.25069183111190796
0.23681312799453735 0.263825386762619
0.23681433498859406 0.2660822570323944
0.23725251853466034 0.24556028842926025
0.2363111972808838 0.25206610560417175
0.2359405755996704 0.25156378746032715
0.2356003224849701 0.24589437246322632
0.23596502840518951 0.2663079500198364
0.23640850186347961 0.25089168548583984
0.23621752858161926 0.25640761852264404
0.235997274518013 0.27411386370658875
0.23552919924259186 0.2542763352394104
0.23610658943653107 0.24396996200084686
0.23688432574272156 0.254254013299942
0.23585523664951324 0.2616806924343109
0.23541657626628876 0.25198549032211304
0.23602056503295898 0.24503929913043976
0.23529279232025146 0.24917888641357422
0.23545297980308533 0.2443118393421173
0.23547658324241638 0.24588130414485931
0.23578935861587524 0.2459528148174286
0.23585903644561768 0.2512734532356262
0.2350945919752121 0.2455708533525467
0.23553256690502167 0.25170448422431946
0.23615257441997528 0.24575954675674438
0.23443984985351562 0.25011399388313293
0.23532719910144806 0.2571273446083069
0.2341185361146927 0.24867591261863708
0.23522616922855377 0.24959516525268555
0.23513513803482056 0.24919110536575317
0.23474349081516266 0.2484315186738968
0.23460984230041504 0.2593182921409607
0.2337244302034378 0.25285354256629944
0.23445771634578705 0.2496718466281891
0.23456701636314392 0.24609653651714325
0.23524706065654755 0.24722985923290253
0.2338007390499115 0.25692108273506165
0.23349562287330627 0.28197482228279114
0.23381881415843964 0.25874394178390503
0.23429059982299805 0.2727484405040741
0.23372507095336914 0.265759140253067
0.2338009923696518 0.24757298827171326
0.23392929136753082 0.255830854177475
0.23255297541618347 0.2453196793794632
0.23225273191928864 0.2660997807979584
0.23349495232105255 0.24487937986850739
0.2335168570280075 0.2839966118335724
0.23281478881835938 0.2448122501373291
0.23359298706054688 0.25964072346687317
0.23383855819702148 0.255660742521286
0.23331771790981293 0.2438971996307373
0.23350457847118378 0.2503882348537445
0.2334054708480835 0.25720304250717163
0.23305802047252655 0.2567324936389923
0.23256339132785797 0.2520526349544525
0.23276300728321075 0.2545921802520752
0.23306797444820404 0.28301873803138733
0.23285943269729614 0.2603643536567688
0.2318129986524582 0.24492911994457245
0.2335565984249115 0.24523530900478363
0.23254047334194183 0.2450151890516281
0.23272091150283813 0.24529799818992615
0.23296575248241425 0.2446335256099701
0.231957346200943 0.24435661733150482
0.23231343924999237 0.2532964050769806
0.232896625995636 0.24733206629753113
0.2329980731010437 0.2447514832019806
0.23294048011302948 0.2536833584308624
0.2319435477256775 0.2614871561527252
0.23181864619255066 0.25544896721839905
0.23231355845928192 0.2598212957382202
0.2323991060256958 0.2595588266849518
0.2316015660762787 0.24739180505275726
0.23151305317878723 0.28925955295562744
0.23189924657344818 0.24650639295578003
0.23215748369693756 0.25244981050491333
0.23062162101268768 0.24357716739177704
0.2312672883272171 0.2703855037689209
0.2309812307357788 0.2536331117153168
0.23107393085956573 0.24314068257808685
0.23097971081733704 0.2580801844596863
0.23046875 0.24413704872131348
0.23056656122207642 0.24972325563430786
0.2307949960231781 0.24655328691005707
0.22982576489448547 0.2598910331726074
0.2306765466928482 0.2559974789619446
0.23003238439559937 0.24769984185695648
0.2308630347251892 0.24847880005836487
0.2312598079442978 0.24589690566062927
0.23079407215118408 0.24877433478832245
0.2313927859067917 0.24530352652072906
0.23022492229938507 0.24814867973327637
0.2301625907421112 0.2504723072052002
0.23093777894973755 0.25294071435928345
0.2308906465768814 0.2617534101009369
0.23010598123073578 0.24203722178936005
0.230112224817276 0.24758437275886536
0.23023629188537598 0.243806853890419
0.22965183854103088 0.26150572299957275
0.23044465482234955 0.2516607642173767
0.2296411246061325 0.24943482875823975
0.23008094727993011 0.24674838781356812
0.22987069189548492 0.25546884536743164
0.22958365082740784 0.2540346086025238
0.23016050457954407 0.2667464315891266
0.2295645922422409 0.2766493558883667
0.23000524938106537 0.2553632855415344
0.2301962524652481 0.24915048480033875
0.22878515720367432 0.2712409794330597
0.22913654148578644 0.26467305421829224
0.22889351844787598 0.2536013126373291
0.22826269268989563 0.25097358226776123
0.22907377779483795 0.2768152356147766
0.22870312631130219 0.263642817735672
0.22910842299461365 0.26034054160118103
0.22874069213867188 0.2664955258369446
0.22947588562965393 0.24958157539367676
0.22972604632377625 0.24930523335933685
0.22862862050533295 0.24961966276168823
0.2288384586572647 0.25874021649360657
0.22900258004665375 0.2527525722980499
0.22894465923309326 0.24320243299007416
0.22884289920330048 0.24164405465126038
0.22926509380340576 0.24626725912094116
0.2285136878490448 0.24585695564746857
0.22837628424167633 0.2511490285396576
0.22874367237091064 0.24467676877975464
0.2281106412410736 0.24374346435070038
0.22806380689144135 0.27409589290618896
0.228518545627594 0.24763263761997223
0.22856643795967102 0.25964105129241943
0.227959543466568 0.2563181221485138
0.22840571403503418 0.2476237416267395
0.22813205420970917 0.2460671365261078
0.22827285528182983 0.24543297290802002
0.22828343510627747 0.24986980855464935
0.22775210440158844 0.25035953521728516
0.22711779177188873 0.2562769651412964
0.2279435098171234 0.25554028153419495
0.22705768048763275 0.24930012226104736
0.22706584632396698 0.2546933591365814
0.2281683385372162 0.26849687099456787
0.22690579295158386 0.26168760657310486
0.2271927148103714 0.24453024566173553
0.2271021008491516 0.26528292894363403
0.22727976739406586 0.24247987568378448
0.22703269124031067 0.246458500623703
0.22697386145591736 0.24385489523410797
0.22709926962852478 0.24884428083896637
0.22719423472881317 0.28324437141418457
0.2263832539319992 0.24501995742321014
0.227572500705719 0.26973211765289307
0.22718077898025513 0.24785968661308289
0.2269163876771927 0.24245157837867737
0.22644950449466705 0.24643781781196594
0.22674773633480072 0.24220727384090424
0.22598181664943695 0.2577733099460602
0.2266029566526413 0.26219311356544495
0.22708965837955475 0.2518439292907715
0.22637860476970673 0.2534238398075104
0.22678041458129883 0.2703823745250702
0.2269832193851471 0.2508414387702942
0.2268625795841217 0.24604038894176483
0.22678881883621216 0.2467174381017685
0.2264167219400406 0.269161581993103
0.22679191827774048 0.24928635358810425
0.22606031596660614 0.25753745436668396
0.2266814112663269 0.2467789351940155
0.22708263993263245 0.2504909634590149
0.22612054646015167 0.25120607018470764
0.2269728034734726 0.2523922324180603
0.2261919379234314 0.25414854288101196
0.22558842599391937 0.2445816546678543
0.22488701343536377 0.269866943359375
0.22571073472499847 0.2467869371175766
0.2249203622341156 0.2533256411552429
0.22530804574489594 0.24211905896663666
0.22512619197368622 0.2463972568511963
0.22485344111919403 0.2456873655319214
0.22515955567359924 0.24427004158496857
0.22484704852104187 0.24322274327278137
0.22492240369319916 0.2493342161178589
0.22484607994556427 0.26794737577438354
0.22426827251911163 0.24805603921413422
0.22465915977954865 0.2475786656141281
0.22465622425079346 0.2584078013896942
0.22419120371341705 0.2506529688835144
0.22500434517860413 0.2459993064403534
0.2248096764087677 0.2495175153017044
0.22502867877483368 0.2586809992790222
0.2252550721168518 0.26873815059661865
0.2246113270521164 0.24732275307178497
0.2254011183977127 0.24627137184143066
0.22496046125888824 0.2506745159626007
0.22461946308612823 0.241704061627388
0.224862739443779 0.24498169124126434
0.22469457983970642 0.24336303770542145
0.22455796599388123 0.24899373948574066
0.22465813159942627 0.2514328062534332
0.2249881625175476 0.2510605752468109
0.22500282526016235 0.24533899128437042
0.22516432404518127 0.2489844262599945
0.22438234090805054 0.25058671832084656
0.2245156168937683 0.2457149475812912
0.2244684249162674 0.2524684965610504
0.22400334477424622 0.2458217293024063
0.22354820370674133 0.2850283980369568
0.2227543294429779 0.2494569569826126
0.22387555241584778 0.2544030249118805
0.22372563183307648 0.255031555891037
0.22284053266048431 0.24693049490451813
0.22380465269088745 0.2585299611091614
0.22380703687667847 0.2612718343734741
0.22340905666351318 0.247961163520813
0.22316336631774902 0.258147269487381
0.2239622324705124 0.24873483180999756
0.22253137826919556 0.25177431106567383
0.22326651215553284 0.25397568941116333
0.22312387824058533 0.25673216581344604
0.22364434599876404 0.24231119453907013
0.223544642329216 0.24485118687152863
0.22376880049705505 0.24855180084705353
0.22279635071754456 0.24859340488910675
0.22341911494731903 0.2458380162715912
0.222279354929924 0.24304509162902832
0.22313083708286285 0.252085417509079
0.22320757806301117 0.24513554573059082
0.22299031913280487 0.2507956624031067
0.223423033952713 0.2596558630466461
0.22367161512374878 0.25435441732406616
0.22279097139835358 0.25414565205574036
0.22252312302589417 0.2501451075077057
0.22233839333057404 0.25452038645744324
0.22336578369140625 0.2511081099510193
0.22321011126041412 0.24784597754478455
0.22347815334796906 0.2536405026912689
0.223002091050148 0.2472936064004898
0.22339822351932526 0.25019434094429016
0.22247286140918732 0.25329992175102234
0.22300323843955994 0.2466403692960739
0.22167210280895233 0.25228580832481384
0.22188487648963928 0.2558681070804596
0.22204430401325226 0.25852760672569275
0.22213611006736755 0.24124383926391602
0.22168132662773132 0.2523694932460785
0.22259016335010529 0.24325919151306152
0.22180046141147614 0.24905072152614594
0.22171983122825623 0.24404768645763397
0.22166292369365692 0.24461817741394043
0.22240050137043 0.2454071044921875
0.2220439463853836 0.25218459963798523
0.22168497741222382 0.2516120374202728
0.2221246361732483 0.2488938868045807
0.22161416709423065 0.2863771617412567
0.2215021699666977 0.24316942691802979
0.22174519300460815 0.24805068969726562
0.22223369777202606 0.24680474400520325
0.22177375853061676 0.24570898711681366
0.2211114466190338 0.2554490864276886
0.22093048691749573 0.24540553987026215
0.22090356051921844 0.24448497593402863
0.22206197679042816 0.24459414184093475
0.22160392999649048 0.25162285566329956
0.22187595069408417 0.24955469369888306
0.22148314118385315 0.25421494245529175
0.22084283828735352 0.2500123083591461
0.2216361165046692 0.24435463547706604
0.22139187157154083 0.24796977639198303
0.2216838002204895 0.24519163370132446
0.22155128419399261 0.25226888060569763
0.22068184614181519 0.2505568265914917
0.22184902429580688 0.24174970388412476
0.22085252404212952 0.24409447610378265
0.22134065628051758 0.2528655230998993
0.22116325795650482 0.2487768679857254
0.22111468017101288 0.2437157928943634
0.22040565311908722 0.2486894428730011
0.21972538530826569 0.2795346677303314
0.22115103900432587 0.245134636759758
0.2203357219696045 0.24266822636127472
0.22110478579998016 0.2486681193113327
0.220259889960289 0.24330176413059235
0.22008325159549713 0.2576957941055298
0.2208225280046463 0.24769596755504608
0.22087571024894714 0.25295138359069824
0.22002723813056946 0.25442633032798767
0.21975663304328918 0.2440880537033081
0.2204216867685318 0.2428756058216095
0.22018010914325714 0.24613849818706512
0.2201036512851715 0.2611772119998932
0.2197241336107254 0.24642954766750336
0.22025279700756073 0.27626049518585205
0.22012437880039215 0.2464618980884552
0.22009098529815674 0.26143360137939453
0.22044144570827484 0.25300005078315735
0.22017884254455566 0.2529248893260956
0.21986053884029388 0.24702174961566925
0.2196233570575714 0.26773014664649963
0.2197563648223877 0.2623845636844635
0.2201402336359024 0.2444939911365509
0.21962593495845795 0.25512051582336426
0.22052887082099915 0.24283874034881592
0.219777449965477 0.24649958312511444
0.21957078576087952 0.2719016969203949
0.21974292397499084 0.24840930104255676
0.2194821685552597 0.2753256857395172
0.22020323574543 0.24473059177398682
0.21902216970920563 0.24587030708789825
0.21908186376094818 0.24478469789028168
0.21849842369556427 0.25247499346733093
0.21953479945659637 0.24647240340709686
0.21866734325885773 0.25230368971824646
0.21915829181671143 0.24276286363601685
0.21846958994865417 0.25160467624664307
0.2183963805437088 0.24855250120162964
0.21852703392505646 0.24401125311851501
0.21833445131778717 0.2731129229068756
0.21869148313999176 0.24507209658622742
0.21838533878326416 0.24514281749725342
0.21928273141384125 0.24699455499649048
0.21908634901046753 0.2497776597738266
0.21873044967651367 0.24779626727104187
0.21851038932800293 0.2604646384716034
0.21816660463809967 0.2476186752319336
0.2183699905872345 0.25787675380706787
0.21844935417175293 0.2450210303068161
0.21947084367275238 0.25155478715896606
0.21812781691551208 0.25366100668907166
0.21836012601852417 0.25284358859062195
0.2179466336965561 0.24987488985061646
0.21870097517967224 0.25068575143814087
0.21834968030452728 0.2517939805984497
0.21892638504505157 0.24498315155506134
0.21813231706619263 0.24541138112545013
0.2183685302734375 0.2523824870586395
0.2187090963125229 0.25016045570373535
0.21881181001663208 0.2721515893936157
0.21854975819587708 0.24787889420986176
0.21820835769176483 0.25005221366882324
0.21764178574085236 0.2446720004081726
0.21803995966911316 0.256542831659317
0.2173367142677307 0.2640077471733093
0.21721619367599487 0.24755588173866272
0.21762272715568542 0.25526201725006104
0.21770797669887543 0.24257558584213257
0.21757657825946808 0.24583975970745087
0.2175479531288147 0.2471129596233368
0.21779009699821472 0.2439873218536377
0.217134028673172 0.2461666613817215
0.21712437272071838 0.2469017207622528
0.21713967621326447 0.2601505517959595
0.21702183783054352 0.2522670328617096
0.21704156696796417 0.24996517598628998
0.21736367046833038 0.25126028060913086
0.21740449965000153 0.2539741098880768
0.2178625762462616 0.2456354945898056
0.2165279984474182 0.2685941457748413
0.21779194474220276 0.2521708309650421
0.21718831360340118 0.25575509667396545
0.21726205945014954 0.24662934243679047
0.21716146171092987 0.24822379648685455
0.2171769142150879 0.24782826006412506
0.2169189602136612 0.2521275281906128
0.21665774285793304 0.24917489290237427
0.21713851392269135 0.24525782465934753
0.21749402582645416 0.24788083136081696
0.21712906658649445 0.25957196950912476
0.21711766719818115 0.24563878774642944
0.21775946021080017 0.2617309093475342
0.21685101091861725 0.2563745677471161
0.2172843962907791 0.26353615522384644
0.2169092744588852 0.25223636627197266
0.21725483238697052 0.24869689345359802
0.2169705331325531 0.24922066926956177
0.21709811687469482 0.2447613924741745
0.21675261855125427 0.2515333890914917
0.21634125709533691 0.25993654131889343
0.21579420566558838 0.24655506014823914
0.21582980453968048 0.24539989233016968
0.2162495106458664 0.2566516399383545
0.21557283401489258 0.24877683818340302
0.21568123996257782 0.2612309753894806
0.21603012084960938 0.24543453752994537
0.2153979390859604 0.24812623858451843
0.21638983488082886 0.2534588575363159
0.21626952290534973 0.24865147471427917
0.21584218740463257 0.25956717133522034
0.21587729454040527 0.25061100721359253
0.21567784249782562 0.24309903383255005
0.21631261706352234 0.24767336249351501
0.2161930948495865 0.24838171899318695
0.21602609753608704 0.2462809681892395
0.2153586745262146 0.2514647841453552
0.21518251299858093 0.24455977976322174
0.2165067046880722 0.24744640290737152
0.21639572083950043 0.2613905370235443
0.21515700221061707 0.24763889610767365
0.2156894952058792 0.24668225646018982
0.21586540341377258 0.24739529192447662
0.21588246524333954 0.24891942739486694
0.21630701422691345 0.25023531913757324
0.21561627089977264 0.24757860600948334
0.21567802131175995 0.2574373483657837
0.2154577672481537 0.2453746348619461
0.21583612263202667 0.24678295850753784
0.21549393236637115 0.24644258618354797
0.21559397876262665 0.26066744327545166
0.21594583988189697 0.24287652969360352
0.2153138667345047 0.2565747797489166
0.21497842669487 0.24515332281589508
0.21516428887844086 0.24748525023460388
0.21472880244255066 0.24306489527225494
0.21460743248462677 0.2518194019794464
0.21453313529491425 0.2617895007133484
0.2150283008813858 0.2475844919681549
0.21464566886425018 0.2523738741874695
0.2146235555410385 0.2493557184934616
0.21452844142913818 0.2654823958873749
0.2149353176355362 0.256262868642807
0.21531693637371063 0.2484678328037262
0.21531392633914948 0.2526332139968872
0.21462032198905945 0.24679546058177948
0.21505849063396454 0.2594336271286011
0.21393851935863495 0.2755895256996155
0.2144082486629486 0.25278905034065247
0.21433013677597046 0.2494787573814392
0.2144937962293625 0.25050872564315796
0.21421140432357788 0.2445453554391861
0.21567286550998688 0.2475530058145523
0.21460047364234924 0.24863654375076294
0.21481555700302124 0.2465764433145523
0.21479825675487518 0.2468375563621521
0.2140061855316162 0.2463427633047104
0.21469756960868835 0.24910277128219604
0.21443746984004974 0.2501482665538788
0.21422868967056274 0.25411418080329895
0.2143709659576416 0.24852125346660614
0.2145531177520752 0.24682307243347168
0.21427121758460999 0.24953584372997284
0.21417486667633057 0.24880258738994598
0.21492378413677216 0.24851775169372559
0.2140827476978302 0.27081766724586487
0.21358394622802734 0.24520008265972137
0.21431341767311096 0.2553656995296478
0.2137926071882248 0.2535228729248047
0.21424102783203125 0.24901244044303894
0.21395637094974518 0.25486940145492554
0.21340110898017883 0.2551673352718353
0.21339039504528046 0.24383272230625153
0.2134762704372406 0.24440570175647736
0.21372349560260773 0.25595608353614807
0.21500369906425476 0.2484503537416458
0.2134009450674057 0.2458721101284027
0.21297548711299896 0.25187554955482483
0.2137826532125473 0.25127390027046204
0.21347756683826447 0.24655689299106598
0.21395735442638397 0.24964337050914764
0.21338921785354614 0.24725040793418884
0.21326366066932678 0.25664862990379333
0.21403010189533234 0.24654528498649597
0.21386267244815826 0.24494844675064087
0.21297687292099 0.25115853548049927
0.21299752593040466 0.2459661215543747
0.21353097259998322 0.2526251971721649
0.21284577250480652 0.24457892775535583
0.2135632336139679 0.25240081548690796
0.21332047879695892 0.2462732046842575
0.21361660957336426 0.2565138638019562
0.21315550804138184 0.24666661024093628
0.21325334906578064 0.24695952236652374
0.212732195854187 0.2535580098628998
0.21342310309410095 0.2522643506526947
0.21330218017101288 0.24797390401363373
0.21325811743736267 0.24536189436912537
0.2132977545261383 0.24782273173332214
0.2125471830368042 0.24639955163002014
0.2123241126537323 0.2775272727012634
0.21212570369243622 0.2485148161649704
0.2120213806629181 0.24894343316555023
0.21235109865665436 0.24729840457439423
0.21208295226097107 0.24865365028381348
0.21238063275814056 0.24585680663585663
0.21183964610099792 0.25428032875061035
0.2129262089729309 0.24822361767292023
0.21243752539157867 0.2542884647846222
0.21209831535816193 0.26801249384880066
0.2119833379983902 0.24752841889858246
0.21236900985240936 0.24803927540779114
0.2122274935245514 0.25249895453453064
0.21232479810714722 0.2528146803379059
0.21249960362911224 0.25040701031684875
0.21257495880126953 0.2567273676395416
0.21271832287311554 0.24906140565872192
0.21172833442687988 0.2571241557598114
0.21248333156108856 0.2545369565486908
0.21189898252487183 0.2532148063182831
0.21268516778945923 0.25378909707069397
0.21225976943969727 0.24961380660533905
0.21218624711036682 0.25364241003990173
0.21185347437858582 0.24380241334438324
0.21185056865215302 0.2465173304080963
0.21193265914916992 0.24799619615077972
0.21184884011745453 0.24443499743938446
0.2126413732767105 0.25060585141181946
0.21153561770915985 0.24854676425457
0.2120899260044098 0.24622051417827606
0.21209077537059784 0.24897165596485138
0.21182489395141602 0.24789896607398987
0.21208463609218597 0.24741996824741364
0.2111467868089676 0.24714697897434235
0.21155549585819244 0.24806798994541168
0.2113276869058609 0.2556440532207489
0.2116655707359314 0.24819523096084595
0.21125651895999908 0.2474113553762436
0.21092094480991364 0.250776469707489
0.2107769250869751 0.2562568187713623
0.21143892407417297 0.24645453691482544
0.21129202842712402 0.24726709723472595
0.21133211255073547 0.24687866866588593
0.21116560697555542 0.24833199381828308
0.21124762296676636 0.24717819690704346
0.2113601714372635 0.2462644726037979
0.21146726608276367 0.24605095386505127
0.21147456765174866 0.2456246167421341
0.2113557606935501 0.24827508628368378
0.21126265823841095 0.2466879040002823
0.21101543307304382 0.27108651399612427
0.21086238324642181 0.24403637647628784
0.21168525516986847 0.24892938137054443
0.21054263412952423 0.26157841086387634
0.21113519370555878 0.24720394611358643
0.21062017977237701 0.2468131184577942
0.21063272655010223 0.24991944432258606
0.21085388958454132 0.2578287720680237
0.21130552887916565 0.24703747034072876
