1.509026050567627 1.502106785774231
1.4817558526992798 1.5169427394866943
1.4786301851272583 1.4993900060653687
1.4224680662155151 1.33323073387146
1.0909030437469482 0.83905428647995
0.7736024260520935 0.7130118608474731
0.6636706590652466 0.6242058277130127
0.559820830821991 0.5250500440597534
0.5005978941917419 0.5213768482208252
0.4781951904296875 0.47982779145240784
0.46285396814346313 0.46780532598495483
0.45160651206970215 0.47916632890701294
0.443696528673172 0.44651034474372864
0.4395047426223755 0.4263778328895569
0.4357113242149353 0.43218994140625
0.4301539361476898 0.432691752910614
0.4276118576526642 0.43395453691482544
0.4211505353450775 0.41976240277290344
0.4174087345600128 0.4415819048881531
0.41439831256866455 0.4427682161331177
0.41106024384498596 0.4047207534313202
0.4096110463142395 0.4646010994911194
0.40799984335899353 0.41250306367874146
0.4047144949436188 0.4410649240016937
0.40343353152275085 0.4021516442298889
0.39906150102615356 0.4049859941005707
0.3993299603462219 0.403626948595047
0.3999880850315094 0.39159131050109863
0.3945029377937317 0.43817734718322754
0.39451029896736145 0.3957911431789398
0.39095592498779297 0.38752615451812744
0.3915518820285797 0.38768288493156433
0.38761427998542786 0.38167816400527954
0.38617128133773804 0.40377044677734375
0.38423672318458557 0.3835635781288147
0.3832170367240906 0.38222774863243103
0.3807150721549988 0.39143484830856323
0.3799937963485718 0.3809150457382202
0.37964507937431335 0.3734298348426819
0.3770816922187805 0.4134325385093689
0.37647220492362976 0.38103052973747253
0.3764725923538208 0.3718411326408386
0.37428322434425354 0.3734646439552307
0.37205812335014343 0.37796750664711
0.3748163878917694 0.40776073932647705
0.37247800827026367 0.37101343274116516
0.3703773319721222 0.38962244987487793
0.36873799562454224 0.38106584548950195
0.3683848977088928 0.37103381752967834
0.36740922927856445 0.3656022250652313
0.36589565873146057 0.3708260655403137
0.36645933985710144 0.36909249424934387
0.36688441038131714 0.37471723556518555
0.36440178751945496 0.3735452890396118
0.3642570376396179 0.3646065592765808
0.3651564419269562 0.3886283040046692
0.3648622930049896 0.37944209575653076
0.3630296587944031 0.37509074807167053
0.363042414188385 0.39235907793045044
0.36280664801597595 0.3962377905845642
0.36209046840667725 0.3950362801551819
0.3624305725097656 0.3619975745677948
0.3600577712059021 0.3821829855442047
0.36151960492134094 0.35810527205467224
0.3588219881057739 0.38780197501182556
0.35916727781295776 0.3748016357421875
0.3575858175754547 0.37222912907600403
0.35738226771354675 0.35364460945129395
0.35708311200141907 0.3615056574344635
0.3575800359249115 0.3565928637981415
0.35718733072280884 0.3592546284198761
0.35472458600997925 0.3564341068267822
0.3583737313747406 0.35501232743263245
0.3550945222377777 0.36767086386680603
0.35662439465522766 0.37495535612106323
0.3545772433280945 0.3533163070678711
0.35485267639160156 0.38287776708602905
0.35432031750679016 0.3511034846305847
0.35442104935646057 0.385339617729187
0.3537593483924866 0.3858775794506073
0.35446280241012573 0.35993027687072754
0.3532464802265167 0.3534243106842041
0.35275930166244507 0.370135635137558
0.3530137538909912 0.36887457966804504
0.35099008679389954 0.3562716245651245
0.35152772068977356 0.3853754699230194
0.35047170519828796 0.3655645251274109
0.35176679491996765 0.379477858543396
0.35077670216560364 0.34699884057044983
0.3501552939414978 0.37704241275787354
0.3507393002510071 0.41124051809310913
0.35030174255371094 0.3502933979034424
0.3493433892726898 0.3673431873321533
0.3490978479385376 0.3511439561843872
0.34858500957489014 0.3563293516635895
0.34847912192344666 0.34901633858680725
0.3494533598423004 0.3450075685977936
0.34750261902809143 0.3650728166103363
0.3471164107322693 0.3516985774040222
0.3476724624633789 0.3622584640979767
0.3479447066783905 0.3518126606941223
0.3473435044288635 0.35450294613838196
0.3473447859287262 0.3444240093231201
0.3463079035282135 0.35334861278533936
0.3462120592594147 0.3517618477344513
0.34600141644477844 0.3591926693916321
0.34717267751693726 0.3874635696411133
0.3467954695224762 0.3512400984764099
0.3480871021747589 0.35963308811187744
0.34694814682006836 0.35134488344192505
0.3454001843929291 0.3596937954425812
0.34559544920921326 0.3523285984992981
0.3449357748031616 0.36761757731437683
0.3448757529258728 0.34381669759750366
0.34590601921081543 0.35892367362976074
0.3442564308643341 0.33982202410697937
0.34472087025642395 0.3455372154712677
0.34480926394462585 0.3771404027938843
0.34530767798423767 0.36427947878837585
0.3462301790714264 0.35277679562568665
0.3427506387233734 0.3515861928462982
0.344402551651001 0.34774139523506165
0.34318968653678894 0.35664817690849304
0.3431420624256134 0.34844863414764404
0.3438405990600586 0.3505288064479828
0.3427704870700836 0.3841492831707001
0.34383583068847656 0.3447621762752533
0.3427239954471588 0.34960317611694336
0.34346193075180054 0.3518897294998169
0.34216782450675964 0.3507232964038849
0.3410736322402954 0.35309359431266785
0.3423156440258026 0.35714754462242126
0.34088921546936035 0.3462344706058502
0.34183469414711 0.3603370189666748
0.34253787994384766 0.37117496132850647
0.34156274795532227 0.34066033363342285
0.34124329686164856 0.3692280948162079
0.3414233922958374 0.349651038646698
0.3404565453529358 0.37020981311798096
0.34182828664779663 0.34587451815605164
0.34211549162864685 0.3838520050048828
0.34167951345443726 0.3611711263656616
0.3417031168937683 0.34320351481437683
0.3417162597179413 0.3495919108390808
0.34092915058135986 0.3589044213294983
0.3396812677383423 0.3471815884113312
0.34122607111930847 0.35020095109939575
0.3400358557701111 0.3454475402832031
0.33952009677886963 0.35697120428085327
0.34047383069992065 0.37239643931388855
0.33991241455078125 0.3660047948360443
0.33883342146873474 0.36776524782180786
0.3398955166339874 0.3575105369091034
0.3398166000843048 0.3480983078479767
0.3402109444141388 0.34529733657836914
0.3383937478065491 0.3425638675689697
0.339682400226593 0.34178540110588074
0.33855217695236206 0.33951035141944885
0.3377072811126709 0.3688232898712158
0.3396373689174652 0.34616169333457947
0.3389584422111511 0.3438125550746918
0.3381747603416443 0.34715554118156433
0.33787333965301514 0.35001441836357117
0.3385953903198242 0.3541560769081116
0.33872145414352417 0.3567851781845093
0.3383959233760834 0.3630785346031189
0.33752477169036865 0.3712066411972046
0.33874571323394775 0.3739588260650635
0.33689287304878235 0.38318899273872375
0.3376159071922302 0.36307016015052795
0.3406299352645874 0.374105840921402
0.3382037281990051 0.3721155822277069
0.33878007531166077 0.34060564637184143
0.33753567934036255 0.36526551842689514
0.3381377160549164 0.3567240834236145
0.33764395117759705 0.3464316725730896
0.33766406774520874 0.360606849193573
0.33688652515411377 0.3495243191719055
0.3362273573875427 0.3750578463077545
0.33622026443481445 0.3443611264228821
0.3367541432380676 0.35813644528388977
0.3375375270843506 0.38042235374450684
0.33678770065307617 0.35990697145462036
0.33567795157432556 0.3399128019809723
0.33721914887428284 0.36913982033729553
0.3354908227920532 0.35496893525123596
0.33672669529914856 0.34375253319740295
0.335365355014801 0.34705379605293274
0.3349374830722809 0.35640645027160645
0.33528730273246765 0.348952978849411
0.33571043610572815 0.33693835139274597
0.3353218138217926 0.350769579410553
0.33508792519569397 0.35133206844329834
0.33470964431762695 0.34199780225753784
0.3349730968475342 0.3536235988140106
0.3343200981616974 0.34612029790878296
0.33588284254074097 0.3556206226348877
0.33443284034729004 0.34140223264694214
0.3343638479709625 0.33473920822143555
0.33524832129478455 0.34005647897720337
0.3335235118865967 0.3534528613090515
0.33417272567749023 0.3595966398715973
0.3349868953227997 0.36154288053512573
0.3346070945262909 0.34267204999923706
0.3345162272453308 0.39833003282546997
0.33485013246536255 0.3539884686470032
0.33487051725387573 0.3400007486343384
0.3340727984905243 0.3760288655757904
0.33470630645751953 0.3466857373714447
0.33238792419433594 0.34210389852523804
0.33288055658340454 0.3416595458984375
0.33474254608154297 0.35588669776916504
0.3333014249801636 0.34681248664855957
0.3326748013496399 0.35264328122138977
0.3318447768688202 0.3430948853492737
0.3330543339252472 0.33826950192451477
0.3320258557796478 0.3404640555381775
0.3335835933685303 0.34694936871528625
0.3323638141155243 0.3359222412109375
0.3326588273048401 0.36114463210105896
0.3320520520210266 0.3506578505039215
0.3325740396976471 0.35424235463142395
0.33274444937705994 0.3601681888103485
0.332688570022583 0.3480146825313568
0.3318357765674591 0.3587334454059601
0.33247581124305725 0.3374572992324829
0.331895112991333 0.34078583121299744
0.33232954144477844 0.3522424101829529
0.331194669008255 0.3405294120311737
0.3313555121421814 0.34614819288253784
0.33229345083236694 0.33853355050086975
0.3315592408180237 0.33459582924842834
0.3316483497619629 0.3677855134010315
0.33168885111808777 0.3404672145843506
0.33277419209480286 0.35249239206314087
0.3313906788825989 0.36753764748573303
0.33144611120224 0.3352879583835602
0.33217087388038635 0.3410627543926239
0.3307840824127197 0.3488773703575134
0.33096563816070557 0.3338647484779358
0.33074477314949036 0.3512473702430725
0.3306574523448944 0.3683633506298065
0.33146101236343384 0.351854145526886
0.33127427101135254 0.3448641896247864
0.3305128216743469 0.36018022894859314
0.33056876063346863 0.3432401716709137
0.3303585350513458 0.38696834444999695
0.32982945442199707 0.33588263392448425
0.3308488726615906 0.3469421863555908
0.32913631200790405 0.34228214621543884
0.3296775221824646 0.34069541096687317
0.33179160952568054 0.36374157667160034
0.32937613129615784 0.36099958419799805
0.33089786767959595 0.3439708948135376
0.3298517167568207 0.3433733880519867
0.3295166790485382 0.3347238600254059
0.329998254776001 0.35298213362693787
0.3301949203014374 0.3578813374042511
0.32805031538009644 0.33689823746681213
0.33041688799858093 0.33210402727127075
0.32914072275161743 0.3330724239349365
0.33074912428855896 0.33941808342933655
0.3290354907512665 0.3306715786457062
0.3284021317958832 0.3404247760772705
0.3285571336746216 0.3809916079044342
0.32888439297676086 0.35064342617988586
0.32808399200439453 0.3418845236301422
0.3288939893245697 0.37276357412338257
0.328626811504364 0.3608493506908417
0.3297705352306366 0.34523484110832214
0.3283499479293823 0.3416745662689209
0.328105092048645 0.3374120891094208
0.32864081859588623 0.34795525670051575
0.3284336030483246 0.3456917107105255
0.3284076154232025 0.35323163866996765
0.32839417457580566 0.34878647327423096
0.329163134098053 0.33558738231658936
0.3290915787220001 0.35194796323776245
0.32855018973350525 0.3478110432624817
0.32821011543273926 0.3432360887527466
0.3278812766075134 0.3458842933177948
0.32694095373153687 0.337050199508667
0.32655349373817444 0.34049275517463684
0.32736504077911377 0.34573301672935486
0.32614415884017944 0.3601893484592438
0.32737237215042114 0.33523666858673096
0.3270609676837921 0.3415970206260681
0.32726895809173584 0.3346126973628998
0.3271252512931824 0.3407430350780487
0.3262326121330261 0.35443857312202454
0.32599347829818726 0.3529953956604004
0.32687997817993164 0.34993210434913635
0.32638436555862427 0.34117522835731506
0.3259553015232086 0.34851622581481934
0.3258216679096222 0.37062281370162964
0.32629868388175964 0.3345732092857361
0.3261304795742035 0.33470264077186584
0.3259917199611664 0.34566137194633484
0.3261986970901489 0.34988901019096375
0.3243851065635681 0.34742626547813416
0.32594606280326843 0.3431716859340668
0.32536840438842773 0.3497810661792755
0.3259164094924927 0.3390468657016754
0.32715749740600586 0.36433637142181396
0.32519033551216125 0.33928924798965454
0.3257018029689789 0.3354664444923401
0.3266763985157013 0.3370232880115509
0.32437506318092346 0.3783022165298462
0.32509294152259827 0.3411167860031128
0.3255387842655182 0.3326205313205719
0.32511603832244873 0.36153602600097656
0.3253215551376343 0.3452972173690796
0.3247550129890442 0.33080700039863586
0.3239970803260803 0.3423618972301483
0.32436084747314453 0.3436586856842041
0.3249896168708801 0.3467935025691986
0.325013130903244 0.3351809084415436
0.3240855634212494 0.3359127342700958
0.3247038722038269 0.36088821291923523
0.3249761462211609 0.33523324131965637
0.32435357570648193 0.338069885969162
0.32432299852371216 0.33880844712257385
0.32443132996559143 0.33407115936279297
0.323382169008255 0.3431871831417084
0.3230467438697815 0.3504152297973633
0.324081689119339 0.33190932869911194
0.32264474034309387 0.3390016257762909
0.32361647486686707 0.35472366213798523
0.3227449059486389 0.3323560953140259
0.3233925998210907 0.33477309346199036
0.3228082060813904 0.34688833355903625
0.32381412386894226 0.34511062502861023
0.3229827582836151 0.33386409282684326
0.3240959942340851 0.34026771783828735
0.32387393712997437 0.3369638919830322
0.3224725127220154 0.3705451190471649
0.3235951364040375 0.3347330391407013
0.3230787217617035 0.3394973874092102
0.3222668468952179 0.34313541650772095
0.3233593702316284 0.35910752415657043
0.32216763496398926 0.3392987847328186
0.3221234977245331 0.33086854219436646
0.32240933179855347 0.35128849744796753
0.3219723105430603 0.34984248876571655
0.32265394926071167 0.38247933983802795
0.3225410580635071 0.3428100645542145
0.3230113387107849 0.3398076593875885
0.3222637474536896 0.3362913131713867
0.3215599060058594 0.33017122745513916
0.3228106200695038 0.3343801200389862
0.32206469774246216 0.3416768014431
0.32254910469055176 0.3492855727672577
0.3214838206768036 0.33224770426750183
0.3218829333782196 0.3401341736316681
0.3219089210033417 0.3485684096813202
0.32279106974601746 0.3394685685634613
0.32205235958099365 0.3572825491428375
0.3217487633228302 0.33994197845458984
0.3216845989227295 0.3675220310688019
0.3219587802886963 0.35372304916381836
0.32257699966430664 0.338188111782074
0.3216434717178345 0.3393302857875824
0.32126593589782715 0.3366447389125824
0.32095062732696533 0.3551807403564453
0.32190966606140137 0.3471413850784302
0.3214925527572632 0.3362540304660797
0.3222272992134094 0.3367874026298523
0.32113566994667053 0.3437083065509796
0.3216794729232788 0.3415624499320984
0.3208448886871338 0.332005113363266
0.32042890787124634 0.33338698744773865
0.3209914565086365 0.38307255506515503
0.3217434883117676 0.34140706062316895
0.3204185664653778 0.39146727323532104
0.3204392194747925 0.3502952456474304
0.3208005726337433 0.33559367060661316
0.321030855178833 0.3414202928543091
0.32103782892227173 0.39822259545326233
0.32065513730049133 0.3424586355686188
0.3201867938041687 0.33289510011672974
0.32027849555015564 0.3354831635951996
0.3200239837169647 0.343374639749527
0.3208463490009308 0.37031710147857666
0.31975308060646057 0.34454411268234253
0.32044875621795654 0.33791232109069824
0.32043465971946716 0.33727753162384033
0.320591539144516 0.33640167117118835
0.3197891414165497 0.3536657392978668
0.32119977474212646 0.34561261534690857
0.31965431571006775 0.35843658447265625
0.3207530379295349 0.3414475917816162
0.31963708996772766 0.33467575907707214
0.3199829161167145 0.34099090099334717
0.3194626271724701 0.3370506167411804
0.320552259683609 0.3302791714668274
0.3201215863227844 0.3766215443611145
0.31858181953430176 0.33624354004859924
0.31943997740745544 0.3327868580818176
0.31964439153671265 0.33685895800590515
0.3184340298175812 0.3280811309814453
0.3202586770057678 0.3329307734966278
0.3185980021953583 0.33388543128967285
0.3196207880973816 0.34785255789756775
0.3182383179664612 0.3425258994102478
0.3179708421230316 0.3296814560890198
0.3195818066596985 0.3448103666305542
0.3187118470668793 0.350056529045105
0.3187829852104187 0.332301527261734
0.3184483051300049 0.35280779004096985
0.31926649808883667 0.337518572807312
0.3185312747955322 0.3558596074581146
0.31998294591903687 0.34216755628585815
0.319210022687912 0.34907418489456177
0.3180174231529236 0.3422072231769562
0.3196902275085449 0.34445565938949585
0.3179541528224945 0.3391042649745941
0.31864088773727417 0.3384564518928528
0.3187633454799652 0.340925931930542
0.318466454744339 0.333670049905777
0.3180984854698181 0.3396068811416626
0.3186408281326294 0.3494642674922943
0.31797438859939575 0.3532964587211609
0.31892427802085876 0.34679266810417175
0.3189190626144409 0.34100663661956787
0.31781303882598877 0.3674437701702118
0.3178991377353668 0.33431634306907654
0.3177546262741089 0.3291592299938202
0.3176744878292084 0.3403279781341553
0.31732845306396484 0.33368468284606934
0.3183593153953552 0.33121582865715027
0.31784486770629883 0.33099398016929626
0.31850525736808777 0.33652248978614807
0.318027138710022 0.3382765054702759
0.3177180588245392 0.3447995185852051
0.31896260380744934 0.33105596899986267
0.3176840841770172 0.3400863707065582
0.318114310503006 0.33621442317962646
0.31730708479881287 0.37013524770736694
0.31798055768013 0.33472204208374023
0.31677180528640747 0.3469495177268982
0.3176336884498596 0.3577781319618225
0.3176701068878174 0.3321263790130615
0.31679534912109375 0.33154308795928955
0.31664565205574036 0.33211755752563477
0.3181920051574707 0.337328165769577
0.3170638382434845 0.33193302154541016
0.31633198261260986 0.34606537222862244
0.3170802593231201 0.3324955105781555
0.31651416420936584 0.34297361969947815
0.3169448971748352 0.3354976773262024
0.3169558048248291 0.33607250452041626
0.3175585865974426 0.3632727563381195
0.31696459650993347 0.34990862011909485
0.3173311948776245 0.3432062864303589
0.31628572940826416 0.3373079001903534
0.3162749707698822 0.33260586857795715
0.3167254626750946 0.3341628909111023
0.3153816759586334 0.33616510033607483
0.3157144784927368 0.33149877190589905
0.31659382581710815 0.3424094617366791
0.31741875410079956 0.3483043611049652
0.3166499137878418 0.3462928831577301
0.3158436715602875 0.3327785134315491
0.3165677785873413 0.3372070789337158
0.31586870551109314 0.3335435092449188
0.3164460361003876 0.35602492094039917
0.3170962631702423 0.339320570230484
0.31574493646621704 0.32886776328086853
0.31726932525634766 0.3429524004459381
0.3167925775051117 0.3303253948688507
0.31629571318626404 0.32956212759017944
0.31617969274520874 0.33719491958618164
0.31676551699638367 0.33016830682754517
0.31706082820892334 0.34200459718704224
0.3170642852783203 0.36382871866226196
0.3154602646827698 0.3331310749053955
0.31549498438835144 0.32987236976623535
0.31633681058883667 0.33189231157302856
0.3159255385398865 0.3613315224647522
0.31619906425476074 0.34898751974105835
0.31574976444244385 0.3405403196811676
0.3161868155002594 0.33739230036735535
0.3152245879173279 0.367056280374527
0.31566816568374634 0.33567994832992554
0.3157211244106293 0.35204222798347473
0.31582316756248474 0.3329809308052063
0.3151400089263916 0.33011457324028015
0.3153388798236847 0.34964972734451294
0.31571605801582336 0.3385874032974243
0.31584709882736206 0.35399889945983887
0.3155052661895752 0.340424120426178
0.3159489333629608 0.3330703675746918
0.3156012296676636 0.3356480300426483
0.3150283992290497 0.3372083604335785
0.31585052609443665 0.33050185441970825
0.31603968143463135 0.34439393877983093
0.31515204906463623 0.3474296033382416
0.31471753120422363 0.33789414167404175
0.3145708739757538 0.330790638923645
0.31466376781463623 0.3358299732208252
