1.491094946861267 1.645656943321228
1.175262212753296 1.1405177116394043
0.9401734471321106 0.9136750102043152
0.8350391387939453 0.8842248320579529
0.7840054035186768 0.8701087832450867
0.7450209259986877 0.8061007857322693
0.7083278298377991 0.7579600214958191
0.6532104015350342 0.658955991268158
0.5795797109603882 0.5630543828010559
0.4350486099720001 0.40702834725379944
0.35032618045806885 0.33419176936149597
0.31547948718070984 0.3222421407699585
0.2881028354167938 0.3198249936103821
0.26997318863868713 0.3056432604789734
0.2541113495826721 0.2510010600090027
0.24106945097446442 0.2575213611125946
0.23307092487812042 0.25524282455444336
0.22477459907531738 0.22367684543132782
0.21902748942375183 0.28364619612693787
0.21121910214424133 0.3003646433353424
0.20342625677585602 0.23216086626052856
0.19779035449028015 0.2299681007862091
0.1936657428741455 0.22925716638565063
0.18899765610694885 0.19213326275348663
0.1864074021577835 0.18838970363140106
0.18317478895187378 0.18795040249824524
0.17852957546710968 0.19225040078163147
0.17768467962741852 0.24695251882076263
0.17567326128482819 0.17798684537410736
0.1727171391248703 0.24068951606750488
0.16870667040348053 0.18013067543506622
0.16661135852336884 0.17051120102405548
0.1662207841873169 0.21893267333507538
0.16317126154899597 0.16630840301513672
0.16202029585838318 0.16367346048355103
0.15870457887649536 0.16689805686473846
0.15705344080924988 0.1666174829006195
0.1553391069173813 0.15716275572776794
0.15368443727493286 0.16437795758247375
0.15270495414733887 0.1570923626422882
0.15090569853782654 0.14864617586135864
0.15037238597869873 0.1495174914598465
0.14863868057727814 0.2351987659931183
0.1485797017812729 0.1791432499885559
0.14587140083312988 0.14350004494190216
0.14573128521442413 0.17071735858917236
0.14528024196624756 0.16583959758281708
0.14448511600494385 0.15109311044216156
0.1429106593132019 0.14915820956230164
0.14182746410369873 0.13823480904102325
0.1418299376964569 0.1579505354166031
0.14124590158462524 0.14530716836452484
0.13982798159122467 0.14269767701625824
0.13937538862228394 0.14527051150798798
0.13836364448070526 0.1488979607820511
0.13877157866954803 0.16151851415634155
0.13681785762310028 0.13569316267967224
0.13692863285541534 0.15783166885375977
0.1357298046350479 0.14588338136672974
0.1342940628528595 0.17320981621742249
0.13493983447551727 0.1494174301624298
0.13269582390785217 0.1588113009929657
0.13323448598384857 0.1415364146232605
0.13311365246772766 0.13545750081539154
0.13158564269542694 0.13812746107578278
0.1322120875120163 0.13604843616485596
0.13180391490459442 0.13288076221942902
0.1310223489999771 0.13193801045417786
0.1302875429391861 0.14266259968280792
0.1309509575366974 0.142216295003891
0.12907689809799194 0.13910548388957977
0.12996257841587067 0.1285715103149414
0.1290653645992279 0.14034458994865417
0.1286066770553589 0.13467730581760406
0.12768347561359406 0.1316775232553482
0.12753331661224365 0.14074590802192688
0.12691491842269897 0.1265561580657959
0.12816615402698517 0.15127648413181305
0.1271754950284958 0.13223262131214142
0.12681831419467926 0.13226349651813507
0.12635399401187897 0.14953336119651794
0.12641051411628723 0.12827835977077484
0.1256987452507019 0.14018504321575165
0.1254042685031891 0.13273318111896515
0.12577833235263824 0.16222897171974182
0.12567219138145447 0.13036435842514038
0.12528453767299652 0.13956084847450256
0.12426556646823883 0.1430630385875702
0.12436231970787048 0.12672291696071625
0.1241622269153595 0.12763677537441254
0.12382999062538147 0.13286252319812775
0.12389152497053146 0.1753411442041397
0.12308131903409958 0.14062456786632538
0.12260451912879944 0.14549307525157928
0.12225256860256195 0.12775008380413055
0.1222962737083435 0.1313498616218567
0.12202844023704529 0.1578672230243683
0.12154649198055267 0.15547281503677368
0.1215694323182106 0.1450061798095703
0.12087004631757736 0.12370406091213226
0.12137971818447113 0.1317262053489685
0.1211402639746666 0.1685086041688919
0.12058712542057037 0.12549464404582977
0.120671845972538 0.14380903542041779
0.12047332525253296 0.1616428643465042
0.12124829739332199 0.12605072557926178
0.12054306268692017 0.1276445835828781
0.11964360624551773 0.15007531642913818
0.11912204325199127 0.13845445215702057
0.11985832452774048 0.12112811952829361
0.11920926719903946 0.12814587354660034
0.11984025686979294 0.13885724544525146
0.11952431499958038 0.12213343381881714
0.11860398948192596 0.1206873282790184
0.11940090358257294 0.1209239661693573
0.11844755709171295 0.12036014348268509
0.11764853447675705 0.13114582002162933
0.11832242459058762 0.13905800879001617
0.11847716569900513 0.1238139346241951
0.11832330375909805 0.1311669498682022
0.11797253042459488 0.126218780875206
0.11852654814720154 0.13301236927509308
0.11715369671583176 0.12163034826517105
0.11824534088373184 0.11854754388332367
0.11720875650644302 0.11983125656843185
0.11692123860120773 0.13312920928001404
0.1166398748755455 0.13328732550144196
0.1175273135304451 0.12771643698215485
0.11727108806371689 0.12238340824842453
0.11647699028253555 0.12157463282346725
0.11635641008615494 0.1281505972146988
0.11687744408845901 0.12341130524873734
0.11643803864717484 0.12636686861515045
0.11576700210571289 0.1318182796239853
0.11642234027385712 0.1317911595106125
0.11664789170026779 0.13546587526798248
0.11554191261529922 0.12645068764686584
0.11597474664449692 0.14629505574703217
0.11475923657417297 0.1300361603498459
0.1152789294719696 0.1375872939825058
0.1156805083155632 0.12452620267868042
0.11576821655035019 0.11884527653455734
0.11517361551523209 0.12030510604381561
0.1149882823228836 0.12751057744026184
0.114859938621521 0.12123744189739227
0.11531051993370056 0.13032129406929016
0.11546014994382858 0.11728303134441376
0.11442013829946518 0.12528802454471588
0.11434917896986008 0.1255955845117569
0.11400166153907776 0.12946517765522003
0.11444682627916336 0.12081941962242126
0.11521890759468079 0.16949103772640228
0.11450963467359543 0.11314036697149277
0.1144907996058464 0.12372402846813202
0.11451856046915054 0.11602510511875153
0.11365247517824173 0.11809033900499344
0.11359095573425293 0.12560532987117767
0.11409442126750946 0.17089737951755524
0.114299476146698 0.12423068284988403
0.1134716123342514 0.12100329250097275
0.11263490468263626 0.1419636309146881
0.11389485746622086 0.14487028121948242
0.1139259859919548 0.15798185765743256
0.11312460899353027 0.12740634381771088
0.11314636468887329 0.11803199350833893
0.11356700211763382 0.11868744343519211
0.11266189813613892 0.11627039313316345
0.11340457946062088 0.11724984645843506
0.11354483664035797 0.14514371752738953
0.11270786821842194 0.13999293744564056
0.1129649206995964 0.12131564319133759
0.11210881173610687 0.11330733448266983
0.11315561085939407 0.11463704705238342
0.1125379279255867 0.1215362623333931
0.11219094693660736 0.13147477805614471
0.1117369681596756 0.11082405596971512
0.11205161362886429 0.135022833943367
0.11159734427928925 0.11872075498104095
0.11255745589733124 0.17430417239665985
0.11173711717128754 0.11865109950304031
0.11226832121610641 0.11165204644203186
0.11207769066095352 0.11457740515470505
0.11143531650304794 0.12202141433954239
0.11227963864803314 0.1243910938501358
0.1120477020740509 0.1211567223072052
0.11189443618059158 0.11894620954990387
0.11190272122621536 0.1182321161031723
0.11149702966213226 0.11816462874412537
0.11140051484107971 0.17564769089221954
0.11108455806970596 0.11545784026384354
0.11113851517438889 0.1391160637140274
0.11186612397432327 0.1215256005525589
0.11091713607311249 0.14096477627754211
0.11087648570537567 0.12893536686897278
0.11172226816415787 0.11872508376836777
0.11077246814966202 0.12015867978334427
0.11064029484987259 0.11264234781265259
0.11063757538795471 0.11667715013027191
0.10997059941291809 0.11328008025884628
0.11023860424757004 0.11274373531341553
0.11075828969478607 0.12093466520309448
0.10947973281145096 0.1319320946931839
0.11024358868598938 0.11045210808515549
0.10970300436019897 0.11516153067350388
0.11070241779088974 0.11259506642818451
0.11033467203378677 0.11879993230104446
0.11022942513227463 0.1087421104311943
0.109906867146492 0.12062598019838333
0.11016768962144852 0.12356030941009521
0.10931029915809631 0.11643385142087936
0.10894826799631119 0.11047520488500595
0.10926445573568344 0.12220834940671921
0.10872422903776169 0.14206881821155548
0.10945764929056168 0.10985071212053299
0.10994923859834671 0.11466369777917862
0.10892631113529205 0.11667279154062271
0.10909576714038849 0.11323196440935135
0.10860029608011246 0.12021699547767639
0.1087992787361145 0.1447061002254486
0.10806035995483398 0.12199796736240387
0.10832972079515457 0.13095170259475708
0.10863631218671799 0.11389543116092682
0.10808639228343964 0.10764345526695251
0.10861071199178696 0.11582568287849426
0.10785424709320068 0.10659696906805038
0.10766857117414474 0.11332222074270248
0.1083163246512413 0.13478413224220276
0.10857485234737396 0.11096188426017761
0.10756327956914902 0.10750970989465714
0.10785273462533951 0.11386554688215256
0.10753884166479111 0.11675279587507248
0.10804814100265503 0.12661252915859222
0.10782482475042343 0.12111048400402069
0.10734802484512329 0.1129956990480423
0.10726626962423325 0.12087058275938034
0.10679943859577179 0.1077987551689148
0.10770484060049057 0.19243015348911285
0.10824459791183472 0.11049904674291611
0.1071794256567955 0.13328221440315247
0.10774075239896774 0.11003652960062027
0.10679908841848373 0.11489754170179367
0.10653693228960037 0.12127891182899475
0.10640750825405121 0.11710198223590851
0.10716531425714493 0.1267322450876236
0.10691051930189133 0.10778594017028809
0.10633479803800583 0.11243176460266113
0.10658877342939377 0.132086843252182
0.1072319969534874 0.12324601411819458
0.10649625211954117 0.10740911960601807
0.10700728744268417 0.11276256293058395
0.10662366449832916 0.10698951780796051
0.10657919943332672 0.13903972506523132
0.10695453733205795 0.11003440618515015
0.10621905326843262 0.10507494956254959
0.10653385519981384 0.11116135865449905
0.10651267319917679 0.1097957119345665
0.10618733614683151 0.1257331818342209
0.10604029893875122 0.10990887880325317
0.1065155416727066 0.11374883353710175
0.10796018689870834 0.10846558958292007
0.1065313071012497 0.12869320809841156
0.10568082332611084 0.10596579313278198
0.10588446259498596 0.10774749517440796
0.10615319758653641 0.13043034076690674
0.10583825409412384 0.11344075947999954
0.1057017594575882 0.11812616139650345
0.10583706200122833 0.1191127821803093
0.105213962495327 0.11349492520093918
0.10777220875024796 0.12513616681098938
0.10565105825662613 0.10902297496795654
0.10573127120733261 0.11826641857624054
0.10595911741256714 0.11712637543678284
0.10625212639570236 0.10648944973945618
0.1065923422574997 0.10488016903400421
0.10634194314479828 0.17952556908130646
0.10581734031438828 0.10987963527441025
0.10597380250692368 0.12011080980300903
0.10501835495233536 0.12387062609195709
0.10596836358308792 0.11103001981973648
0.10530971735715866 0.10812444239854813
0.10604090988636017 0.12174521386623383
0.10446149110794067 0.11620628088712692
0.1055704802274704 0.10679145902395248
0.10542795807123184 0.11797767877578735
0.10563154518604279 0.11073789745569229
0.10447580367326736 0.12623387575149536
0.1053212583065033 0.12501780688762665
0.10522861778736115 0.10360611230134964
0.10482218861579895 0.10569071024656296
0.10531142354011536 0.10937336832284927
0.10546690970659256 0.1154208853840828
0.10449167340993881 0.11488240212202072
0.10597594082355499 0.1075628250837326
0.10509031265974045 0.11171568930149078
0.10504661500453949 0.11011064052581787
0.1045130044221878 0.10401905328035355
0.10550938546657562 0.10408326238393784
0.10400025546550751 0.12425452470779419
0.10506052523851395 0.1129983514547348
0.10517796874046326 0.10794682800769806
0.1051923930644989 0.10171209275722504
0.10478416830301285 0.13142254948616028
0.10558483749628067 0.12263433635234833
0.10461729019880295 0.1175442636013031
0.10517637431621552 0.11892138421535492
0.10484062880277634 0.10914820432662964
0.10596384108066559 0.11379028856754303
0.10429372638463974 0.12690392136573792
0.10426591336727142 0.12133947014808655
0.10451801121234894 0.1184287741780281
0.10482596606016159 0.10351549088954926
0.105274498462677 0.11552748084068298
0.10432388633489609 0.1207793802022934
0.10435669869184494 0.11028289049863815
0.10412048548460007 0.11287439614534378
0.10546403378248215 0.1090259850025177
0.1041949912905693 0.11862422525882721
0.10390658676624298 0.13354896008968353
0.10524583607912064 0.11672274768352509
0.10460546612739563 0.12034066766500473
0.10427618026733398 0.10880077630281448
0.10496649891138077 0.11306781321763992
0.1041126400232315 0.1270814836025238
0.10445507615804672 0.11752516031265259
0.1046491488814354 0.11563855409622192
0.10383278131484985 0.1105763241648674
0.1036771833896637 0.11749786138534546
0.10442062467336655 0.10794506967067719
0.10335944592952728 0.11099844425916672
0.10374414920806885 0.12236630916595459
0.10486872494220734 0.11683077365159988
0.10384249687194824 0.11351417750120163
0.10423137992620468 0.10542267560958862
0.10359639674425125 0.11238604784011841
0.104680135846138 0.10878739506006241
0.10377129912376404 0.1067689061164856
0.10357557982206345 0.11296797543764114
0.10391690582036972 0.10625656694173813
0.10376794636249542 0.11496727913618088
0.1037699282169342 0.12364538758993149
0.10341552644968033 0.11926665157079697
0.10369062423706055 0.1254308521747589
0.1039392352104187 0.10281401127576828
0.10302046686410904 0.10209798067808151
0.10354763269424438 0.11073462665081024
0.10342425853013992 0.10604379326105118
0.10411696881055832 0.15479685366153717
0.10316819697618484 0.11142067611217499
0.10349912941455841 0.13291724026203156
0.10377296805381775 0.12626959383487701
0.10358522087335587 0.11586522310972214
0.10312672704458237 0.14953932166099548
0.10308381915092468 0.13042810559272766
0.10325035452842712 0.1152116060256958
0.10317490249872208 0.1175299733877182
0.1039130762219429 0.10192856937646866
0.10415489226579666 0.10205311328172684
0.10365064442157745 0.11294086277484894
0.10300217568874359 0.11235702037811279
0.1041695848107338 0.11972463876008987
0.10387388616800308 0.11951348185539246
0.10236254334449768 0.1126888245344162
0.10351991653442383 0.12341887503862381
0.10365782678127289 0.1067524254322052
0.10298086702823639 0.12629513442516327
0.10277361422777176 0.11888532340526581
0.10346077382564545 0.1240517720580101
0.10246267169713974 0.1104978397488594
0.10240641981363297 0.10123846679925919
0.10232876986265182 0.11171549558639526
0.10264752805233002 0.11488057672977448
0.10300983488559723 0.1020038053393364
0.10245481133460999 0.10595668852329254
0.10231103748083115 0.11680237948894501
0.10306045413017273 0.11079669743776321
0.10226360708475113 0.12606854736804962
0.103581003844738 0.10794690251350403
0.10347198694944382 0.10510581731796265
0.10285688936710358 0.11193297803401947
0.1027151346206665 0.11552103608846664
0.10318299382925034 0.10370544344186783
0.10276520997285843 0.11553170531988144
0.10270553082227707 0.11379528790712357
0.10377749800682068 0.128797709941864
0.10160281509160995 0.11707928031682968
0.1027824655175209 0.12006109952926636
0.1029433086514473 0.11818204075098038
0.10280436277389526 0.10544279962778091
0.10253158211708069 0.10637200623750687
0.10227684676647186 0.10540181398391724
0.10280254483222961 0.1290440410375595
0.10234299302101135 0.11268384009599686
0.10239844024181366 0.10353915393352509
0.10340674221515656 0.1092127189040184
0.10279986262321472 0.1111288070678711
0.10240744799375534 0.10986249148845673
0.10352864861488342 0.12134865671396255
0.10212855786085129 0.11065500974655151
0.10299642384052277 0.13510000705718994
0.10184592753648758 0.12306956201791763
0.10265486687421799 0.12568813562393188
0.10196565091609955 0.1077265813946724
0.10244405269622803 0.10710320621728897
0.10363537818193436 0.12013088911771774
0.10212037712335587 0.10519538819789886
0.10347797721624374 0.10869862139225006
0.1025160551071167 0.10655457526445389
0.10259231179952621 0.10731273144483566
0.10172560811042786 0.11676658689975739
0.10208336263895035 0.10585125535726547
0.10184559226036072 0.1356792449951172
0.10229004174470901 0.12062864005565643
0.10256535559892654 0.10474807024002075
0.10267922282218933 0.10436449944972992
0.1021941676735878 0.1098967120051384
0.10138697922229767 0.10734888911247253
0.10214537382125854 0.13370609283447266
0.10213671624660492 0.1276835799217224
0.10201433300971985 0.13230979442596436
0.10204292833805084 0.10704988986253738
0.10285048931837082 0.12902596592903137
0.10155081003904343 0.11778563261032104
0.10228671878576279 0.10307995975017548
0.10182128101587296 0.10493750870227814
0.10224681347608566 0.12092205137014389
0.10219192504882812 0.10600513964891434
0.10178808122873306 0.10698460787534714
0.10191907733678818 0.1317286640405655
0.10185100138187408 0.1274220198392868
0.1019861176609993 0.11614222824573517
0.1021319180727005 0.10904079675674438
0.10203935950994492 0.10568993538618088
0.10179971158504486 0.12275082617998123
0.10213928669691086 0.11435525864362717
0.10125255584716797 0.10516075789928436
0.10230220854282379 0.10625138878822327
0.10178966075181961 0.10422352701425552
0.10217311233282089 0.1195979118347168
0.10226313024759293 0.1279194951057434
0.10247477144002914 0.12246211618185043
0.10165006667375565 0.10099902004003525
0.10113483667373657 0.12247934937477112
0.10126638412475586 0.11341981589794159
0.10171438008546829 0.12369232624769211
0.102266326546669 0.12029245495796204
0.1021149605512619 0.12008138746023178
0.10144065320491791 0.10936426371335983
0.10177462548017502 0.10390786826610565
0.10122242569923401 0.11159714311361313
0.10154924541711807 0.11282208561897278
0.10205084085464478 0.10312794148921967
0.1017332524061203 0.11377472430467606
0.10184936225414276 0.10362078249454498
0.10128287971019745 0.13389477133750916
0.1009674146771431 0.11223693192005157
0.10133244097232819 0.13244928419589996
0.10232168436050415 0.12216172367334366
0.1016969159245491 0.10807131975889206
0.10158750414848328 0.10947627574205399
0.10108155012130737 0.10241908580064774
0.10197124630212784 0.10888763517141342
0.10119074583053589 0.10619712620973587
0.10216262936592102 0.11363737285137177
0.10185287147760391 0.10242501646280289
0.10183415561914444 0.1118781715631485
0.1012190505862236 0.1254776567220688
0.10190760344266891 0.10306533426046371
0.10156013816595078 0.10557574033737183
0.10068010538816452 0.10412950813770294
0.1006617620587349 0.10725980997085571
0.10152297466993332 0.11071706563234329
0.10058453679084778 0.109927698969841
0.10171962529420853 0.11119410395622253
0.10172834992408752 0.11287505179643631
0.1010894700884819 0.11797986924648285
0.10156513005495071 0.11502313613891602
0.10145977139472961 0.1154409646987915
0.1007210835814476 0.12886250019073486
0.10094054043292999 0.1100330725312233
0.10066857188940048 0.11337297409772873
0.1012972742319107 0.11044900119304657
0.10186674445867538 0.12122471630573273
0.10122261941432953 0.11283223330974579
0.10109958052635193 0.10644210875034332
0.10079826414585114 0.10013052076101303
0.10056567192077637 0.1354578137397766
0.10110702365636826 0.11969517916440964
0.1005571186542511 0.10824818909168243
0.10049424320459366 0.10149813443422318
0.10114362835884094 0.10220514982938766
0.10011040419340134 0.1045723482966423
0.1015322282910347 0.11610402911901474
0.1009424477815628 0.1093558743596077
0.10060940682888031 0.11023079603910446
0.10095999389886856 0.11360117793083191
0.10107031464576721 0.11683759838342667
0.10084700584411621 0.10925137251615524
0.10024286061525345 0.10552957653999329
0.10061019659042358 0.10515734553337097
0.10112997144460678 0.10665510594844818
0.10092157870531082 0.11319535970687866
0.10022880136966705 0.10166793316602707
0.1008966788649559 0.11418896913528442
0.1010100319981575 0.12003849446773529
0.10176098346710205 0.10826071351766586
0.10107117146253586 0.13471078872680664
0.10009707510471344 0.11703051626682281
0.10034354776144028 0.12344836443662643
0.10087643563747406 0.13248039782047272
0.10158846527338028 0.09924151748418808
0.10016407817602158 0.10702682286500931
0.10086029022932053 0.09917503595352173
0.10049281269311905 0.1246705949306488
0.10053467750549316 0.10598041862249374
0.10104286670684814 0.10599655658006668
0.10161241143941879 0.10415922850370407
0.10078490525484085 0.10019955039024353
0.10093170404434204 0.1098695620894432
0.10040751099586487 0.10092079639434814
0.10053547471761703 0.10303983837366104
0.1005363017320633 0.10139258950948715
0.10128767043352127 0.11021002382040024
0.10094340145587921 0.13615334033966064
0.10078698396682739 0.10841506719589233
0.09977599233388901 0.12197373062372208
0.10111762583255768 0.11063666641712189
0.10023079067468643 0.10676226764917374
0.10002416372299194 0.1054801195859909
0.10098015516996384 0.10179080814123154
0.10002283751964569 0.12695194780826569
0.10039935261011124 0.10246194154024124
0.09975619614124298 0.114517942070961
0.10023875534534454 0.10224082320928574
0.10102031379938126 0.1061936616897583
0.10009166598320007 0.10218368470668793
0.10020331293344498 0.12597249448299408
0.10022478550672531 0.10002677887678146
0.10133038461208344 0.10388185828924179
0.10027800500392914 0.12234936654567719
0.10096452385187149 0.1067463755607605
0.10018814355134964 0.10764680802822113
0.10060681402683258 0.1090601310133934
0.09955665469169617 0.1003606766462326
0.10062490403652191 0.10057947784662247
0.10016816109418869 0.12265180051326752
0.10036779940128326 0.11327306181192398
0.09943536669015884 0.11650361120700836
0.10033180564641953 0.10192544758319855
0.10031228512525558 0.11341863125562668
0.10065256059169769 0.13068948686122894
0.1001332476735115 0.11530721932649612
0.10011428594589233 0.10122041404247284
0.10054030269384384 0.10826017707586288
0.10062065720558167 0.10825708508491516
0.1003977432847023 0.11095259338617325
0.10032202303409576 0.11606786400079727
0.0998542308807373 0.10903573036193848
0.1001245528459549 0.10705574601888657
0.09964528679847717 0.10672503709793091
0.09963236004114151 0.11575479060411453
0.0994226485490799 0.12114818394184113
0.10016687214374542 0.10654456913471222
0.10023605823516846 0.10522603243589401
0.09987357258796692 0.11670113354921341
0.10054764896631241 0.10450577735900879
0.09968724846839905 0.1013513058423996
0.09957975894212723 0.11897336691617966
0.09979415684938431 0.13090825080871582
0.10015078634023666 0.12448841333389282
0.10035334527492523 0.10890191048383713
0.10013344883918762 0.11517449468374252
0.09989184141159058 0.10375969856977463
0.10058973729610443 0.11495056003332138
0.09933905303478241 0.10467077046632767
0.10005754977464676 0.10627024620771408
0.10029594600200653 0.11389343440532684
0.10040277987718582 0.10264229774475098
0.10006550699472427 0.11577446758747101
0.099968321621418 0.11101861298084259
0.10084281116724014 0.12949925661087036
0.09970782697200775 0.10536541044712067
0.0991765484213829 0.10760339349508286
0.10008814185857773 0.10631103068590164
0.1002129465341568 0.11501219868659973
0.09953498840332031 0.12409050762653351
0.10018052905797958 0.10399194806814194
0.09914269298315048 0.1000886783003807
0.09892997145652771 0.10284696519374847
0.09923813492059708 0.10302699357271194
0.09987121820449829 0.10020150989294052
0.09888803213834763 0.10137373954057693
0.09923107177019119 0.10417721420526505
0.09946747124195099 0.1070437878370285
0.0991988256573677 0.10726869106292725
0.10012903064489365 0.09867868572473526
0.10008495301008224 0.11709776520729065
0.09924916177988052 0.09995190799236298
0.09953909367322922 0.10461363196372986
0.09927599877119064 0.11173468828201294
0.09897268563508987 0.11244868487119675
0.09867473691701889 0.10045290738344193
0.09889989346265793 0.10552084445953369
0.09973543137311935 0.11940871924161911
0.09989100694656372 0.09971468150615692
0.0997496098279953 0.11155589669942856
0.09936439245939255 0.10358545184135437
0.09960824251174927 0.10532858967781067
0.09893251955509186 0.10782625526189804
0.0992288887500763 0.09781371057033539
0.0997689738869667 0.10501100867986679
0.09892593324184418 0.10287370532751083
0.09910713881254196 0.1088373214006424
0.09893692284822464 0.10152679681777954
0.0988243892788887 0.11107821762561798
0.09938804805278778 0.10467885434627533
0.0989958867430687 0.10347822308540344
0.09945563226938248 0.12396460771560669
0.0998569056391716 0.11393651366233826
0.09992365539073944 0.1196308508515358
0.09958238154649734 0.10883384197950363
0.0987309142947197 0.11184627562761307
0.09997935593128204 0.10087361931800842
0.09895677864551544 0.1024898886680603
0.09906189888715744 0.10655226558446884
0.09917520731687546 0.10825131088495255
0.09946908056735992 0.11090642958879471
0.09908471256494522 0.10000178962945938
0.09944998472929001 0.10432170331478119
0.09915339946746826 0.11062191426753998
0.09935278445482254 0.10191132873296738
0.10002430528402328 0.10130631923675537
0.09963198751211166 0.1073777973651886
0.0991116464138031 0.10570700466632843
0.09950585663318634 0.10852149873971939
0.09881851822137833 0.10735233128070831
0.0987037643790245 0.10923393815755844
0.09915557503700256 0.10332416743040085
0.09899440407752991 0.12187021970748901
0.09940279275178909 0.11145835369825363
0.099077969789505 0.10246241092681885
0.09934147447347641 0.11134980618953705
0.09916085004806519 0.12825989723205566
0.09996194392442703 0.11086788773536682
0.09851669520139694 0.11276089400053024
0.09885258972644806 0.1096617728471756
0.09963914752006531 0.10231336206197739
0.09917085617780685 0.10538504272699356
0.09912964701652527 0.1163700744509697
0.09897385537624359 0.11802130192518234
0.09898357093334198 0.10700850933790207
0.09889605641365051 0.10181668400764465
0.09830480813980103 0.09989191591739655
0.09883759915828705 0.10047426074743271
0.09894931316375732 0.10575029253959656
0.09974012523889542 0.10947784036397934
0.09893672168254852 0.10291336476802826
0.0983525738120079 0.10597778856754303
0.09920200705528259 0.10393241792917252
0.09945053607225418 0.10906070470809937
0.09851989150047302 0.1091465950012207
0.09892738610506058 0.10146591812372208
0.09816443175077438 0.11565529555082321
0.09961933642625809 0.11189033836126328
0.09832355380058289 0.11839430034160614
0.09893591701984406 0.1052665263414383
0.09865662455558777 0.11833951622247696
0.09874259680509567 0.10925661027431488
0.09863674640655518 0.11033954471349716
0.09856805205345154 0.10954493284225464
0.0992208942770958 0.10064347088336945
0.09874316304922104 0.1426609605550766
0.09887004643678665 0.11286855489015579
0.09928927570581436 0.10903415083885193
0.09922675043344498 0.10680435597896576
0.09904909133911133 0.12420514971017838
0.0994650200009346 0.11425919085741043
0.09963423013687134 0.10144317895174026
0.09874176979064941 0.10830168426036835
0.09960264712572098 0.1029277816414833
0.0987042635679245 0.12041084468364716
0.09869439899921417 0.10962571948766708
0.09861094504594803 0.10296579450368881
0.09834074974060059 0.10942871123552322
0.09868062287569046 0.10091482102870941
0.0984119325876236 0.1032659262418747
0.09917245805263519 0.12233994156122208
0.09927689284086227 0.10459840297698975
0.09899289906024933 0.10105687379837036
0.09873034060001373 0.12153732031583786
0.09886439144611359 0.10765960067510605
0.09932447224855423 0.1276099979877472
0.09906372427940369 0.10938811302185059
0.09839297086000443 0.10625793784856796
0.09894131124019623 0.11742503196001053
0.09834668785333633 0.10476525127887726
0.09809337556362152 0.09836845844984055
0.09844184666872025 0.10545195639133453
0.09842754155397415 0.10896363854408264
0.0983167365193367 0.12734360992908478
0.0981990173459053 0.11496847122907639
0.09866077452898026 0.10122914612293243
0.09843616187572479 0.10442357510328293
0.09790739417076111 0.13814246654510498
0.09840688109397888 0.10024451464414597
0.09871336817741394 0.1083117127418518
0.09889951348304749 0.11298578232526779
0.09840050339698792 0.09856409579515457
0.09859651327133179 0.10709678381681442
0.09837813675403595 0.1121523305773735
0.09934897720813751 0.11053541302680969
0.0994362011551857 0.10897098481655121
0.09791102260351181 0.11024727672338486
0.09786384552717209 0.11445371061563492
0.09901921451091766 0.10032237321138382
0.0984601154923439 0.11184141784906387
0.09893067926168442 0.11859822273254395
0.09831402450799942 0.10569775104522705
0.0979054644703865 0.11651686578989029
0.09798948466777802 0.11779502779245377
0.099508136510849 0.104149729013443
0.09891039878129959 0.10684407502412796
0.09886865317821503 0.09998452663421631
0.0989375188946724 0.10287799686193466
0.09867338836193085 0.10363218188285828
0.09862890094518661 0.10382769256830215
0.09876415878534317 0.112020343542099
0.09871946275234222 0.10078700631856918
0.09870141744613647 0.10574916750192642
0.09818778932094574 0.11238227039575577
0.09786345809698105 0.11423193663358688
0.09848537296056747 0.1031203344464302
0.098983034491539 0.11731303483247757
0.09872463345527649 0.10270398110151291
0.09896514564752579 0.10661851614713669
0.09871335327625275 0.1052689254283905
0.09786517918109894 0.11129408329725266
0.09826566278934479 0.10542970895767212
0.09874632209539413 0.12276711314916611
0.09860178828239441 0.10150186717510223
0.098280169069767 0.11461858451366425
0.09834841638803482 0.10236471146345139
0.09882263094186783 0.1059308648109436
0.09805344045162201 0.11398449540138245
0.09953905642032623 0.11200794577598572
0.098920077085495 0.10068287700414658
0.0984923467040062 0.15116475522518158
0.09895072877407074 0.10249694436788559
0.09815625846385956 0.1154065951704979
0.09787357598543167 0.10005199909210205
0.09940199553966522 0.1119024008512497
0.0975852832198143 0.12417634576559067
0.09804439544677734 0.09901967644691467
0.09821607917547226 0.1029997393488884
0.0978793203830719 0.10163698345422745
0.09797146171331406 0.10637930780649185
0.09807527810335159 0.11067590117454529
0.0987989604473114 0.11236079782247543
0.0980846956372261 0.10145296156406403
0.09812475740909576 0.10215786099433899
0.09797509014606476 0.10724809765815735
0.09846747666597366 0.13308468461036682
0.09811463952064514 0.10406400263309479
0.09802066534757614 0.1011304035782814
0.0980411097407341 0.10903792083263397
0.09798741340637207 0.1150524914264679
0.09792342782020569 0.155572772026062
0.09797399491071701 0.10147526860237122
0.09790703654289246 0.10711842030286789
0.09830205142498016 0.102892205119133
0.09885359555482864 0.1125403344631195
0.09771605581045151 0.14468501508235931
0.0980023741722107 0.10198232531547546
0.09823089838027954 0.12850321829319
0.09849217534065247 0.11131645739078522
0.09816257655620575 0.1075872927904129
0.09813816100358963 0.10742983967065811
0.0977085679769516 0.10166817903518677
0.09931749850511551 0.10021139681339264
0.09774621576070786 0.10186008363962173
0.0974624752998352 0.1008954644203186
0.09848322719335556 0.10925335437059402
0.09803702682256699 0.10959618538618088
0.09809873253107071 0.10011633485555649
0.09859863668680191 0.1007860079407692
0.09828951209783554 0.1064075231552124
0.09724714607000351 0.10308272391557693
0.09811215847730637 0.11185453832149506
0.0976913794875145 0.12138242274522781
0.09863100945949554 0.11392013728618622
0.09749642014503479 0.10786627233028412
0.09806542843580246 0.10165099054574966
0.09770724177360535 0.10011414438486099
0.09802508354187012 0.1086137443780899
0.09771739691495895 0.1090940311551094
0.09809944033622742 0.10394849628210068
0.09807556122541428 0.10817176848649979
0.09758776426315308 0.10226677358150482
0.09785765409469604 0.11116797477006912
0.09762608259916306 0.10194987058639526
0.0974210649728775 0.1024809405207634
0.09814097732305527 0.10740038752555847
0.09721647202968597 0.11440108716487885
0.09779506921768188 0.10401083528995514
0.09854678064584732 0.11408206075429916
0.09833692014217377 0.10490943491458893
0.09793302416801453 0.10364680737257004
0.0980304628610611 0.10212831944227219
0.09839285165071487 0.11911667883396149
0.09788694232702255 0.09983021765947342
0.09739243984222412 0.09764351695775986
0.09833391010761261 0.11556300520896912
0.09819455444812775 0.09901377558708191
0.09762311726808548 0.10397942364215851
0.09853721410036087 0.10727747529745102
0.09859305620193481 0.10561718046665192
0.09789834171533585 0.10075446218252182
0.09881102293729782 0.10534362494945526
0.09834686666727066 0.09942936897277832
0.09791836142539978 0.1233796775341034
0.09803910553455353 0.10923945903778076
0.09815095365047455 0.09921035915613174
0.09762073308229446 0.11075298488140106
0.09764573723077774 0.1011694073677063
0.09754229336977005 0.10606509447097778
0.09810211509466171 0.10019959509372711
0.09746318310499191 0.11166954785585403
0.0983235090970993 0.10432222485542297
0.09789814054965973 0.10027684271335602
0.09774386137723923 0.11895621567964554
0.09814685583114624 0.11270135641098022
0.09722558408975601 0.1022004783153534
0.09719498455524445 0.10452386736869812
0.09789393842220306 0.10429570078849792
0.09787772595882416 0.09842339158058167
0.09773433208465576 0.12718066573143005
0.09784319996833801 0.10388287156820297
0.09789175540208817 0.10978690534830093
0.09833625704050064 0.10356783121824265
0.09843449294567108 0.10220479220151901
0.0977853536605835 0.10738322138786316
0.09793145954608917 0.10164803266525269
0.09859433770179749 0.11057854443788528
0.09819013625383377 0.10288947075605392
0.09738872945308685 0.10603806376457214
0.09698088467121124 0.1079050675034523
0.09834106266498566 0.10227148979902267
0.098085418343544 0.10883719474077225
0.09766831994056702 0.1003163605928421
0.09742312878370285 0.10729106515645981
0.09808456897735596 0.10508760809898376
0.09802043437957764 0.10142581164836884
0.0987744927406311 0.10944146662950516
0.09781801700592041 0.11022574454545975
0.09854444861412048 0.10366331040859222
0.09772313386201859 0.09896091371774673
0.09713802486658096 0.10297936946153641
0.09834764152765274 0.1013675332069397
0.09760868549346924 0.10147849470376968
0.09737837314605713 0.11523285508155823
0.09858767688274384 0.10080567747354507
0.09694308042526245 0.10076181590557098
0.09796828031539917 0.11617036163806915
0.09749949723482132 0.10168484598398209
0.09801939874887466 0.1064310371875763
0.09802950173616409 0.10040860623121262
0.09774819761514664 0.10285449028015137
0.09777595847845078 0.10022976249456406
0.09793613851070404 0.10547374933958054
0.09826671332120895 0.10600044578313828
0.09804003685712814 0.10605974495410919
0.09753967076539993 0.10027429461479187
0.09845007956027985 0.11429134011268616
0.0972510501742363 0.10260084271430969
0.09886211156845093 0.10506534576416016
0.09713244438171387 0.12332528829574585
0.09726730734109879 0.10577410459518433
0.09818298369646072 0.10586994886398315
0.09754960983991623 0.09999533742666245
0.09831108897924423 0.10707119852304459
0.09728609770536423 0.11915625631809235
0.0976061001420021 0.10554627329111099
0.09747257828712463 0.10239779949188232
0.0977984145283699 0.105574831366539
0.09768476337194443 0.10350627452135086
0.09773431718349457 0.10208670794963837
0.0974096804857254 0.12394765764474869
0.09740883111953735 0.11406534165143967
0.09690690040588379 0.10133204609155655
0.09795904904603958 0.11344075947999954
0.09868404269218445 0.1509886533021927
0.09765313565731049 0.09994848072528839
0.09868504106998444 0.10766616463661194
0.09720262140035629 0.10620266944169998
0.09746336936950684 0.10130225121974945
0.09722787141799927 0.10672557353973389
0.09754155576229095 0.11197970807552338
0.09780111908912659 0.10699062794446945
0.09692367911338806 0.13105206191539764
0.09708079695701599 0.11354080587625504
0.09787198901176453 0.0990871712565422
0.09756986051797867 0.0983496680855751
0.09743224829435349 0.10039076209068298
0.09746937453746796 0.10535747557878494
0.09746892750263214 0.10911884903907776
0.09797374904155731 0.11081378161907196
0.0974932536482811 0.11263712495565414
0.09780275821685791 0.1052655428647995
0.0975252315402031 0.10342664271593094
0.09671314060688019 0.12465576827526093
0.09795559197664261 0.1068546250462532
0.09722410142421722 0.10478387027978897
0.09714824706315994 0.11198088526725769
0.09685232490301132 0.1033177375793457
0.09790077060461044 0.13680939376354218
0.09703779220581055 0.10057568550109863
0.09718582779169083 0.10693272203207016
0.09707160294055939 0.09783225506544113
0.09695149958133698 0.10007482767105103
0.0979306548833847 0.10309106111526489
0.0977272242307663 0.1249590739607811
0.09754028916358948 0.12505245208740234
0.09744153171777725 0.10272493213415146
0.09748826175928116 0.09884566068649292
0.09756859391927719 0.11161383241415024
0.09774697571992874 0.10107088088989258
0.09735225141048431 0.11918837577104568
0.09688261151313782 0.10729079693555832
0.09833672642707825 0.13976921141147614
0.09792919456958771 0.10856861621141434
0.09733760356903076 0.10464031249284744
0.09766139835119247 0.09852948784828186
0.0971062183380127 0.11954006552696228
0.09773655980825424 0.10799627006053925
0.0975516214966774 0.12754890322685242
0.09718317538499832 0.10220169275999069
0.09852374345064163 0.10926485806703568
0.09759069979190826 0.11255736649036407
0.09751054644584656 0.10076973587274551
0.09719061851501465 0.09970959275960922
0.09749298542737961 0.10440117120742798
0.09849342703819275 0.11166718602180481
0.09762502461671829 0.10273957997560501
0.09672281891107559 0.10173910111188889
0.09798555821180344 0.10485716909170151
0.09689243882894516 0.10562688857316971
0.09819687902927399 0.11491917073726654
0.097787044942379 0.11091398447751999
0.0970320850610733 0.10644539445638657
0.09820136427879333 0.10479342192411423
0.09717214107513428 0.1025661900639534
0.09722605347633362 0.11851279437541962
0.09767608344554901 0.11879860609769821
0.09747055172920227 0.10043705254793167
0.09723802655935287 0.109934501349926
0.09729085117578506 0.11085081100463867
0.0974273830652237 0.10095517337322235
0.09800544381141663 0.10779392719268799
0.09655214101076126 0.10185486823320389
0.09748438745737076 0.10523142665624619
0.09712191671133041 0.09984242916107178
0.0973074734210968 0.11521077901124954
0.09826549142599106 0.11194335669279099
0.09738396853208542 0.10440479964017868
0.09707624465227127 0.10241442918777466
0.097429558634758 0.11899815499782562
0.0975932776927948 0.099045030772686
0.09781408309936523 0.11764590442180634
0.09672312438488007 0.11138187348842621
0.09729249030351639 0.10547257959842682
0.09737414121627808 0.10533866286277771
0.09698846191167831 0.10624797642230988
0.0968560054898262 0.11643164604902267
0.09801007062196732 0.09988758713006973
0.09685590863227844 0.09912708401679993
0.09731077402830124 0.10398794710636139
0.0973525196313858 0.103414386510849
0.09676752239465714 0.10143102705478668
0.0973004400730133 0.11303897947072983
0.09695598483085632 0.09667804092168808
0.0978701040148735 0.12184995412826538
0.09654068201780319 0.10491519421339035
0.09656239300966263 0.10267676413059235
0.09727495908737183 0.10031235963106155
0.09756692498922348 0.09834166616201401
0.0969097837805748 0.11568128317594528
0.09742159396409988 0.10458193719387054
0.09784505516290665 0.10674869269132614
0.09741857647895813 0.1021953821182251
0.09715361148118973 0.10373394191265106
0.09684651345014572 0.10789182037115097
0.09596005827188492 0.10250603407621384
0.09732594341039658 0.10611993074417114
0.09716634452342987 0.11072981357574463
0.09722764045000076 0.10876139998435974
0.09722911566495895 0.12916719913482666
0.09743256121873856 0.10743256658315659
0.09750702232122421 0.10373128950595856
0.09764860570430756 0.10314207524061203
0.09668386727571487 0.12282342463731766
0.09754237532615662 0.1052343100309372
