1.6197694540023804 1.5082632303237915
1.4871370792388916 1.50880765914917
1.4798879623413086 1.5071468353271484
1.4784510135650635 1.498559594154358
1.4768271446228027 1.5373278856277466
1.4766044616699219 1.500779151916504
1.4757786989212036 1.504960060119629
1.475824236869812 1.50617516040802
1.4756114482879639 1.524667739868164
1.4757825136184692 1.5013315677642822
1.4752016067504883 1.4984002113342285
1.4748021364212036 1.5151431560516357
1.475064754486084 1.5024763345718384
1.4745666980743408 1.534368872642517
1.474510908126831 1.5122748613357544
1.4747591018676758 1.4991483688354492
1.4744799137115479 1.5036576986312866
1.4743590354919434 1.5084702968597412
1.4745922088623047 1.5014156103134155
1.4745054244995117 1.5002580881118774
1.4742056131362915 1.5096715688705444
1.4745813608169556 1.5160025358200073
1.4741243124008179 1.515191912651062
1.4743112325668335 1.4983341693878174
1.4740537405014038 1.508467435836792
1.4741147756576538 1.5013185739517212
1.4743565320968628 1.5064488649368286
1.4741761684417725 1.4984323978424072
1.4741687774658203 1.5066962242126465
1.4741504192352295 1.5073366165161133
1.47414231300354 1.504782795906067
1.4741562604904175 1.5058176517486572
1.4739497900009155 1.5035531520843506
1.4738720655441284 1.5083115100860596
1.4737403392791748 1.4994968175888062
1.4739528894424438 1.5087846517562866
1.4739750623703003 1.5000592470169067
1.4736826419830322 1.4998247623443604
1.4739267826080322 1.5046992301940918
1.4735901355743408 1.499285101890564
1.4737370014190674 1.5078688859939575
1.473541021347046 1.4990562200546265
1.4738236665725708 1.4992142915725708
1.4736500978469849 1.5060105323791504
1.4736381769180298 1.5054762363433838
1.4738456010818481 1.5040626525878906
1.4736610651016235 1.5004178285598755
1.4738441705703735 1.5056793689727783
1.4735758304595947 1.502964973449707
1.4738094806671143 1.509649634361267
1.4736021757125854 1.5143746137619019
1.4736796617507935 1.5000215768814087
1.4736162424087524 1.5097495317459106
1.4737213850021362 1.5061933994293213
1.473568081855774 1.5087071657180786
1.4737468957901 1.5002429485321045
1.4737725257873535 1.508427619934082
1.4735546112060547 1.5085335969924927
1.4737035036087036 1.503426194190979
1.4736484289169312 1.5002366304397583
1.473524570465088 1.5098718404769897
1.473569631576538 1.5007296800613403
1.4736005067825317 1.5066814422607422
1.4737234115600586 1.503867506980896
1.473699688911438 1.5030418634414673
1.4736260175704956 1.5041583776474
1.473564863204956 1.501120924949646
1.4734679460525513 1.50290048122406
1.4734972715377808 1.5061519145965576
1.4735522270202637 1.5024579763412476
1.4735107421875 1.5007649660110474
1.4736838340759277 1.5001169443130493
1.4736260175704956 1.5030248165130615
1.4736266136169434 1.5084513425827026
1.4735960960388184 1.512017011642456
1.4735556840896606 1.505129337310791
1.4736675024032593 1.5044963359832764
1.4734364748001099 1.5107078552246094
1.4736034870147705 1.5052080154418945
1.4733706712722778 1.510658860206604
1.473691701889038 1.5050851106643677
1.4734476804733276 1.5043461322784424
1.4736287593841553 1.5036770105361938
1.4735080003738403 1.5013940334320068
1.4733953475952148 1.5039615631103516
1.4735699892044067 1.5136370658874512
1.4735157489776611 1.504619836807251
1.4736167192459106 1.5086486339569092
1.4734917879104614 1.5028847455978394
1.4734429121017456 1.5034844875335693
1.4734787940979004 1.513508677482605
1.4734498262405396 1.5015947818756104
1.4735132455825806 1.5007096529006958
1.4734935760498047 1.5064306259155273
1.473541021347046 1.4999241828918457
1.4734779596328735 1.5060360431671143
1.4734735488891602 1.506237268447876
1.4734514951705933 1.5038001537322998
1.4734653234481812 1.5083204507827759
1.4735249280929565 1.5137298107147217
1.4734646081924438 1.5026882886886597
1.473524808883667 1.5072336196899414
1.4735254049301147 1.5039540529251099
1.4735345840454102 1.5070915222167969
1.4735310077667236 1.5037957429885864
1.4734199047088623 1.508472204208374
1.4734143018722534 1.5017762184143066
1.4734562635421753 1.5338271856307983
1.4733569622039795 1.5075656175613403
1.4734883308410645 1.5024856328964233
1.4735530614852905 1.5044753551483154
1.4733284711837769 1.5022926330566406
1.4734454154968262 1.5080591440200806
1.4733169078826904 1.5071284770965576
1.4734904766082764 1.507066011428833
1.473396897315979 1.4990150928497314
1.473527431488037 1.5027564764022827
1.473519206047058 1.5011005401611328
1.4735009670257568 1.499976396560669
1.4734394550323486 1.5058313608169556
1.4734416007995605 1.5048433542251587
1.4733350276947021 1.511022925376892
1.4733325242996216 1.5178203582763672
1.4732972383499146 1.502816081047058
1.4733164310455322 1.5054309368133545
1.473329782485962 1.5037275552749634
1.4734419584274292 1.510315179824829
1.4734554290771484 1.5048795938491821
1.4733630418777466 1.5030771493911743
1.4733260869979858 1.503156065940857
1.4733147621154785 1.5046722888946533
1.4732441902160645 1.503299355506897
1.4733933210372925 1.5038254261016846
1.4733155965805054 1.5116740465164185
1.4733147621154785 1.5048106908798218
1.4734537601470947 1.5023481845855713
1.473334789276123 1.5010566711425781
1.4733490943908691 1.499389886856079
1.4732351303100586 1.5018597841262817
1.4732972383499146 1.5043033361434937
1.4732317924499512 1.5030443668365479
1.4733136892318726 1.5144071578979492
1.4732904434204102 1.5043020248413086
1.473383903503418 1.4999374151229858
1.4734081029891968 1.5100165605545044
1.4732835292816162 1.5062835216522217
1.4732763767242432 1.501118779182434
1.4732625484466553 1.5032869577407837
1.4734145402908325 1.5097582340240479
1.473294734954834 1.5003260374069214
1.4733781814575195 1.5038447380065918
1.4733463525772095 1.5013713836669922
1.4732712507247925 1.5002247095108032
1.473276972770691 1.5033657550811768
1.4732855558395386 1.5006566047668457
1.4732753038406372 1.5024187564849854
1.4733372926712036 1.5039297342300415
1.4733508825302124 1.5029658079147339
1.4733898639678955 1.5075305700302124
1.4733284711837769 1.5015146732330322
1.4733374118804932 1.5081197023391724
1.4733294248580933 1.506888508796692
1.4733151197433472 1.5027683973312378
1.4733489751815796 1.5064252614974976
1.47340726852417 1.5049933195114136
1.4732160568237305 1.510849952697754
1.473278522491455 1.5116541385650635
1.4732205867767334 1.5025615692138672
1.4731965065002441 1.5010244846343994
1.4732142686843872 1.500972032546997
1.473145842552185 1.5068610906600952
1.4531692266464233 1.4752000570297241
1.4382779598236084 1.4652777910232544
1.430562138557434 1.4697993993759155
1.4259300231933594 1.44839346408844
1.4177991151809692 1.4462189674377441
1.4111405611038208 1.4357061386108398
1.4054169654846191 1.4345353841781616
1.3974823951721191 1.4228432178497314
1.3904681205749512 1.412428379058838
1.3852640390396118 1.4191927909851074
1.3829587697982788 1.4116835594177246
1.3794313669204712 1.405519962310791
1.3736580610275269 1.3940098285675049
1.3636924028396606 1.387702226638794
1.351470947265625 1.3740545511245728
1.2265808582305908 1.1190868616104126
1.0453145503997803 1.0102671384811401
0.9746337532997131 0.9571269154548645
0.9342709183692932 0.9442245960235596
0.9125795960426331 0.9199987649917603
0.8947432041168213 0.8989219069480896
0.8809033036231995 0.9145113825798035
0.8583987355232239 0.8532377481460571
0.8238407373428345 0.8158236742019653
0.7846425175666809 0.7703395485877991
0.7507456541061401 0.7316361665725708
0.7079825401306152 0.7012423276901245
0.6725226640701294 0.6681878566741943
0.6451582908630371 0.6378938555717468
0.6174075603485107 0.6044536232948303
0.5876132249832153 0.5782541036605835
0.564145565032959 0.5735996961593628
0.5315496325492859 0.5266293883323669
0.49473392963409424 0.46963784098625183
0.4517793655395508 0.44129377603530884
0.42457303404808044 0.4164828062057495
0.4039633274078369 0.4408737123012543
0.3879532814025879 0.4001527726650238
0.3778599202632904 0.3762712776660919
0.3689160645008087 0.3699209988117218
0.36126387119293213 0.3675859868526459
0.35508573055267334 0.35542699694633484
0.35043150186538696 0.35264670848846436
0.34609055519104004 0.3470180630683899
0.34249046444892883 0.35360556840896606
0.3388836085796356 0.3417603373527527
0.33554747700691223 0.34813305735588074
0.3324613869190216 0.3441484570503235
0.3312571048736572 0.33536186814308167
0.3282052278518677 0.33258056640625
0.3265702426433563 0.33740314841270447
0.32569417357444763 0.32484161853790283
0.3237954378128052 0.32411882281303406
0.3211282193660736 0.32083386182785034
0.3202700912952423 0.32317957282066345
0.3186452388763428 0.31745147705078125
0.3158203661441803 0.3249645531177521
0.31588244438171387 0.31978318095207214
0.3146402835845947 0.347013384103775
0.31346213817596436 0.32051146030426025
0.31166282296180725 0.31802046298980713
0.31096887588500977 0.3133525550365448
0.3102094829082489 0.31456586718559265
0.3088265061378479 0.31440743803977966
0.30791714787483215 0.31001439690589905
0.3064741790294647 0.31583327054977417
0.30656570196151733 0.32601460814476013
0.30471494793891907 0.32783934473991394
0.3046363592147827 0.3148435950279236
0.3034028708934784 0.3175095319747925
0.3036189079284668 0.3139895796775818
0.3028313219547272 0.33216941356658936
0.3019437789916992 0.30605873465538025
0.30148598551750183 0.3031948208808899
0.3010033965110779 0.30888116359710693
0.30151718854904175 0.30161720514297485
0.3011123239994049 0.30047303438186646
0.29936498403549194 0.3337641954421997
0.29911109805107117 0.31705477833747864
0.29903510212898254 0.31685611605644226
0.2984952926635742 0.3044334352016449
0.29738980531692505 0.30086052417755127
0.2969179153442383 0.3132363259792328
0.29711198806762695 0.29957491159439087
0.2961576581001282 0.30026379227638245
0.2955402731895447 0.3024969696998596
0.29597556591033936 0.306033194065094
0.29482632875442505 0.30556222796440125
0.29391157627105713 0.30002012848854065
0.2937478721141815 0.3150823712348938
0.2931331396102905 0.2972976565361023
0.2929428517818451 0.3102307617664337
0.29322341084480286 0.3011453151702881
0.29271596670150757 0.302072674036026
0.29133087396621704 0.29671525955200195
0.29194605350494385 0.2916984558105469
0.2916865646839142 0.3007549047470093
0.29106295108795166 0.29745155572891235
0.2904761731624603 0.32168665528297424
0.2901966869831085 0.3002248704433441
0.28988316655158997 0.29352277517318726
0.28994089365005493 0.29896363615989685
0.2891060709953308 0.30025163292884827
0.2896471321582794 0.29678890109062195
0.28900209069252014 0.3032739758491516
0.2888351082801819 0.2974637448787689
0.2884536385536194 0.2898181676864624
0.28814366459846497 0.2965923249721527
0.28755220770835876 0.3091179132461548
0.2877598702907562 0.2991262376308441
0.28745323419570923 0.2923920750617981
0.28752875328063965 0.29337260127067566
0.2875162661075592 0.3277110457420349
0.2870517075061798 0.29125306010246277
0.28588253259658813 0.3036656975746155
0.2865195572376251 0.2972872257232666
0.2867067754268646 0.29209771752357483
0.2860277593135834 0.30768677592277527
0.28573158383369446 0.29014039039611816
0.2855343222618103 0.30501413345336914
0.28557953238487244 0.2930884063243866
0.28560176491737366 0.28987815976142883
0.28579550981521606 0.30078431963920593
0.2855316996574402 0.297976553440094
0.2856559455394745 0.292659193277359
0.284842848777771 0.3004646897315979
0.28470611572265625 0.29036203026771545
0.2848004996776581 0.29160037636756897
0.2846726179122925 0.30309590697288513
0.2841530442237854 0.30228081345558167
0.2841774523258209 0.2892732620239258
0.2845704257488251 0.2901288866996765
0.2832089066505432 0.28910818696022034
0.2827626168727875 0.29440543055534363
0.28293976187705994 0.2884540855884552
0.28253769874572754 0.28700724244117737
0.28226983547210693 0.29561567306518555
0.2824566960334778 0.2921154797077179
0.2829384505748749 0.28584063053131104
0.28214794397354126 0.285806804895401
0.28227657079696655 0.29398927092552185
0.28248661756515503 0.28706032037734985
0.282041072845459 0.295540452003479
0.28173041343688965 0.2838442623615265
0.28185081481933594 0.3010486960411072
0.28174421191215515 0.2952606678009033
0.2811088562011719 0.29551711678504944
0.28220173716545105 0.28504088521003723
0.281332790851593 0.294146329164505
0.2813168168067932 0.295030415058136
0.28065624833106995 0.2921385169029236
0.281716525554657 0.2930716276168823
0.2809886336326599 0.2916165590286255
0.28104186058044434 0.30562663078308105
0.2810244858264923 0.28681012988090515
0.28098851442337036 0.2859915494918823
0.2807824909687042 0.28867796063423157
0.28064921498298645 0.29333198070526123
0.2805275321006775 0.2947949171066284
0.2807473838329315 0.29155242443084717
0.2802581191062927 0.2925473749637604
0.2810599207878113 0.2917126417160034
0.2807372212409973 0.28207433223724365
0.27977702021598816 0.2879151701927185
0.2800144851207733 0.28600892424583435
0.280107319355011 0.2878388464450836
0.2788596749305725 0.28366973996162415
0.27944251894950867 0.29254844784736633
0.279492050409317 0.28382188081741333
0.2792576849460602 0.2868753969669342
0.27917101979255676 0.2887604832649231
0.2795718312263489 0.28921523690223694
0.278365820646286 0.29191866517066956
0.27933844923973083 0.29423269629478455
0.2795105576515198 0.28539150953292847
0.2788534164428711 0.2827523350715637
0.2783457040786743 0.2955515384674072
0.2786169648170471 0.28167498111724854
0.2783844470977783 0.2841269373893738
0.27835845947265625 0.2879403233528137
0.2785312235355377 0.2830979526042938
0.2788803279399872 0.285190224647522
0.2785719931125641 0.28460609912872314
0.278565913438797 0.2920246422290802
0.2791140675544739 0.2887820303440094
0.2781873941421509 0.2844436466693878
0.2776983082294464 0.29389724135398865
0.27812424302101135 0.2927026152610779
0.2777923345565796 0.28577283024787903
0.27813926339149475 0.2966788411140442
0.27739232778549194 0.2822948694229126
0.2778640687465668 0.2868933379650116
0.2773282527923584 0.28438952565193176
0.2771688401699066 0.28787320852279663
0.27793222665786743 0.28192442655563354
0.27762213349342346 0.28466248512268066
0.2774549126625061 0.28336381912231445
0.2778521478176117 0.2842589318752289
0.2770094573497772 0.28949156403541565
0.27684417366981506 0.2882799506187439
0.27640867233276367 0.28553396463394165
0.27637913823127747 0.28126025199890137
0.2771824300289154 0.2870485782623291
0.2770596146583557 0.2936924993991852
0.2764173448085785 0.28358808159828186
0.2765243947505951 0.28160402178764343
0.27605146169662476 0.28806328773498535
0.27602246403694153 0.28423452377319336
0.2766914665699005 0.2866862416267395
0.2763722836971283 0.281114786863327
0.27615541219711304 0.30029600858688354
0.2761654853820801 0.2825830578804016
0.2762705981731415 0.2849714159965515
0.27577531337738037 0.2838282883167267
0.27587875723838806 0.28738030791282654
0.2757430970668793 0.28301766514778137
0.2755332887172699 0.2967982590198517
0.2760188579559326 0.28465020656585693
0.2760029733181 0.2979162633419037
0.27555423974990845 0.2850133776664734
0.27553683519363403 0.28675639629364014
0.27525773644447327 0.2902030050754547
0.27566224336624146 0.2848934233188629
0.27594560384750366 0.2922195494174957
0.27534642815589905 0.2807040810585022
0.27534905076026917 0.2928788959980011
0.275415301322937 0.2852392792701721
0.2756883203983307 0.29779893159866333
0.2756505012512207 0.2899264395236969
0.27482640743255615 0.28493842482566833
0.2755189836025238 0.2828170359134674
0.2753983438014984 0.28457963466644287
0.2748655080795288 0.2969062030315399
0.27471163868904114 0.2821708917617798
0.2748023569583893 0.2854168117046356
0.2744671702384949 0.29047921299934387
0.2741096019744873 0.2803415358066559
0.27386242151260376 0.2851774990558624
0.2739475667476654 0.2860845625400543
0.27400466799736023 0.28641068935394287
0.2741984724998474 0.2866491973400116
0.2740592062473297 0.2883839011192322
0.2736290991306305 0.2855955958366394
0.2740095853805542 0.2844870984554291
0.2739439904689789 0.28238919377326965
0.2741336226463318 0.2858419120311737
0.27377018332481384 0.2838590145111084
0.27359092235565186 0.28068387508392334
0.2740393579006195 0.28322505950927734
0.273504376411438 0.2930901348590851
0.27407974004745483 0.28705692291259766
0.273762047290802 0.282320111989975
0.2733154594898224 0.28438058495521545
0.27329620718955994 0.2802917957305908
0.27388960123062134 0.28099074959754944
0.2736142873764038 0.28692805767059326
0.2728751301765442 0.29058754444122314
0.2732415497303009 0.28249073028564453
0.27323484420776367 0.28961411118507385
0.27319300174713135 0.28088343143463135
0.2731095850467682 0.2804262042045593
0.2727034091949463 0.2859537899494171
0.2735379934310913 0.2817956209182739
0.27269670367240906 0.281605988740921
0.2730644941329956 0.2815718352794647
0.2728823721408844 0.2825460135936737
0.27218231558799744 0.28693121671676636
0.272117018699646 0.27811500430107117
0.27265164256095886 0.2814044952392578
0.27283647656440735 0.28627148270606995
0.2721728980541229 0.29157060384750366
0.271860271692276 0.2812950015068054
0.27212539315223694 0.2781197726726532
0.27196836471557617 0.2845250964164734
0.2726301848888397 0.2792968451976776
0.2724819481372833 0.2852420508861542
0.2719968855381012 0.2998356223106384
0.2720974087715149 0.28066933155059814
0.2716943919658661 0.28865301609039307
0.2717673182487488 0.2842322885990143
0.27230051159858704 0.28004705905914307
0.2719991207122803 0.2800598442554474
0.27217110991477966 0.2964082956314087
0.27198919653892517 0.2892155349254608
0.27187442779541016 0.28227540850639343
0.2715228497982025 0.28276851773262024
0.2718713581562042 0.2929929792881012
0.2719937264919281 0.2850319743156433
0.27166831493377686 0.2828451991081238
0.2715121805667877 0.2841683328151703
0.27176252007484436 0.2886185348033905
0.2718789577484131 0.28194570541381836
0.27135220170021057 0.27953818440437317
0.27134689688682556 0.2812488377094269
0.27119579911231995 0.29740625619888306
0.2713603973388672 0.28172528743743896
0.27161505818367004 0.2789090871810913
0.27115869522094727 0.27663567662239075
0.2714219093322754 0.28169775009155273
0.2710624933242798 0.28625255823135376
0.27120286226272583 0.28630974888801575
0.27070897817611694 0.2773962914943695
0.270727276802063 0.2795570492744446
0.2707490622997284 0.28038784861564636
0.2709927558898926 0.27826613187789917
0.2708163261413574 0.2891790270805359
0.2705724239349365 0.27770403027534485
0.27073779702186584 0.29045313596725464
0.27046868205070496 0.2782398760318756
0.27090293169021606 0.28556129336357117
0.2704146206378937 0.2832074463367462
0.27005016803741455 0.27894288301467896
0.27079078555107117 0.29271671175956726
0.2708633244037628 0.27759772539138794
0.2700014114379883 0.2793753147125244
0.2702275216579437 0.28482985496520996
0.27027177810668945 0.2820986807346344
0.2698725461959839 0.2772762179374695
0.2702694833278656 0.28431108593940735
0.27016037702560425 0.28874364495277405
0.27016788721084595 0.27589669823646545
0.2700692117214203 0.28671538829803467
0.2706713378429413 0.28212329745292664
0.2703861892223358 0.27836138010025024
0.2696322798728943 0.28204309940338135
0.27042922377586365 0.28270453214645386
0.2698151469230652 0.2889302670955658
0.27005988359451294 0.2840622365474701
0.2700849771499634 0.28216084837913513
0.2702704071998596 0.28468087315559387
0.26937901973724365 0.284113347530365
0.2699044346809387 0.2821255922317505
0.2694642245769501 0.28504589200019836
0.26958340406417847 0.28821927309036255
0.2693307399749756 0.28032422065734863
0.26916009187698364 0.28520897030830383
0.2697073817253113 0.28134360909461975
0.269547700881958 0.28748923540115356
0.2692515552043915 0.2849814295768738
0.26867061853408813 0.28536880016326904
0.26932546496391296 0.2956891357898712
0.26921454071998596 0.28046420216560364
0.26911988854408264 0.29314470291137695
0.26905903220176697 0.28606024384498596
0.2687992751598358 0.27973052859306335
0.26894840598106384 0.2776922583580017
0.26911163330078125 0.2794705629348755
0.26914405822753906 0.28622451424598694
0.2686654329299927 0.2973359227180481
0.26908236742019653 0.282284140586853
0.2690240740776062 0.2787114083766937
0.2689836919307709 0.2784042954444885
0.2685575783252716 0.2893873155117035
0.2692398726940155 0.3009248673915863
0.2682758569717407 0.2879294157028198
0.2692030966281891 0.2811838686466217
0.26853111386299133 0.2791246473789215
0.2681291401386261 0.2800021469593048
0.2686460614204407 0.27709338068962097
0.26831525564193726 0.2767108976840973
0.26919472217559814 0.2788546085357666
0.26850780844688416 0.2789478898048401
0.2689433693885803 0.2798050045967102
0.26866117119789124 0.278867244720459
0.26867398619651794 0.2795777916908264
0.2682420611381531 0.2787511944770813
0.26826536655426025 0.2789744436740875
0.2684195041656494 0.28179800510406494
0.2682306170463562 0.2804354429244995
0.26816466450691223 0.2882086932659149
0.26781612634658813 0.2784474790096283
0.26783889532089233 0.2832794487476349
0.2683020532131195 0.28019019961357117
0.2681839168071747 0.2817951738834381
0.2675550878047943 0.2769835889339447
0.2675716280937195 0.27630364894866943
0.2677575945854187 0.2784727215766907
0.2677631080150604 0.27887654304504395
0.2677904963493347 0.2839481234550476
0.2680734097957611 0.27738890051841736
0.2674803137779236 0.277694970369339
0.2680085301399231 0.2804446816444397
0.26780080795288086 0.2786191701889038
0.2672990560531616 0.28092527389526367
0.2676025927066803 0.2810988426208496
0.26766735315322876 0.27926918864250183
0.2675304114818573 0.2978713810443878
0.26765358448028564 0.2830396294593811
0.2676530182361603 0.2760795056819916
0.2673823833465576 0.28200364112854004
0.26737380027770996 0.27615445852279663
0.26756274700164795 0.283627450466156
0.26716238260269165 0.27496469020843506
0.2672521770000458 0.2825266420841217
0.2675187587738037 0.2788237929344177
0.267108291387558 0.2836191952228546
0.2669764757156372 0.276511013507843
0.26717767119407654 0.27672988176345825
0.26732179522514343 0.27971339225769043
0.267294704914093 0.28024226427078247
0.2670868933200836 0.27538907527923584
0.2670214772224426 0.2792123258113861
0.266431987285614 0.28074172139167786
0.26654770970344543 0.27988776564598083
0.26669612526893616 0.2803979516029358
0.2669174373149872 0.2825940251350403
0.2664528489112854 0.27784815430641174
0.2667037844657898 0.2759031355381012
0.2662885785102844 0.27489185333251953
0.26665353775024414 0.27852821350097656
0.2668452858924866 0.27958428859710693
0.26664814352989197 0.2770237326622009
0.26654383540153503 0.2847934067249298
0.26610657572746277 0.2788476347923279
0.2666679918766022 0.27608203887939453
0.26663362979888916 0.280955046415329
0.2663459777832031 0.2760300040245056
0.26632511615753174 0.27664098143577576
0.26646092534065247 0.2783355116844177
0.2664121687412262 0.27858126163482666
0.26609882712364197 0.27611902356147766
0.2663165330886841 0.2784338593482971
0.2667008638381958 0.27460217475891113
0.26582539081573486 0.2784905731678009
0.26637572050094604 0.2777659296989441
0.26649606227874756 0.27580350637435913
0.26650339365005493 0.2812170386314392
0.26618900895118713 0.27604296803474426
0.2662999629974365 0.2794030010700226
0.2662530541419983 0.2764880955219269
0.2664480209350586 0.2865932285785675
0.26592302322387695 0.2767082154750824
0.2664124369621277 0.28567439317703247
0.26648083329200745 0.27550631761550903
0.2655138373374939 0.2823457717895508
0.2661787271499634 0.27939897775650024
0.26544222235679626 0.2752058207988739
0.26586851477622986 0.2820577919483185
0.2654520273208618 0.276755154132843
0.2658006250858307 0.2757670283317566
0.26592808961868286 0.27704179286956787
0.26549896597862244 0.2747437357902527
0.2651972770690918 0.28257349133491516
0.26586106419563293 0.27808821201324463
0.26574787497520447 0.27581045031547546
0.2650381326675415 0.27579575777053833
0.26563993096351624 0.2768004238605499
0.2653805613517761 0.27812114357948303
0.26535460352897644 0.27864915132522583
0.2656041085720062 0.2830915153026581
0.26562774181365967 0.27875691652297974
0.26533401012420654 0.28422194719314575
0.26570332050323486 0.28401103615760803
0.2654086947441101 0.2827165424823761
0.26511111855506897 0.28273922204971313
0.2657330632209778 0.29058292508125305
0.26587435603141785 0.28012582659721375
0.2654932737350464 0.27596792578697205
0.26527655124664307 0.27610182762145996
0.26514384150505066 0.27489304542541504
0.26519522070884705 0.2806451618671417
0.2654411196708679 0.279141366481781
0.26578256487846375 0.27837127447128296
0.26490411162376404 0.27443525195121765
0.2654148042201996 0.28114601969718933
0.2648945152759552 0.27735671401023865
0.26554471254348755 0.27521026134490967
0.26475149393081665 0.27498921751976013
0.2650074362754822 0.27730894088745117
0.2649359703063965 0.28890976309776306
0.2648726999759674 0.27532681822776794
0.26481980085372925 0.27636754512786865
0.26474443078041077 0.28584080934524536
0.26441383361816406 0.2848230302333832
0.26499465107917786 0.2770136594772339
0.2647688090801239 0.2790156900882721
0.2647066116333008 0.2791751027107239
0.2649223208427429 0.2763928472995758
0.2646680474281311 0.27593836188316345
0.2646915316581726 0.27778640389442444
0.2642568051815033 0.282707542181015
0.2649679481983185 0.2776051461696625
0.26446810364723206 0.2749777138233185
0.26489007472991943 0.277258962392807
0.26442232728004456 0.27812355756759644
0.26453661918640137 0.27811968326568604
0.26486483216285706 0.2759619653224945
0.2645460367202759 0.28546515107154846
0.2648897171020508 0.275763601064682
0.2644573152065277 0.2748291492462158
0.2648216187953949 0.27917325496673584
0.26414167881011963 0.27719682455062866
0.2645564079284668 0.2752685248851776
0.26421695947647095 0.27859506011009216
0.26436981558799744 0.2820020616054535
0.2643493115901947 0.278107613325119
0.26457613706588745 0.2769882082939148
0.2641463875770569 0.27965521812438965
0.2640514671802521 0.27705714106559753
0.2645077705383301 0.27611085772514343
0.2641375958919525 0.27685660123825073
0.2642834782600403 0.2798765003681183
0.2640300691127777 0.27685263752937317
0.264112651348114 0.276178240776062
0.26413676142692566 0.2750174105167389
0.2636558711528778 0.27836406230926514
0.2636178135871887 0.2928537428379059
0.2639428675174713 0.2752869725227356
0.2639186680316925 0.2821265757083893
0.2636600136756897 0.2748035192489624
0.26414239406585693 0.27549898624420166
0.263653039932251 0.2802767753601074
0.2635493576526642 0.27470386028289795
0.26408982276916504 0.27360737323760986
0.26403990387916565 0.2840408980846405
0.2638842463493347 0.27535781264305115
0.2636641561985016 0.2807844281196594
0.2639541029930115 0.2787259519100189
0.26381972432136536 0.28128817677497864
0.2638271450996399 0.2762209475040436
0.2636626064777374 0.27804097533226013
0.2636176347732544 0.2750106453895569
0.2635588049888611 0.2759028971195221
0.26345351338386536 0.27602165937423706
0.2637568712234497 0.27641409635543823
0.2637375593185425 0.27565136551856995
0.263771653175354 0.27462196350097656
0.26331818103790283 0.2758973240852356
0.2634091377258301 0.27493008971214294
0.2637675702571869 0.2779538631439209
0.2635938227176666 0.27591896057128906
0.2636864185333252 0.2775042653083801
0.26346316933631897 0.27512550354003906
0.2637619376182556 0.2744101285934448
0.26347801089286804 0.27762117981910706
0.2635442912578583 0.27734509110450745
0.26316022872924805 0.28497639298439026
0.26342102885246277 0.27599725127220154
0.26323777437210083 0.28952232003211975
0.2629910707473755 0.2772611975669861
0.2631097733974457 0.2788933217525482
0.26283377408981323 0.2828495502471924
0.2631603181362152 0.2757638990879059
0.2630677819252014 0.2771889269351959
0.26318150758743286 0.27505218982696533
0.2630263864994049 0.27601295709609985
0.26268136501312256 0.28024983406066895
0.2630218267440796 0.2814032733440399
0.2633163630962372 0.2780182957649231
0.263249009847641 0.2763158082962036
0.2629449963569641 0.27693095803260803
0.26323163509368896 0.27664825320243835
0.26310214400291443 0.2787844240665436
0.2629013955593109 0.2780137360095978
0.26297152042388916 0.2760607600212097
0.2628839612007141 0.28308969736099243
0.2627655863761902 0.2766459286212921
0.2626420259475708 0.2862185537815094
0.2626742422580719 0.27836495637893677
0.2629811763763428 0.27797743678092957
0.2629069685935974 0.28255507349967957
0.26284271478652954 0.27559220790863037
0.2629142105579376 0.27514031529426575
0.2626706063747406 0.27741992473602295
0.26246377825737 0.2739684581756592
0.2629973292350769 0.2753593623638153
0.26248547434806824 0.2779240012168884
0.26265597343444824 0.2776626944541931
0.26268917322158813 0.2749433219432831
0.2625274658203125 0.276287317276001
0.2621784508228302 0.27493178844451904
0.2624828815460205 0.2762115001678467
0.26215288043022156 0.2786601781845093
0.26222118735313416 0.28798049688339233
0.2620714604854584 0.28331848978996277
0.2624093294143677 0.2771754860877991
0.26250919699668884 0.27500295639038086
0.2627662718296051 0.2752372622489929
0.26223888993263245 0.2778826057910919
0.26229918003082275 0.27586629986763
0.26228082180023193 0.2767777442932129
0.2621687948703766 0.2782520353794098
0.2621960937976837 0.275148868560791
0.2622305452823639 0.2761206328868866
0.2623234689235687 0.2770315408706665
0.2620759904384613 0.2818242311477661
0.2623042166233063 0.2760665714740753
0.2618146240711212 0.2742534577846527
0.26232069730758667 0.27580997347831726
0.2621369957923889 0.27334877848625183
0.26235413551330566 0.27730506658554077
0.2620322108268738 0.27559176087379456
0.2619660794734955 0.2797185182571411
0.26237303018569946 0.27374985814094543
0.2618759870529175 0.2756693959236145
0.26206499338150024 0.280884325504303
0.2623440623283386 0.2774142622947693
0.26211124658584595 0.2785836160182953
0.261829137802124 0.27419930696487427
0.26208260655403137 0.2777065932750702
0.26193949580192566 0.27767080068588257
0.2617207169532776 0.27324485778808594
0.26203617453575134 0.27919793128967285
0.26146307587623596 0.28502801060676575
0.2615775763988495 0.2760995626449585
0.26157477498054504 0.2811504900455475
0.26156333088874817 0.2737616002559662
0.2614032030105591 0.2751692235469818
0.26167336106300354 0.2773735225200653
0.26159584522247314 0.27323758602142334
0.2617453932762146 0.2768764793872833
0.2618660628795624 0.2774512469768524
0.2615358531475067 0.27837127447128296
0.2614222466945648 0.2754252552986145
0.26173269748687744 0.2815548777580261
0.261385440826416 0.27794960141181946
0.26155924797058105 0.2746334969997406
0.2613253593444824 0.2767249643802643
0.26165419816970825 0.2824034094810486
0.2614082992076874 0.280015230178833
0.26164868474006653 0.27444595098495483
0.26151347160339355 0.2754262685775757
0.2615940570831299 0.2765929698944092
0.26112326979637146 0.2776528000831604
0.2614973485469818 0.28225743770599365
0.2611783444881439 0.27483439445495605
0.2615666687488556 0.27410221099853516
0.2610486149787903 0.27617356181144714
0.2611315846443176 0.2740563452243805
