1.5010768175125122 1.5083701610565186
1.4818716049194336 1.5019923448562622
1.4794666767120361 1.5174165964126587
1.4324839115142822 1.1167558431625366
0.9044848084449768 0.8576809167861938
0.7842202186584473 0.772162675857544
0.7371780276298523 0.722663164138794
0.7118781208992004 0.6812679171562195
0.6903725266456604 0.6863786578178406
0.6723597049713135 0.6420918107032776
0.6527693867683411 0.6514369249343872
0.624900221824646 0.5815331935882568
0.5904332995414734 0.5827312469482422
0.562763512134552 0.6473032832145691
0.5442260503768921 0.5112847685813904
0.5244881510734558 0.525148332118988
0.5086631774902344 0.4935784637928009
0.4956791400909424 0.47296783328056335
0.48488694429397583 0.4851376414299011
0.4754961133003235 0.4654358923435211
0.4682357907295227 0.45511937141418457
0.46360355615615845 0.4511757791042328
0.45983976125717163 0.46463295817375183
0.4527733325958252 0.4931059777736664
0.4527353048324585 0.45007625222206116
0.44657063484191895 0.42478927969932556
0.44478467106819153 0.4735034108161926
0.4427087903022766 0.47868701815605164
0.4419795870780945 0.43488258123397827
0.43546101450920105 0.4329874515533447
0.4337793290615082 0.43554121255874634
0.4353908896446228 0.4128466844558716
0.4300357699394226 0.4132440686225891
0.4273991584777832 0.5525244474411011
0.4257671535015106 0.4291973412036896
0.42428553104400635 0.44329455494880676
0.4251652956008911 0.4080107510089874
0.4193262755870819 0.430131196975708
0.42312708497047424 0.4764212369918823
0.42242497205734253 0.41137903928756714
0.41691455245018005 0.4183797836303711
0.41621488332748413 0.4082556962966919
0.4151548743247986 0.4010782837867737
0.41221389174461365 0.4001349210739136
0.41227415204048157 0.4134806990623474
0.4120125472545624 0.40874677896499634
0.4132434129714966 0.4207572340965271
0.41051986813545227 0.4340778589248657
0.40935444831848145 0.40921351313591003
0.4081965386867523 0.4710116982460022
0.4084749221801758 0.41853299736976624
0.40866997838020325 0.3903517723083496
0.4086105525493622 0.4019279181957245
0.4061609208583832 0.43372786045074463
0.40659254789352417 0.4039778709411621
0.4062468707561493 0.4000771939754486
0.40346860885620117 0.3891153037548065
0.4039829969406128 0.38568753004074097
0.4036911725997925 0.41607797145843506
0.4032573699951172 0.4273863434791565
0.4007264971733093 0.422688364982605
0.40507665276527405 0.41250696778297424
0.3981685936450958 0.41272181272506714
0.40262141823768616 0.43451958894729614
0.401458740234375 0.40484675765037537
0.399137020111084 0.3908921182155609
0.39882105588912964 0.404245525598526
0.3997564911842346 0.39574259519577026
0.39589643478393555 0.41287222504615784
0.394784152507782 0.3994017243385315
0.39199382066726685 0.40577566623687744
0.39375174045562744 0.3887333571910858
0.39211317896842957 0.3822343349456787
0.39200517535209656 0.43483635783195496
0.3941151201725006 0.41480860114097595
0.39431971311569214 0.41174420714378357
0.39170706272125244 0.38587674498558044
0.39352959394454956 0.384024441242218
0.3929828107357025 0.3883049488067627
0.3913823068141937 0.3798235058784485
0.3910062611103058 0.42404359579086304
0.39065223932266235 0.3881075382232666
0.39178669452667236 0.39095714688301086
0.3894423246383667 0.4008568823337555
0.38992607593536377 0.40734875202178955
0.38848206400871277 0.37832289934158325
0.38937780261039734 0.37536293268203735
0.3888682425022125 0.3952624499797821
0.3848907947540283 0.3813595771789551
0.3910398483276367 0.37907931208610535
0.38768550753593445 0.37950626015663147
0.38876739144325256 0.39849454164505005
0.38731086254119873 0.397054523229599
0.38721367716789246 0.3998914957046509
0.3857489228248596 0.424022376537323
0.3876242935657501 0.38714054226875305
0.3845968246459961 0.4141390323638916
0.3865858018398285 0.39616215229034424
0.38542142510414124 0.3970460593700409
0.38488462567329407 0.4034329354763031
0.3849392235279083 0.4679151177406311
0.381497859954834 0.40189486742019653
0.3841111660003662 0.3753305971622467
0.3849785625934601 0.36939552426338196
0.383267343044281 0.44869664311408997
0.3822017312049866 0.4283345639705658
0.3813055455684662 0.37310099601745605
0.38321712613105774 0.3951183259487152
0.38134968280792236 0.37557560205459595
0.3811955749988556 0.40417754650115967
0.3821209669113159 0.38018766045570374
0.3789391815662384 0.37378472089767456
0.3809860944747925 0.37716707587242126
0.37955185770988464 0.38379618525505066
0.3823024332523346 0.4026523530483246
0.37849855422973633 0.3757118582725525
0.37867972254753113 0.377584308385849
0.37858229875564575 0.3809845745563507
0.3785566985607147 0.37460723519325256
0.38069087266921997 0.37383779883384705
0.37812238931655884 0.4918920695781708
0.3829268515110016 0.3837106227874756
0.37633535265922546 0.36972007155418396
0.37995943427085876 0.3824147582054138
0.3770090937614441 0.4148930609226227
0.3794557452201843 0.3903680145740509
0.3786858916282654 0.37846839427948
0.3774467706680298 0.36516085267066956
0.3757801651954651 0.38992732763290405
0.376758873462677 0.3705444931983948
0.37743690609931946 0.37602654099464417
0.378805011510849 0.37288346886634827
0.37471404671669006 0.4138992130756378
0.37659743428230286 0.3685012757778168
0.3774109482765198 0.3987392485141754
0.37453216314315796 0.36949247121810913
0.3763149380683899 0.37584564089775085
0.37569838762283325 0.38272255659103394
0.37297266721725464 0.3695312440395355
0.37472251057624817 0.3758991062641144
0.3737209737300873 0.3710690438747406
0.37448233366012573 0.3860958218574524
0.37076374888420105 0.44878166913986206
0.37205496430397034 0.3959202468395233
0.3723421096801758 0.398395836353302
0.3712673783302307 0.37106406688690186
0.3709465265274048 0.4427163302898407
0.3713511526584625 0.3958260118961334
0.3713417649269104 0.386822372674942
0.37025365233421326 0.385685533285141
0.3930465877056122 0.3621499538421631
0.3714492917060852 0.38333162665367126
0.36943545937538147 0.36841779947280884
0.36988434195518494 0.3626124858856201
0.3719702661037445 0.38278380036354065
0.3710291385650635 0.3600834012031555
0.3688136041164398 0.402886301279068
0.370748907327652 0.3882412910461426
0.37065261602401733 0.36911147832870483
0.37066105008125305 0.37307193875312805
0.36980366706848145 0.390338659286499
0.3678657114505768 0.40108996629714966
0.36831921339035034 0.3710092604160309
0.3689350187778473 0.366923063993454
0.3691389560699463 0.3593737781047821
0.36914950609207153 0.38838958740234375
0.3667839765548706 0.3676656484603882
0.36966532468795776 0.36809638142585754
0.367353230714798 0.35643094778060913
0.3680439293384552 0.36821332573890686
0.3657810091972351 0.3704981803894043
0.3681049942970276 0.3768797516822815
0.3673737347126007 0.3642665445804596
0.36564093828201294 0.42710503935813904
0.3664151132106781 0.3675014078617096
0.3665704131126404 0.36667728424072266
0.3682703673839569 0.3834167718887329
0.3657585680484772 0.3570365011692047
0.367214560508728 0.36917921900749207
0.3660658597946167 0.3846486508846283
0.3660076856613159 0.4708995521068573
0.367183119058609 0.3570667505264282
0.36473897099494934 0.3868587911128998
0.3665372133255005 0.3685130476951599
0.3655988872051239 0.3585894703865051
0.3663412928581238 0.36436542868614197
0.3656993508338928 0.3711799681186676
0.36267974972724915 0.3635193705558777
0.3638834059238434 0.36043792963027954
0.36517971754074097 0.3790522813796997
0.3642418384552002 0.37537986040115356
0.3638610541820526 0.3707737326622009
0.363808810710907 0.3639715313911438
0.3651232123374939 0.37629324197769165
0.36321547627449036 0.3904610872268677
0.3626902103424072 0.38792675733566284
0.36351537704467773 0.35844138264656067
0.3635028004646301 0.3724501430988312
0.36450672149658203 0.35770830512046814
0.362817645072937 0.36021116375923157
0.3651264011859894 0.3836192488670349
0.3632756769657135 0.3616779148578644
0.36148229241371155 0.3665647804737091
0.36161696910858154 0.4035760462284088
0.3631613552570343 0.36172953248023987
0.3622818887233734 0.3588453233242035
0.36141496896743774 0.36975735425949097
0.36210697889328003 0.38137567043304443
0.3620617687702179 0.39608749747276306
0.3601248562335968 0.3566795885562897
0.36013391613960266 0.355691134929657
0.36172568798065186 0.37612900137901306
0.36133435368537903 0.35832780599594116
0.36020490527153015 0.4033086597919464
0.361278772354126 0.3564905822277069
0.3619668781757355 0.39133381843566895
0.36121079325675964 0.3644121289253235
0.3595319092273712 0.37110036611557007
0.36097633838653564 0.362120121717453
0.3620167374610901 0.3609263598918915
0.35920751094818115 0.3654637038707733
0.35992300510406494 0.3830159902572632
0.3599107265472412 0.40069255232810974
0.36176928877830505 0.3815525472164154
0.3589802086353302 0.36187943816185
0.36006057262420654 0.39698806405067444
0.35876357555389404 0.38029614090919495
0.3604241609573364 0.36250945925712585
0.36016058921813965 0.35481786727905273
0.3592515289783478 0.3698139488697052
0.3601209819316864 0.35738539695739746
0.3590218126773834 0.35599273443222046
0.3605198562145233 0.3714545965194702
0.359805166721344 0.3581114709377289
0.36050620675086975 0.3666384816169739
0.35840412974357605 0.35384854674339294
0.3597038686275482 0.39509379863739014
0.360227108001709 0.3677806258201599
0.35874295234680176 0.3636714220046997
0.3580423593521118 0.35954147577285767
0.35876670479774475 0.37851545214653015
0.35767021775245667 0.353720098733902
0.3581406772136688 0.35804715752601624
0.3583519756793976 0.35460931062698364
0.3583396077156067 0.36183658242225647
0.3582713305950165 0.378560870885849
0.3589133322238922 0.3771699070930481
0.35848569869995117 0.38714566826820374
0.3593434989452362 0.3638482689857483
0.3570725619792938 0.39678865671157837
0.36007580161094666 0.36322304606437683
0.35760799050331116 0.37519052624702454
0.35732170939445496 0.36979252099990845
0.3580854833126068 0.3578367233276367
0.3578227460384369 0.3619655668735504
0.35688239336013794 0.35161513090133667
0.35804474353790283 0.36956730484962463
0.35671210289001465 0.35438206791877747
0.3581998646259308 0.37519484758377075
0.35746636986732483 0.38623401522636414
0.356781005859375 0.354462593793869
0.3586145043373108 0.35425224900245667
0.3571275472640991 0.37842074036598206
0.35679203271865845 0.37818071246147156
0.35826316475868225 0.3628900945186615
0.3584888279438019 0.35772019624710083
0.35697343945503235 0.37895098328590393
0.3559945225715637 0.35464048385620117
0.35584959387779236 0.3763597905635834
0.3562610149383545 0.36375898122787476
0.3556365370750427 0.38133180141448975
0.3558647334575653 0.3654674291610718
0.3568641245365143 0.3586740493774414
0.35489025712013245 0.3601587116718292
0.35585567355155945 0.39791810512542725
0.35559648275375366 0.36125481128692627
0.3558441996574402 0.3779717981815338
0.355237752199173 0.35521194338798523
0.3556922376155853 0.38479915261268616
0.3563208281993866 0.3647215962409973
0.35504159331321716 0.36805522441864014
0.35537004470825195 0.36370858550071716
0.3547793924808502 0.3564407527446747
0.3554780185222626 0.36727285385131836
0.3541073203086853 0.3931598961353302
0.35514816641807556 0.35866764187812805
0.3552080988883972 0.37369072437286377
0.35465487837791443 0.35653233528137207
0.3535131514072418 0.35590502619743347
0.3542993664741516 0.35452350974082947
0.3544548749923706 0.35613366961479187
0.355813205242157 0.3884761333465576
0.35315394401550293 0.3685310184955597
0.3543144166469574 0.38471826910972595
0.3538612425327301 0.357414573431015
0.3540615439414978 0.3617681562900543
0.3545827865600586 0.365630179643631
0.35531124472618103 0.35309022665023804
0.35415971279144287 0.3551267385482788
0.3540513813495636 0.35317981243133545
0.35552307963371277 0.36077702045440674
0.3541279435157776 0.3726789951324463
0.35396721959114075 0.3527665436267853
0.3520374000072479 0.3714214861392975
0.35246148705482483 0.3578111529350281
0.35352715849876404 0.3899745047092438
0.35222992300987244 0.36232131719589233
0.35374319553375244 0.3621457815170288
0.3528215289115906 0.4019716680049896
0.3515627086162567 0.3681286573410034
0.3528120815753937 0.3539178967475891
0.3521754741668701 0.3529432713985443
0.3522956371307373 0.3621929883956909
0.3522363603115082 0.3834455609321594
0.3523915708065033 0.3708476722240448
0.35376429557800293 0.41319912672042847
0.35402652621269226 0.3609369993209839
0.3521861732006073 0.35870665311813354
0.3539470434188843 0.3821779787540436
0.3517385721206665 0.35875147581100464
0.353034108877182 0.35311564803123474
0.35161057114601135 0.3550354242324829
0.35147562623023987 0.36593097448349
0.3524727523326874 0.36179864406585693
0.35168150067329407 0.388961523771286
0.352721244096756 0.3550855815410614
0.35130199790000916 0.38752877712249756
0.3528479337692261 0.36358657479286194
0.35228580236434937 0.3546280562877655
0.351459801197052 0.3608328402042389
0.35087189078330994 0.3514954447746277
0.35062482953071594 0.353217214345932
0.35193687677383423 0.35706549882888794
0.35307782888412476 0.3649931848049164
0.3521670401096344 0.38364672660827637
0.3516327440738678 0.3699973225593567
0.3509477376937866 0.38638192415237427
0.35178864002227783 0.36897775530815125
0.35100486874580383 0.3631971776485443
0.35180360078811646 0.35604608058929443
0.35004499554634094 0.3544294238090515
0.35125094652175903 0.36124807596206665
0.3504316806793213 0.36327695846557617
0.35123735666275024 0.3542415201663971
0.35016924142837524 0.3524433970451355
0.3508033752441406 0.3612287938594818
0.3499499261379242 0.3711404800415039
0.35245072841644287 0.36227861046791077
0.3503340482711792 0.3710474669933319
0.35080912709236145 0.3569554090499878
0.3502989709377289 0.39530274271965027
0.351363867521286 0.3570634424686432
0.34976160526275635 0.35478389263153076
0.3501864969730377 0.3536233901977539
0.35040873289108276 0.36554253101348877
0.35019242763519287 0.35441166162490845
0.35038143396377563 0.3699628710746765
0.3498974144458771 0.3497826159000397
0.34920036792755127 0.3588981330394745
0.3500513434410095 0.39234426617622375
0.35011985898017883 0.35339590907096863
0.34970173239707947 0.3651222288608551
0.350198894739151 0.3495626449584961
0.34990233182907104 0.35698094964027405
0.3505221903324127 0.35824114084243774
0.34945932030677795 0.3564351499080658
0.3515605628490448 0.37463366985321045
0.34980326890945435 0.35256147384643555
0.3491678833961487 0.3505688011646271
0.35037606954574585 0.3524278402328491
0.34909990429878235 0.3615576922893524
0.3502451479434967 0.37113839387893677
0.34923407435417175 0.35449203848838806
0.34953391551971436 0.37799742817878723
0.3502589464187622 0.35761746764183044
0.349485844373703 0.36724168062210083
0.34950220584869385 0.35532012581825256
0.3488304615020752 0.35138800740242004
0.34893620014190674 0.35877928137779236
0.34915077686309814 0.35421204566955566
0.348331093788147 0.36707213521003723
0.34886375069618225 0.3617047369480133
0.48765483498573303 0.44118741154670715
0.43061530590057373 0.40825024247169495
0.41073909401893616 0.4040740132331848
0.39934226870536804 0.3858798146247864
0.39311566948890686 0.38460710644721985
0.3882737159729004 0.3866243064403534
0.38313373923301697 0.3940989077091217
0.3790040910243988 0.37744787335395813
0.3758458197116852 0.36624082922935486
0.3732263147830963 0.3959023654460907
0.3711700141429901 0.3753608465194702
0.3693561553955078 0.37628310918807983
0.36848464608192444 0.3766811490058899
0.3667912185192108 0.4000992774963379
0.3666437268257141 0.35993823409080505
0.36574670672416687 0.37044331431388855
0.3644380569458008 0.3682889938354492
0.3640037477016449 0.3663937449455261
0.36414581537246704 0.3654218912124634
0.3624439239501953 0.3545353412628174
0.3620404601097107 0.368648886680603
0.3615395128726959 0.35969963669776917
0.3598814308643341 0.3766169846057892
0.35928788781166077 0.3553514778614044
0.35974040627479553 0.3657846450805664
0.35854998230934143 0.362252801656723
0.3599216639995575 0.35710567235946655
0.3598199188709259 0.3686937093734741
0.3578668534755707 0.3705662488937378
0.3569978177547455 0.3621307909488678
0.3586627244949341 0.39247241616249084
0.3571624457836151 0.3636429011821747
0.35642343759536743 0.36320948600769043
0.35551291704177856 0.39714309573173523
0.35665464401245117 0.364377498626709
0.35586434602737427 0.3564291298389435
0.355108380317688 0.3611387610435486
0.356123149394989 0.3605799674987793
0.35551947355270386 0.3644939363002777
0.3547194004058838 0.35690489411354065
0.3543536067008972 0.3540433943271637
0.35347047448158264 0.35035446286201477
0.3539177477359772 0.35266217589378357
0.3540538251399994 0.3749970495700836
0.35417789220809937 0.36629292368888855
0.3541858196258545 0.3600863218307495
0.3543151617050171 0.3553469181060791
0.3528485596179962 0.4073927104473114
0.3535986542701721 0.36742186546325684
0.3528023958206177 0.3677784204483032
0.35276103019714355 0.37106338143348694
0.3519139587879181 0.3594260811805725
0.3512292206287384 0.35524672269821167
0.3526061773300171 0.3503781855106354
0.3517700433731079 0.34777626395225525
0.35119304060935974 0.36287757754325867
0.3515643775463104 0.34671011567115784
0.3525490462779999 0.35337018966674805
0.3513953387737274 0.35251519083976746
0.35091522336006165 0.3558688759803772
0.350278377532959 0.38447946310043335
0.3504217565059662 0.3519326448440552
0.35079437494277954 0.363454669713974
0.3500302731990814 0.35860851407051086
0.34995296597480774 0.3527431786060333
0.35052773356437683 0.36712294816970825
0.3495725095272064 0.36767271161079407
0.34960946440696716 0.34919676184654236
0.35045304894447327 0.35648277401924133
0.34937021136283875 0.38806673884391785
0.348885715007782 0.3520030081272125
0.34875890612602234 0.3697284758090973
0.3484925925731659 0.3448006212711334
0.34964656829833984 0.35743361711502075
0.34966832399368286 0.3667656481266022
0.3502710163593292 0.3460918366909027
0.3484943211078644 0.34837982058525085
0.349214106798172 0.3477034866809845
0.348012775182724 0.35382139682769775
0.34878474473953247 0.3541935384273529
0.3477761745452881 0.3459215760231018
0.3484184443950653 0.34795722365379333
0.3480554521083832 0.3522159457206726
0.347747266292572 0.35067984461784363
0.3478005528450012 0.354665070772171
0.34808748960494995 0.3599630892276764
0.34844890236854553 0.35815539956092834
0.3484342396259308 0.3615036904811859
0.34724804759025574 0.344527930021286
0.3471256494522095 0.38252919912338257
0.34737110137939453 0.348905086517334
0.34657055139541626 0.35199713706970215
0.34653037786483765 0.3761588931083679
0.34750619530677795 0.34723782539367676
0.34705230593681335 0.35158252716064453
0.3469265401363373 0.34800097346305847
0.34620535373687744 0.34663039445877075
0.34778913855552673 0.3492569625377655
0.34629330039024353 0.36758187413215637
0.3464968204498291 0.34996289014816284
0.3469778299331665 0.3435211181640625
0.34612512588500977 0.36747509241104126
0.34609803557395935 0.35571691393852234
0.3455309569835663 0.35047078132629395
0.34625354409217834 0.36639517545700073
0.3466242253780365 0.34738293290138245
0.3458974361419678 0.3470296263694763
0.3456209599971771 0.3462769687175751
0.34600794315338135 0.3424035608768463
0.3461838364601135 0.35369637608528137
0.34668251872062683 0.37540364265441895
0.34523066878318787 0.3443727195262909
0.3461191952228546 0.3448387384414673
0.3451213836669922 0.35093072056770325
0.345615416765213 0.36098262667655945
0.345388263463974 0.3775280714035034
0.34487780928611755 0.3514999747276306
0.3451729714870453 0.35575786232948303
0.34498900175094604 0.3624267876148224
0.34553688764572144 0.35581856966018677
0.34525346755981445 0.3489782214164734
0.34601646661758423 0.34283044934272766
0.3453245759010315 0.3506806194782257
0.34404096007347107 0.3421900272369385
0.343063086271286 0.3463338613510132
0.3441914916038513 0.3805214762687683
0.34421515464782715 0.3735872209072113
0.3440256416797638 0.3577937185764313
0.3439263105392456 0.34333956241607666
0.37902313470840454 0.3564758598804474
0.34866994619369507 0.3452779948711395
0.34648457169532776 0.3489730954170227
0.34526321291923523 0.3484174609184265
0.34491485357284546 0.35970038175582886
0.345085471868515 0.35141444206237793
0.3453695476055145 0.35189011693000793
0.34353238344192505 0.3452083170413971
0.3447401821613312 0.34941014647483826
0.34390321373939514 0.3440555930137634
0.344137579202652 0.3434443771839142
0.34414300322532654 0.3449973464012146
0.3439750373363495 0.42314642667770386
0.34345105290412903 0.3437846004962921
0.3439848721027374 0.3465057909488678
0.34364810585975647 0.3488227427005768
0.344545841217041 0.3427344262599945
0.3423345685005188 0.3587629199028015
0.34348106384277344 0.34749269485473633
0.3447529375553131 0.3638487458229065
0.34301993250846863 0.3546486496925354
0.3434225618839264 0.34870022535324097
0.343471497297287 0.39038747549057007
0.34355443716049194 0.35965922474861145
0.343285471200943 0.34693118929862976
0.34231317043304443 0.351245641708374
0.343971848487854 0.3514040410518646
0.34222641587257385 0.35489922761917114
0.34238654375076294 0.34578657150268555
0.34191685914993286 0.3442382216453552
0.34272879362106323 0.35992613434791565
0.3422965109348297 0.351947158575058
0.3416239321231842 0.35081982612609863
0.3423536419868469 0.3548448085784912
0.3415951728820801 0.34351620078086853
0.3413558900356293 0.3909139931201935
0.34188607335090637 0.34336110949516296
0.3417474329471588 0.3449658453464508
0.3418605923652649 0.34391650557518005
0.34159979224205017 0.38457340002059937
0.34174844622612 0.344010591506958
0.3423936665058136 0.3516734838485718
0.3422639071941376 0.3474206030368805
0.3422800600528717 0.35282668471336365
0.34211015701293945 0.3701779246330261
0.3417098820209503 0.3469368815422058
0.3413113057613373 0.34649229049682617
0.3412473201751709 0.3598273694515228
0.3421840965747833 0.3581985831260681
0.34143802523612976 0.3500719964504242
0.341173380613327 0.3445785343647003
0.34166616201400757 0.35374775528907776
0.34151366353034973 0.3488100469112396
0.3406265079975128 0.34573832154273987
0.341701477766037 0.35321834683418274
0.34137725830078125 0.3436174690723419
0.3413478434085846 0.34984147548675537
0.3415229320526123 0.34173017740249634
0.340902179479599 0.35022059082984924
0.34057027101516724 0.3460564613342285
0.3408164083957672 0.3462868630886078
0.34059181809425354 0.34825652837753296
0.3407914936542511 0.3589441478252411
0.3404102921485901 0.349086195230484
0.3396444320678711 0.3473624587059021
0.3407560884952545 0.3431854844093323
0.34059590101242065 0.35454365611076355
0.3396598696708679 0.351453959941864
0.34077200293540955 0.3582426607608795
0.3405274450778961 0.34385204315185547
0.3398367166519165 0.34306466579437256
0.3395850658416748 0.3519020974636078
0.34048178791999817 0.37859970331192017
0.3401750922203064 0.3413892686367035
0.3400297462940216 0.3425751328468323
0.34019964933395386 0.35086676478385925
0.33981314301490784 0.3484649360179901
0.34031108021736145 0.34769323468208313
0.33953848481178284 0.3429432213306427
0.34016087651252747 0.3518545627593994
0.34010443091392517 0.37137705087661743
0.33999499678611755 0.34517955780029297
0.33974605798721313 0.3524530529975891
0.3396000266075134 0.35754409432411194
0.3405994176864624 0.35101088881492615
0.34025928378105164 0.3721628487110138
0.33956068754196167 0.36643141508102417
0.34000998735427856 0.3466489911079407
0.3397039771080017 0.3564147651195526
0.33952027559280396 0.3528614640235901
0.34008073806762695 0.34495124220848083
0.3398728370666504 0.3542099893093109
0.3401942849159241 0.3437241017818451
0.3399694263935089 0.36252307891845703
0.3395785093307495 0.34275251626968384
0.33846426010131836 0.34125852584838867
0.3395162522792816 0.3495766818523407
0.3389931321144104 0.34658926725387573
0.33868393301963806 0.3452608287334442
0.3383677899837494 0.34693944454193115
0.33874964714050293 0.3433673679828644
0.33930903673171997 0.3512762486934662
0.3378504514694214 0.3443243205547333
0.33820128440856934 0.3444229066371918
0.3379054367542267 0.3473356068134308
0.3384401202201843 0.34426793456077576
0.33916497230529785 0.3498632311820984
0.3381214439868927 0.34216710925102234
0.33831050992012024 0.3405773937702179
0.3379092514514923 0.3524034321308136
0.3389999568462372 0.3427899181842804
0.3379213213920593 0.3439186215400696
0.33794501423835754 0.3415484130382538
0.3383830189704895 0.3462030291557312
0.3382711410522461 0.3456335961818695
0.3383278250694275 0.34104546904563904
0.3387560546398163 0.37259072065353394
0.33827531337738037 0.34080979228019714
0.3383024036884308 0.35271915793418884
0.33742523193359375 0.34164726734161377
0.3382602334022522 0.3593936860561371
0.337867796421051 0.3447553813457489
0.33700403571128845 0.33974817395210266
0.3378847539424896 0.35401785373687744
0.33798226714134216 0.36100202798843384
0.3380163908004761 0.34345874190330505
0.337679922580719 0.34383732080459595
0.3379840552806854 0.3458710312843323
0.3373223543167114 0.3443397283554077
0.33766183257102966 0.3407536447048187
0.3369046151638031 0.34165695309638977
0.3368086814880371 0.3488142192363739
0.33706071972846985 0.35346081852912903
0.336542546749115 0.3422861099243164
0.3374429941177368 0.36765730381011963
0.3366512954235077 0.3436877727508545
0.3373333811759949 0.3499235510826111
0.3375696837902069 0.34532293677330017
0.3374063968658447 0.3424381613731384
0.33699896931648254 0.3430505692958832
0.3380589485168457 0.34856727719306946
0.3372119069099426 0.3834213316440582
0.33781376481056213 0.3498004972934723
0.3368048071861267 0.35444265604019165
0.33745890855789185 0.3413340449333191
0.3368567228317261 0.36273783445358276
0.33700093626976013 0.35386258363723755
0.3371257185935974 0.35068321228027344
0.3359557092189789 0.34748855233192444
0.336342453956604 0.3613610863685608
0.3368743062019348 0.34549859166145325
0.33696967363357544 0.34549617767333984
0.3367745578289032 0.35066062211990356
0.3371090590953827 0.3418402671813965
0.336831271648407 0.34227487444877625
0.3371616303920746 0.351308673620224
0.336815744638443 0.3417326807975769
0.33650991320610046 0.3471241295337677
0.3365202844142914 0.34078410267829895
0.33625414967536926 0.343707412481308
0.3366311490535736 0.34345707297325134
0.3363839387893677 0.37013256549835205
0.33660343289375305 0.34988293051719666
0.33658722043037415 0.3454906642436981
0.3355260491371155 0.3434208333492279
0.33672845363616943 0.3467743694782257
0.33550146222114563 0.34252312779426575
0.3361820876598358 0.33979061245918274
0.33690354228019714 0.36715495586395264
0.3360111117362976 0.3478221893310547
0.33583584427833557 0.34916210174560547
0.3356778919696808 0.3509034216403961
0.3361528515815735 0.3522722125053406
0.33636999130249023 0.34399110078811646
0.33587318658828735 0.3423402011394501
0.335688978433609 0.3430652618408203
0.3354400098323822 0.3417346179485321
0.33582431077957153 0.3417566120624542
0.3356355130672455 0.3530057966709137
0.33598625659942627 0.34556692838668823
0.33632931113243103 0.347984254360199
0.33520713448524475 0.3568371832370758
0.3358951210975647 0.346489816904068
0.33581262826919556 0.3474782407283783
0.33589136600494385 0.34918999671936035
0.33536553382873535 0.34703052043914795
0.3358900249004364 0.37095221877098083
0.33561211824417114 0.35578635334968567
0.3362291157245636 0.3435419499874115
0.3346148729324341 0.34944358468055725
0.3353691101074219 0.3465329706668854
0.3353823125362396 0.347811758518219
0.335235595703125 0.34251531958580017
0.33517569303512573 0.3475983440876007
0.33496928215026855 0.34323030710220337
0.3352430760860443 0.36064162850379944
0.33536794781684875 0.3520949184894562
0.334682822227478 0.3451325595378876
0.33554938435554504 0.3448716402053833
0.33489957451820374 0.3411962389945984
0.3343033790588379 0.34406787157058716
0.33534982800483704 0.37272265553474426
0.33423998951911926 0.338858038187027
0.33501601219177246 0.3433436453342438
0.33415094017982483 0.34203416109085083
0.3340556025505066 0.3416779041290283
0.3341222405433655 0.34816214442253113
0.3347474932670593 0.3498651683330536
0.3347710072994232 0.34248968958854675
0.3342314660549164 0.3545207977294922
0.3341270089149475 0.3409988284111023
0.33454304933547974 0.3554394543170929
0.33493879437446594 0.3514290153980255
0.33403271436691284 0.3498315215110779
0.3340303897857666 0.3420287072658539
0.334612637758255 0.35006463527679443
0.3345036804676056 0.3637308180332184
0.334604412317276 0.37340641021728516
0.334180623292923 0.34426140785217285
0.33432018756866455 0.3468991816043854
0.33443108201026917 0.349274605512619
0.3345126211643219 0.35134637355804443
0.33465567231178284 0.3475285768508911
0.3346776068210602 0.3485057055950165
0.33437928557395935 0.34288644790649414
0.3344164490699768 0.34216293692588806
0.3348490297794342 0.3486587107181549
0.3334193229675293 0.3429196774959564
0.3337738513946533 0.3432685136795044
0.33378443121910095 0.34117698669433594
0.3334782123565674 0.35218968987464905
0.33365967869758606 0.34358081221580505
0.3340296447277069 0.3494560122489929
0.3335729241371155 0.3437011241912842
0.3336401879787445 0.3519962728023529
0.33319398760795593 0.3481963276863098
0.3337128460407257 0.345344603061676
0.33355066180229187 0.34717226028442383
0.3338339328765869 0.3440200090408325
0.33326008915901184 0.35291457176208496
0.333500474691391 0.34110525250434875
0.3335627317428589 0.3541645407676697
0.3331752121448517 0.3478435277938843
0.33328181505203247 0.3486628830432892
0.33274605870246887 0.3616074323654175
0.33374449610710144 0.34198400378227234
0.33293983340263367 0.351472407579422
0.3334376811981201 0.3550835847854614
0.3333300054073334 0.34185686707496643
0.33385324478149414 0.34677523374557495
0.33329883217811584 0.34700489044189453
0.3334711790084839 0.350030779838562
0.3331758677959442 0.3565868139266968
0.33330854773521423 0.3416459858417511
0.3329092264175415 0.34853944182395935
0.3334592282772064 0.34787240624427795
0.3334842920303345 0.3512183427810669
0.33366289734840393 0.34783825278282166
0.3338352143764496 0.35916033387184143
0.332959920167923 0.3546392023563385
0.3334243595600128 0.3756234645843506
0.3324059247970581 0.34799784421920776
0.3333011567592621 0.34854039549827576
0.3328711688518524 0.3479776978492737
0.3327547311782837 0.34493184089660645
0.3324921727180481 0.34177881479263306
0.3329754173755646 0.344471275806427
0.33188870549201965 0.34553295373916626
0.33283892273902893 0.34255433082580566
0.33277904987335205 0.344944566488266
0.3322422206401825 0.34962713718414307
0.3319496214389801 0.3446912467479706
0.3323158919811249 0.34626176953315735
0.33266451954841614 0.36048388481140137
0.3322146534919739 0.3460609018802643
0.3321194648742676 0.3414502739906311
0.3326888084411621 0.3430824279785156
0.33215659856796265 0.3586118221282959
0.33194097876548767 0.3477885127067566
0.3322053551673889 0.3437272608280182
0.33137717843055725 0.3417147994041443
0.3321807086467743 0.3439183533191681
0.3321129083633423 0.3434227406978607
0.3324754536151886 0.35515403747558594
0.33169153332710266 0.3406422436237335
0.33244559168815613 0.34820544719696045
0.33226099610328674 0.3481530249118805
0.33205097913742065 0.3446439504623413
0.33208730816841125 0.3449430465698242
