19.469358444213867 1.959288477897644
1.7597039937973022 1.7220139503479004
1.5834277868270874 1.5603773593902588
1.5133994817733765 1.5145119428634644
1.4899266958236694 1.5254217386245728
1.4819796085357666 1.5003107786178589
1.478609323501587 1.506777286529541
1.4682482481002808 1.4761476516723633
1.4293172359466553 1.3893499374389648
1.2071129083633423 1.057765007019043
0.9996415972709656 0.966574490070343
0.8345941305160522 0.7665988802909851
0.7697793841362 0.8841733336448669
0.7205179929733276 0.699370801448822
0.664595365524292 0.6002598404884338
0.5771089792251587 0.4950348436832428
0.5006503462791443 0.6237820386886597
0.46664056181907654 0.44481778144836426
0.4422701895236969 0.4854041337966919
0.4179590046405792 0.42374613881111145
0.410256028175354 0.43479812145233154
0.40081465244293213 0.4731251895427704
0.3935776650905609 0.37445273995399475
0.3904658257961273 0.3989000916481018
0.3832901418209076 0.371724009513855
0.3844497501850128 0.395231157541275
0.38106656074523926 0.4060191810131073
0.3731350898742676 0.38553276658058167
0.37116411328315735 0.362004816532135
0.37042978405952454 0.43482357263565063
0.3655150234699249 0.405351847410202
0.3631564676761627 0.3674694895744324
0.3609122335910797 0.34892168641090393
0.360098272562027 0.3682153522968292
0.3576870262622833 0.3864494562149048
0.351559579372406 0.38016384840011597
0.3540712893009186 0.37654948234558105
0.3492414951324463 0.34095823764801025
0.3474980890750885 0.3516087830066681
0.34391987323760986 0.3516266345977783
0.34556078910827637 0.3425107002258301
0.3430244028568268 0.3373478055000305
0.33935630321502686 0.34057241678237915
0.3389388620853424 0.32406723499298096
0.3353685140609741 0.3462364375591278
0.3325718343257904 0.33588919043540955
0.33468082547187805 0.37212157249450684
0.3301598131656647 0.3176555037498474
0.3290802240371704 0.3209177255630493
0.32966622710227966 0.3311900496482849
0.32760104537010193 0.32133257389068604
0.32610416412353516 0.3518976867198944
0.32499146461486816 0.3156426250934601
0.32534751296043396 0.3278249204158783
0.322024405002594 0.3265019953250885
0.323335736989975 0.3168115019798279
0.32048317790031433 0.3281099498271942
0.3220951557159424 0.3067496418952942
0.3197510540485382 0.31154486536979675
0.31747183203697205 0.32501667737960815
0.3174472749233246 0.3147924840450287
0.3187097907066345 0.33264851570129395
0.31825876235961914 0.3327488303184509
0.31611546874046326 0.32820630073547363
0.31658098101615906 0.3452543020248413
0.3143690526485443 0.3103192150592804
0.3174215257167816 0.3480897843837738
0.3131469190120697 0.3151109516620636
0.3130360245704651 0.3083963692188263
0.3142303228378296 0.3408861458301544
0.31459328532218933 0.30491575598716736
0.31290239095687866 0.31172406673431396
0.31220006942749023 0.3660604655742645
0.31152376532554626 0.31017348170280457
0.31037095189094543 0.3216751515865326
0.3106749951839447 0.30003613233566284
0.3083001673221588 0.3351559042930603
0.3086482584476471 0.31665071845054626
0.3070811927318573 0.3133704364299774
0.3085933327674866 0.3460133373737335
0.3071511387825012 0.3057456314563751
0.3073917329311371 0.31585973501205444
0.307030588388443 0.31453877687454224
0.3081369698047638 0.2995726764202118
0.3062553405761719 0.30572906136512756
0.3058071732521057 0.31889787316322327
0.30665284395217896 0.3168906569480896
0.3050546944141388 0.3375977873802185
0.3056090474128723 0.3077041208744049
0.30486685037612915 0.2969088852405548
0.3044610321521759 0.3008292019367218
0.303284227848053 0.3406522572040558
0.3038240671157837 0.3281598687171936
0.3025183379650116 0.3196744918823242
0.3031141757965088 0.29609471559524536
0.30388709902763367 0.3094595968723297
0.3015415370464325 0.3202362656593323
0.30271008610725403 0.30774033069610596
0.30227023363113403 0.31582552194595337
0.30074843764305115 0.31717783212661743
0.3015550673007965 0.31232646107673645
0.30225518345832825 0.3043804168701172
0.3011454641819 0.3115118741989136
0.3008681833744049 0.35197409987449646
0.30044060945510864 0.3035852909088135
0.3006722927093506 0.3312738537788391
0.3013259172439575 0.31147393584251404
0.30006131529808044 0.3299640119075775
0.2997053861618042 0.3316628932952881
0.2997109591960907 0.30959293246269226
0.2984705865383148 0.29476770758628845
0.2974661886692047 0.2946765124797821
0.2980186641216278 0.3134111166000366
0.29791226983070374 0.30313560366630554
0.2980192303657532 0.30734366178512573
0.29838892817497253 0.3336319327354431
0.29852408170700073 0.3012664318084717
0.2986355721950531 0.2943969666957855
0.2963328957557678 0.29540005326271057
0.29698610305786133 0.3094262480735779
0.29738500714302063 0.3064306974411011
0.297118216753006 0.3232347071170807
0.29667770862579346 0.30351364612579346
0.29557961225509644 0.29798442125320435
0.2969166934490204 0.294602632522583
0.2975630760192871 0.32496193051338196
0.2953408360481262 0.3021608293056488
0.29638513922691345 0.2991545796394348
0.2970162034034729 0.2994333803653717
0.29535016417503357 0.3078599274158478
0.2949429452419281 0.3004634380340576
0.29590702056884766 0.2957320809364319
0.2941415011882782 0.29844626784324646
0.293076753616333 0.29904499650001526
0.293781578540802 0.30444571375846863
0.293086439371109 0.3288053572177887
0.2943491041660309 0.29826948046684265
0.29447171092033386 0.3420684039592743
0.29323846101760864 0.3030596971511841
0.29421988129615784 0.3032103478908539
0.2940255403518677 0.3014518618583679
0.2926323711872101 0.2977571189403534
0.2931489050388336 0.301403284072876
0.2918175458908081 0.3102082312107086
0.29245927929878235 0.29209789633750916
0.29206451773643494 0.30764737725257874
0.2923433482646942 0.2907183766365051
0.29339131712913513 0.29699283838272095
0.29079094529151917 0.2990591824054718
0.29233020544052124 0.3136313557624817
0.29223334789276123 0.3091307580471039
0.2920418679714203 0.3429866135120392
0.2920076549053192 0.2976434528827667
0.2919829487800598 0.3107893764972687
0.29228052496910095 0.2933272421360016
0.29122394323349 0.30052006244659424
0.2921801805496216 0.2982323467731476
0.29129108786582947 0.3020729422569275
0.2923475205898285 0.2899814546108246
0.29197782278060913 0.29658326506614685
0.29120877385139465 0.3025980293750763
0.29190948605537415 0.2924864888191223
0.2912469506263733 0.29580071568489075
0.29145076870918274 0.29037967324256897
0.2912452220916748 0.30322718620300293
0.29038339853286743 0.3018069565296173
0.2901057302951813 0.31589025259017944
0.29060104489326477 0.29736703634262085
0.2893916964530945 0.3034766912460327
0.2896597385406494 0.3016132712364197
0.2889235317707062 0.2902394235134125
0.2908294200897217 0.3053373396396637
0.289580762386322 0.29264283180236816
0.28977373242378235 0.2985846996307373
0.28949248790740967 0.294167697429657
0.28916075825691223 0.31415364146232605
0.28958043456077576 0.3073132634162903
0.28943976759910583 0.3146715462207794
0.2892451286315918 0.3097620904445648
0.2887554168701172 0.33028343319892883
0.28951647877693176 0.3051620423793793
0.28891319036483765 0.29618099331855774
0.2888014614582062 0.28799083828926086
0.2899010479450226 0.30128511786460876
0.287951797246933 0.31409695744514465
0.2888110280036926 0.3241986930370331
0.2889207899570465 0.3012385964393616
0.29019099473953247 0.2958064377307892
0.2883010804653168 0.29237663745880127
0.2886214554309845 0.294752836227417
0.2888537049293518 0.29613009095191956
0.2879382371902466 0.29925283789634705
0.2880789041519165 0.2948012053966522
0.2876637578010559 0.29475077986717224
0.28699514269828796 0.2974860370159149
0.28676262497901917 0.3050192594528198
0.2869231700897217 0.305580735206604
0.28730255365371704 0.2994265854358673
0.28772076964378357 0.3372032046318054
0.287647545337677 0.29766666889190674
0.2866424322128296 0.2963678538799286
0.2867598831653595 0.32497167587280273
0.2879013419151306 0.2902357876300812
0.2872382700443268 0.29479026794433594
0.2873765826225281 0.2885891795158386
0.2874740958213806 0.30161696672439575
0.2878553867340088 0.2963407039642334
0.28648269176483154 0.2969987094402313
0.28718411922454834 0.30684927105903625
0.28767117857933044 0.2997225522994995
0.28628334403038025 0.30452221632003784
0.2861902713775635 0.294981986284256
0.2870243191719055 0.2942849099636078
0.2849702537059784 0.28633445501327515
0.28633764386177063 0.2982698380947113
0.2856373190879822 0.30430662631988525
0.28652286529541016 0.3067223131656647
0.2873874008655548 0.28950366377830505
0.2856200635433197 0.29867976903915405
0.28504517674446106 0.30583420395851135
0.2850084602832794 0.2880415618419647
0.2853323221206665 0.3006783425807953
0.2862996757030487 0.3081418573856354
0.28541335463523865 0.29534733295440674
0.2859952747821808 0.3366367816925049
0.28531649708747864 0.3105340600013733
0.285034716129303 0.3285159170627594
0.2855291962623596 0.30456626415252686
0.28539586067199707 0.2997024953365326
0.285633385181427 0.3111974000930786
0.2860746681690216 0.2917487323284149
0.2856461703777313 0.3142055869102478
0.2849442958831787 0.3279182016849518
0.28365328907966614 0.30946284532546997
0.2845989465713501 0.29636600613594055
0.28712204098701477 0.3040078282356262
0.28484636545181274 0.28991901874542236
0.2852674126625061 0.2880347669124603
0.28453508019447327 0.2996218800544739
0.2838934659957886 0.2883644700050354
0.28472021222114563 0.2951558530330658
0.2861851155757904 0.2937473654747009
0.28463834524154663 0.30077430605888367
0.28443217277526855 0.3029622733592987
0.2838113009929657 0.2955114245414734
0.2844831645488739 0.28790196776390076
0.28412574529647827 0.3052489161491394
0.28455621004104614 0.3065366744995117
0.28533685207366943 0.29848888516426086
0.28366440534591675 0.3019328713417053
0.2844984233379364 0.30706560611724854
0.28437912464141846 0.3105125427246094
0.28448686003685 0.29462990164756775
0.2841814160346985 0.2900135815143585
0.2836500406265259 0.29322898387908936
0.28371062874794006 0.33646050095558167
0.2841101288795471 0.3208374083042145
0.2826594114303589 0.28667280077934265
0.28363990783691406 0.290863573551178
0.28209835290908813 0.31185007095336914
0.28309985995292664 0.294257253408432
0.28329339623451233 0.29886746406555176
0.28327232599258423 0.2920818328857422
0.2831568717956543 0.32410234212875366
0.28301718831062317 0.2906263768672943
0.2840253710746765 0.31423020362854004
0.28256040811538696 0.3049822449684143
0.2831219434738159 0.29868078231811523
0.2826940715312958 0.29367315769195557
0.28245997428894043 0.28775763511657715
0.2823656499385834 0.294397234916687
0.2824876010417938 0.2900659143924713
0.28208696842193604 0.29164618253707886
0.2821914255619049 0.30991917848587036
0.2823576033115387 0.2965567409992218
0.28196981549263 0.2918179929256439
0.28238508105278015 0.2876604497432709
0.28238165378570557 0.30125296115875244
0.28163304924964905 0.2950994670391083
0.28129759430885315 0.296273410320282
0.28269705176353455 0.30453479290008545
0.2821993827819824 0.30122846364974976
0.280880868434906 0.29188239574432373
0.2828063368797302 0.28973424434661865
0.2818417251110077 0.29650944471359253
0.28212693333625793 0.29625144600868225
0.2812402546405792 0.2909063696861267
0.2807736396789551 0.2854023873806
0.28176286816596985 0.2929563522338867
0.28264227509498596 0.30631574988365173
0.28185516595840454 0.291140615940094
0.2812020182609558 0.30981358885765076
0.2818111479282379 0.29844531416893005
0.28140372037887573 0.31840118765830994
0.2809622585773468 0.306175172328949
0.2804000973701477 0.29175081849098206
0.2801137864589691 0.2945998013019562
0.2822309732437134 0.2884429395198822
0.2806919813156128 0.2982829213142395
0.2808261215686798 0.3055429458618164
0.28127574920654297 0.29851821064949036
0.2801572382450104 0.29096361994743347
0.28180116415023804 0.3129175901412964
0.2806154191493988 0.29380109906196594
0.27957308292388916 0.2936404347419739
0.28193292021751404 0.2932168245315552
0.27925989031791687 0.2848825752735138
0.28029099106788635 0.2994637191295624
0.2800314426422119 0.2865540683269501
0.2806933522224426 0.28743672370910645
0.28008952736854553 0.2929857671260834
0.28053322434425354 0.31522437930107117
0.2799520194530487 0.2882911264896393
0.2805284857749939 0.2927982211112976
0.2800942361354828 0.2893485426902771
0.2796160578727722 0.2918397784233093
0.2795574963092804 0.2891225814819336
0.2786080241203308 0.2993680536746979
0.27967390418052673 0.30135050415992737
0.2804395258426666 0.3091035485267639
0.27950456738471985 0.30178821086883545
0.2794385552406311 0.29382818937301636
0.2790052592754364 0.2911565899848938
0.2795960009098053 0.2887457609176636
0.27975115180015564 0.30074286460876465
0.27984288334846497 0.29875051975250244
0.2786625027656555 0.2842690944671631
0.28057917952537537 0.28861865401268005
0.2788252830505371 0.29324832558631897
0.2797103226184845 0.295246422290802
0.27904239296913147 0.2844691276550293
0.27915453910827637 0.2876623570919037
0.27872076630592346 0.2908938527107239
0.2792961001396179 0.30262088775634766
0.27879655361175537 0.2895936965942383
0.2785698473453522 0.3034363389015198
0.27879250049591064 0.3039482831954956
0.27749761939048767 0.2877395749092102
0.28000807762145996 0.2853392958641052
0.27858248353004456 0.30926814675331116
0.2786925733089447 0.28737854957580566
0.27777257561683655 0.2951200008392334
0.2775050699710846 0.2920149862766266
0.27840912342071533 0.29718485474586487
0.2783203423023224 0.3109592795372009
0.27862077951431274 0.292259156703949
0.2788892686367035 0.3301355838775635
0.27819180488586426 0.2893795669078827
0.2785551846027374 0.29738369584083557
0.2789516746997833 0.2937033176422119
0.27779844403266907 0.28779712319374084
0.2768535614013672 0.30183300375938416
0.2787201404571533 0.2868761718273163
0.27834007143974304 0.2874866724014282
0.27839526534080505 0.31970009207725525
0.2768649756908417 0.2850002944469452
0.2776298224925995 0.28956931829452515
0.2785654664039612 0.28927716612815857
0.27721887826919556 0.28454139828681946
0.2769118845462799 0.2978834807872772
0.2779202163219452 0.29478153586387634
0.27831751108169556 0.2911768853664398
0.2782175838947296 0.2957826852798462
0.2782980501651764 0.2935222387313843
0.2776574194431305 0.2899353504180908
0.2777872085571289 0.2933168411254883
0.2771563231945038 0.31256628036499023
0.2771160304546356 0.28593704104423523
0.277950644493103 0.3012581467628479
0.2769322693347931 0.300337553024292
0.2770911157131195 0.288726270198822
0.27718061208724976 0.3143118619918823
0.2759378254413605 0.29155391454696655
0.2767719328403473 0.28881359100341797
0.2760743796825409 0.29783475399017334
0.276643306016922 0.2952171266078949
0.27734363079071045 0.2999398708343506
0.276018887758255 0.2836552560329437
0.2775706946849823 0.32784584164619446
0.27687275409698486 0.2992074191570282
0.27673786878585815 0.3163174092769623
0.27617505192756653 0.28988102078437805
0.27669310569763184 0.30948421359062195
0.27660730481147766 0.32168740034103394
0.27722296118736267 0.3018764555454254
0.27635082602500916 0.2949082851409912
0.27693232893943787 0.2952333390712738
0.2762877345085144 0.2881093919277191
0.2764331102371216 0.2853693962097168
0.27601516246795654 0.31649282574653625
0.27540943026542664 0.28255245089530945
0.2753172516822815 0.2970581650733948
0.27649277448654175 0.29065650701522827
0.27561941742897034 0.2892334759235382
0.27628064155578613 0.28640007972717285
0.2759293019771576 0.2905336916446686
0.27643948793411255 0.28554946184158325
0.2759004533290863 0.28967952728271484
0.2762173116207123 0.2917059063911438
0.27633151412010193 0.2891020178794861
0.2755945026874542 0.29372328519821167
0.2758795917034149 0.2902687191963196
0.2759501039981842 0.29308292269706726
0.2748139202594757 0.2901449501514435
0.2755715250968933 0.29423949122428894
0.2750275135040283 0.2965708076953888
0.27585211396217346 0.2891448736190796
0.2754553258419037 0.30271875858306885
0.27663180232048035 0.299439400434494
0.274488627910614 0.29388943314552307
0.2757284641265869 0.2960699200630188
0.2759820818901062 0.2951592803001404
0.27613401412963867 0.28596603870391846
0.27497291564941406 0.2897867262363434
0.2757507562637329 0.28539028763771057
0.27498117089271545 0.30806368589401245
0.27594760060310364 0.2868555188179016
0.2753637731075287 0.2921293079853058
0.2752455472946167 0.3024023771286011
0.2759495675563812 0.2942900061607361
0.27481821179389954 0.30735787749290466
0.2746269106864929 0.28797447681427
0.27402037382125854 0.30740970373153687
0.2741345465183258 0.2933214604854584
0.2752099335193634 0.3191821873188019
0.27568796277046204 0.28546789288520813
0.2746843695640564 0.283217191696167
0.275676429271698 0.2856847941875458
0.2743295133113861 0.28955021500587463
0.27528882026672363 0.2910751700401306
0.2747582793235779 0.2901889681816101
0.2743777930736542 0.29314741492271423
0.2742219865322113 0.29041996598243713
0.2741091549396515 0.29715240001678467
0.27413591742515564 0.3164670765399933
0.27431660890579224 0.30875933170318604
0.27372264862060547 0.2827485501766205
0.273414671421051 0.292461097240448
0.27343693375587463 0.31778618693351746
0.2743123769760132 0.30515554547309875
0.27408674359321594 0.31284353137016296
0.27396148443222046 0.30743515491485596
0.274748831987381 0.28868725895881653
0.2737475335597992 0.2843192219734192
0.27404093742370605 0.29625365138053894
0.27406924962997437 0.3389180302619934
0.2742450535297394 0.29572027921676636
0.27396950125694275 0.28706464171409607
0.2742374539375305 0.30856913328170776
0.27336782217025757 0.34572097659111023
0.2739986181259155 0.30487972497940063
0.2735583484172821 0.28783127665519714
0.27397024631500244 0.31651848554611206
0.2727176547050476 0.28526201844215393
0.2737869918346405 0.2965224087238312
0.27341538667678833 0.32562559843063354
0.27289462089538574 0.29435256123542786
0.2740969657897949 0.29393279552459717
0.27341654896736145 0.2853304147720337
0.27383705973625183 0.28985604643821716
0.27299463748931885 0.2956714332103729
0.27345359325408936 0.2932177782058716
0.27205008268356323 0.2898469865322113
0.2726888954639435 0.29191163182258606
0.27288365364074707 0.30279484391212463
0.2724800109863281 0.29459288716316223
0.27308452129364014 0.3072451055049896
0.2731279730796814 0.29424208402633667
0.2720288336277008 0.294614315032959
0.272487998008728 0.291152685880661
0.27347272634506226 0.28998520970344543
0.2725215554237366 0.3006191551685333
0.27326393127441406 0.3028220534324646
0.27351558208465576 0.2854154706001282
0.2726423144340515 0.30691006779670715
0.2723312973976135 0.2885037958621979
0.2730007469654083 0.2883141338825226
0.2733602225780487 0.2891620993614197
0.27300652861595154 0.2914471924304962
0.27215468883514404 0.2978894114494324
0.27214542031288147 0.29666417837142944
0.27288246154785156 0.2856578528881073
0.2723113000392914 0.30886247754096985
0.27249759435653687 0.2958660423755646
0.2722611427307129 0.2984750270843506
0.2722374498844147 0.28882595896720886
0.2718477249145508 0.2908044159412384
0.2724438011646271 0.2941135764122009
0.27246737480163574 0.28496992588043213
0.27223342657089233 0.28565824031829834
0.27083539962768555 0.2873006761074066
0.2719303369522095 0.28920143842697144
0.2721422016620636 0.2940925061702728
0.27204570174217224 0.2928387522697449
0.27239593863487244 0.2884581685066223
0.27120932936668396 0.3144175410270691
0.27201107144355774 0.294000506401062
0.2708388864994049 0.2857842445373535
0.2713756263256073 0.2927333414554596
0.2707424461841583 0.2932770848274231
