1.5046567916870117 1.535848617553711
1.4911937713623047 1.5418484210968018
1.483140468597412 1.537196397781372
1.473703384399414 1.5211479663848877
1.463112235069275 1.5002217292785645
1.4351649284362793 1.4652602672576904
1.400985598564148 1.4191319942474365
1.3734711408615112 1.3917832374572754
1.3379491567611694 1.3604321479797363
1.2967199087142944 1.308656930923462
1.244834542274475 1.240530014038086
1.1789969205856323 1.1604008674621582
1.0978474617004395 1.1004867553710938
1.0337111949920654 1.012255311012268
0.9580872058868408 0.9275117516517639
0.8736649751663208 0.8423272371292114
0.8167368173599243 0.8045493364334106
0.7885573506355286 0.8105393052101135
0.7703324556350708 0.7614515423774719
0.7574930787086487 0.8368445038795471
0.7474158406257629 0.743865966796875
0.7389447689056396 0.749759316444397
0.7331311106681824 0.7345632910728455
0.7266647815704346 0.7326220273971558
0.7193872332572937 0.7125160694122314
0.708098828792572 0.7414939999580383
0.6412688493728638 0.6026546955108643
0.5677569508552551 0.542377769947052
0.5366484522819519 0.5414625406265259
0.5166413187980652 0.5166569352149963
0.5066977739334106 0.5042883157730103
0.4983937740325928 0.4873678982257843
0.4935922622680664 0.5325189828872681
0.48867836594581604 0.5032405853271484
0.48368945717811584 0.4879418611526489
0.4792838990688324 0.47254636883735657
0.475789874792099 0.46235203742980957
0.47132858633995056 0.4660795032978058
0.46805888414382935 0.45640966296195984
0.4649643898010254 0.4732830226421356
0.4635561406612396 0.4570191502571106
0.4607093930244446 0.45056283473968506
0.45881709456443787 0.48404520750045776
0.45699867606163025 0.45030176639556885
0.45518019795417786 0.47658246755599976
0.45395559072494507 0.4715206027030945
0.45087864995002747 0.4623171091079712
0.4490193724632263 0.4378136098384857
0.44648557901382446 0.437949001789093
0.4451163411140442 0.46161872148513794
0.4447161555290222 0.43854930996894836
0.4431955814361572 0.4380648136138916
0.44073474407196045 0.4573785066604614
0.44004809856414795 0.43026623129844666
0.438170850276947 0.44056254625320435
0.43713459372520447 0.4291815459728241
0.4358942210674286 0.4329206943511963
0.43502238392829895 0.45211106538772583
0.4333966374397278 0.4360184669494629
0.432247132062912 0.4414563477039337
0.4312823712825775 0.4772453308105469
0.4297814965248108 0.42748045921325684
0.42945605516433716 0.42956385016441345
0.42917701601982117 0.4294360280036926
0.42976364493370056 0.4494421184062958
0.4281761050224304 0.4286482632160187
0.4276745915412903 0.4331343173980713
0.42605677247047424 0.4233455955982208
0.42683687806129456 0.4444201588630676
0.4264565408229828 0.4237044155597687
0.424874871969223 0.4164206385612488
0.4249081611633301 0.45479854941368103
0.42487430572509766 0.44275733828544617
0.42412441968917847 0.4193636476993561
0.42375946044921875 0.41955244541168213
0.42288315296173096 0.44117996096611023
0.42288047075271606 0.4442460834980011
0.4223673343658447 0.42363134026527405
0.4217265844345093 0.41547107696533203
0.42158541083335876 0.41467759013175964
0.42130017280578613 0.41747772693634033
0.4206886291503906 0.4327104389667511
0.42034241557121277 0.41650694608688354
0.42032745480537415 0.41707974672317505
0.4204772412776947 0.42090943455696106
0.42034652829170227 0.4224522113800049
0.4196319580078125 0.4213595688343048
0.41952767968177795 0.4391583800315857
0.4197767972946167 0.430645614862442
0.4192239046096802 0.41781386733055115
0.41857051849365234 0.4511124789714813
0.41832584142684937 0.43273574113845825
0.41855329275131226 0.4276294708251953
0.4171243906021118 0.42046400904655457
0.4165745973587036 0.41249462962150574
0.4169101119041443 0.42391106486320496
0.41712111234664917 0.41109082102775574
0.41590192914009094 0.41713589429855347
0.4168300926685333 0.4137871563434601
0.4155609905719757 0.4212176501750946
0.41622501611709595 0.4229729473590851
0.41619372367858887 0.40972158312797546
0.41662919521331787 0.447875440120697
0.41495025157928467 0.43704840540885925
0.41526925563812256 0.4125608205795288
0.4154738485813141 0.4106566905975342
0.4146094024181366 0.42050454020500183
0.4153147041797638 0.40989840030670166
0.4151762127876282 0.42096173763275146
0.41384294629096985 0.4585648775100708
0.41368862986564636 0.4189842939376831
0.4138219654560089 0.4125824570655823
0.41474267840385437 0.410247266292572
0.41339200735092163 0.4174467623233795
0.4142354428768158 0.4103716313838959
0.4139110743999481 0.4105069935321808
0.41330257058143616 0.42803049087524414
0.41186901926994324 0.41037988662719727
0.41244736313819885 0.41385629773139954
0.4127064645290375 0.4188457131385803
0.4121229946613312 0.4149107038974762
0.41177308559417725 0.41379496455192566
0.4118668735027313 0.4175017476081848
0.41110289096832275 0.4212653636932373
0.4116021990776062 0.43100130558013916
0.4115827977657318 0.4144168198108673
0.4113524854183197 0.4185490906238556
0.4113610088825226 0.44059252738952637
0.4110015630722046 0.443172812461853
0.4107624888420105 0.4267077147960663
0.4106643795967102 0.41003167629241943
0.41155579686164856 0.4231533706188202
0.4103737473487854 0.41818228363990784
0.41126686334609985 0.4184650778770447
0.4100356698036194 0.4058998227119446
0.41142165660858154 0.4165554344654083
0.41044944524765015 0.4158613681793213
0.41041120886802673 0.4158157408237457
0.40941929817199707 0.42247530817985535
0.4101896286010742 0.40841367840766907
0.40917521715164185 0.42262187600135803
0.40947356820106506 0.4152155816555023
0.40937310457229614 0.4108019471168518
0.40897706151008606 0.41307270526885986
0.40938708186149597 0.4095858037471771
0.4082806408405304 0.42941123247146606
0.40857774019241333 0.41406378149986267
0.4086396396160126 0.43118423223495483
0.40813398361206055 0.41536256670951843
0.40874040126800537 0.41646263003349304
0.40837714076042175 0.40695369243621826
0.40820425748825073 0.4098726212978363
0.4085235297679901 0.420658141374588
0.4081737995147705 0.4328705370426178
0.4085891544818878 0.41432300209999084
0.40797609090805054 0.4127430021762848
0.40793097019195557 0.41234269738197327
0.40855589509010315 0.42210349440574646
0.40824100375175476 0.4324480891227722
0.4077913463115692 0.4129478931427002
0.4082036316394806 0.40966224670410156
0.40815362334251404 0.4201800227165222
0.40705931186676025 0.4092216193675995
0.4067607522010803 0.41809576749801636
0.4066471457481384 0.42812907695770264
0.40649333596229553 0.4053521156311035
0.40626639127731323 0.41646602749824524
0.4066765308380127 0.4101297855377197
0.40629667043685913 0.40697914361953735
0.40609249472618103 0.4148317575454712
0.40605273842811584 0.4286212623119354
0.4065009653568268 0.4052322804927826
0.4061774015426636 0.41948291659355164
0.40611231327056885 0.4164878726005554
0.40588435530662537 0.41415971517562866
0.4066639542579651 0.4238402247428894
0.40508848428726196 0.40463757514953613
0.40614572167396545 0.4122038185596466
0.4060996472835541 0.4077305495738983
0.4061926603317261 0.40610647201538086
0.40577268600463867 0.4099249541759491
0.4055883288383484 0.42238283157348633
0.40499553084373474 0.4058718979358673
0.4056681990623474 0.41012364625930786
0.4048914611339569 0.4096852242946625
0.40469565987586975 0.4047706127166748
0.4046678841114044 0.4089426100254059
0.40435078740119934 0.4054056406021118
0.40422114729881287 0.4097541868686676
0.40422943234443665 0.41951778531074524
0.4052344560623169 0.4165412485599518
0.4043262302875519 0.4145738184452057
0.4044228196144104 0.4046955704689026
0.40466126799583435 0.4059499502182007
0.40426692366600037 0.40336427092552185
0.4037797451019287 0.40595167875289917
0.4043680727481842 0.41659867763519287
0.4033297002315521 0.4054507613182068
0.40387651324272156 0.40844103693962097
0.40408095717430115 0.4118250906467438
0.4038064479827881 0.41309764981269836
0.40400388836860657 0.4082268476486206
0.403646320104599 0.4099998474121094
0.4036402702331543 0.4032115340232849
0.4029466509819031 0.4116448163986206
0.4038890302181244 0.4098028540611267
0.4030708372592926 0.40398457646369934
0.4039281904697418 0.4156962037086487
0.40330952405929565 0.4152117967605591
0.40330564975738525 0.40493297576904297
0.40244418382644653 0.4020216464996338
0.4028806686401367 0.4026123285293579
0.4024274945259094 0.4030529260635376
0.4024564027786255 0.4200335443019867
0.4016861021518707 0.40792182087898254
0.401782363653183 0.4058516025543213
0.4024405777454376 0.40395328402519226
0.4037500321865082 0.40943917632102966
0.40300169587135315 0.42030495405197144
0.40279117226600647 0.4039955735206604
0.4019802510738373 0.4422484040260315
0.40242800116539 0.4021615982055664
0.4024471044540405 0.41077566146850586
0.4015786647796631 0.41539326310157776
0.4019875228404999 0.4053707420825958
0.40163862705230713 0.4053610563278198
0.4014093577861786 0.40776070952415466
0.4013686180114746 0.4079456329345703
0.40473684668540955 0.40303003787994385
0.40203890204429626 0.41159701347351074
0.4014451503753662 0.414325475692749
0.401370108127594 0.40874043107032776
0.40127089619636536 0.4088802933692932
0.40116527676582336 0.4111136496067047
0.4005328416824341 0.41916200518608093
0.4015536606311798 0.40889662504196167
0.40007758140563965 0.41719359159469604
0.4010959565639496 0.40584325790405273
0.40083301067352295 0.4009610116481781
0.4006039798259735 0.4044588506221771
0.4012570083141327 0.41458770632743835
0.4005507230758667 0.4055357873439789
0.4001776874065399 0.40749767422676086
0.4011746048927307 0.4147486090660095
0.4004702568054199 0.415817528963089
0.4002116620540619 0.40701088309288025
0.40009409189224243 0.4401903748512268
0.39998960494995117 0.4034304618835449
0.3999083638191223 0.406094491481781
0.4004689157009125 0.4084736704826355
0.4000789523124695 0.4224904179573059
0.40049630403518677 0.40215954184532166
0.40185773372650146 0.4195125997066498
0.3992663621902466 0.40769267082214355
0.39985063672065735 0.40429431200027466
0.3998408317565918 0.4062289595603943
0.39945605397224426 0.40237531065940857
0.3989877700805664 0.4058183431625366
0.3988553583621979 0.40686216950416565
0.39863526821136475 0.40205761790275574
0.398865669965744 0.4057166576385498
0.3988795578479767 0.407635897397995
0.399168998003006 0.40427255630493164
0.39915722608566284 0.4087871015071869
0.39859387278556824 0.40115121006965637
0.3985329270362854 0.40243279933929443
0.4019147753715515 0.40095216035842896
0.3980856239795685 0.4064933657646179
0.3981781005859375 0.40232327580451965
0.3982957899570465 0.4047750234603882
0.39832326769828796 0.40656980872154236
0.4030502140522003 0.41691160202026367
0.3988572061061859 0.408649206161499
0.39815905690193176 0.4048633575439453
0.39893314242362976 0.40125271677970886
0.39805880188941956 0.39922192692756653
0.39816057682037354 0.4062354862689972
0.3993922472000122 0.41531261801719666
0.401671439409256 0.4017314910888672
0.398026704788208 0.4159111976623535
0.397684246301651 0.39851126074790955
0.39748260378837585 0.40113845467567444
0.3971627950668335 0.41271737217903137
0.3974109888076782 0.4003591537475586
0.39729079604148865 0.42334863543510437
0.3974127769470215 0.4065159261226654
0.39736881852149963 0.41075599193573
0.3971587121486664 0.40275639295578003
0.39702728390693665 0.40450674295425415
0.39728617668151855 0.4032684862613678
0.39709511399269104 0.4123896360397339
0.3976740837097168 0.4027908146381378
0.39757803082466125 0.40041324496269226
0.39727500081062317 0.43543094396591187
0.39754173159599304 0.41644972562789917
0.3965618908405304 0.4015640318393707
0.39676550030708313 0.4094479978084564
0.39654257893562317 0.40046074986457825
0.39694181084632874 0.40273317694664
0.39662429690361023 0.4301375448703766
0.3962315618991852 0.4077002704143524
0.3968179523944855 0.4012017548084259
0.396267831325531 0.41397422552108765
0.396270215511322 0.40415456891059875
0.3962348401546478 0.40409132838249207
0.39604806900024414 0.42343869805336
0.39563900232315063 0.3999515771865845
0.39588987827301025 0.40065133571624756
0.39645081758499146 0.414060115814209
0.3956506550312042 0.4132446348667145
0.39597976207733154 0.40603122115135193
0.39592573046684265 0.41455262899398804
0.3961622714996338 0.4043526351451874
0.39596861600875854 0.3996693193912506
0.39599552750587463 0.40015098452568054
0.39625197649002075 0.4134836792945862
0.39563706517219543 0.3987943232059479
0.3959469497203827 0.400680273771286
0.39588773250579834 0.40261587500572205
0.3960193395614624 0.4116996228694916
0.39542722702026367 0.40349993109703064
0.3956126272678375 0.40322521328926086
0.3958430588245392 0.4191657602787018
0.395536333322525 0.3991678059101105
0.39528688788414 0.4030272960662842
0.39495420455932617 0.4062420725822449
0.394832968711853 0.4027089774608612
0.39536795020103455 0.40527981519699097
0.3947440981864929 0.42025625705718994
0.3947276175022125 0.4026242792606354
0.3947901725769043 0.4094262421131134
0.3947257399559021 0.4033210575580597
0.39451542496681213 0.40480950474739075
0.39442622661590576 0.4131587743759155
0.39433014392852783 0.401842325925827
0.39469432830810547 0.4092838764190674
0.39433953166007996 0.4026004672050476
0.3946533501148224 0.42432931065559387
0.3952077627182007 0.4002804756164551
0.3942767083644867 0.40292468667030334
0.3949506878852844 0.40278640389442444
0.3944800794124603 0.4037829041481018
0.39539265632629395 0.40538743138313293
0.39414340257644653 0.4018425941467285
0.394431471824646 0.40439319610595703
0.3946889340877533 0.40092933177948
0.394075483083725 0.40464624762535095
0.3942902386188507 0.41800716519355774
0.39433202147483826 0.40306082367897034
0.3936571180820465 0.4016367197036743
0.39434516429901123 0.4030359387397766
0.3937063217163086 0.4022250473499298
0.39318355917930603 0.40184372663497925
0.393960177898407 0.40332919359207153
0.39396166801452637 0.4077267050743103
0.39348867535591125 0.4193437397480011
0.39334994554519653 0.403489887714386
0.39347416162490845 0.3985272943973541
0.3933943212032318 0.3991090953350067
0.39376839995384216 0.40294349193573
0.3936057388782501 0.40102967619895935
0.39315086603164673 0.40546977519989014
0.3937165141105652 0.40476053953170776
0.39405107498168945 0.4100223779678345
0.3934083580970764 0.41569483280181885
0.393686443567276 0.406619131565094
0.3933302164077759 0.4194040298461914
0.39351052045822144 0.4033925235271454
0.3937200903892517 0.41593435406684875
0.39290720224380493 0.3991348445415497
0.393500953912735 0.4140705168247223
0.39340922236442566 0.40106138586997986
0.3927912712097168 0.39948809146881104
0.39287087321281433 0.41240015625953674
0.39313867688179016 0.4203934371471405
0.3926207721233368 0.3990752100944519
0.39272627234458923 0.42369362711906433
0.39264777302742004 0.40158402919769287
0.39259853959083557 0.4095850884914398
0.39253556728363037 0.3998258113861084
0.3930246829986572 0.39867696166038513
0.39268964529037476 0.4044719338417053
0.3942628800868988 0.40601179003715515
0.39270907640457153 0.401597797870636
0.3927574157714844 0.4065476059913635
0.39245858788490295 0.4004599452018738
0.39274778962135315 0.4022698700428009
0.39277997612953186 0.3998773396015167
0.39248016476631165 0.4006073474884033
0.39287611842155457 0.39835605025291443
0.39242422580718994 0.4192197918891907
0.39237236976623535 0.41757941246032715
0.39251822233200073 0.40334352850914
0.39216530323028564 0.4106040596961975
0.3927012085914612 0.39966562390327454
0.3921356499195099 0.40544891357421875
0.3915705680847168 0.39935630559921265
0.3924155533313751 0.4115116596221924
0.39195796847343445 0.40793657302856445
0.39179226756095886 0.4027310013771057
0.3920130431652069 0.4098201394081116
0.3917391896247864 0.4074030816555023
0.39233729243278503 0.4049651026725769
0.3917691111564636 0.41146528720855713
0.3918936550617218 0.4006868004798889
0.39179155230522156 0.39991340041160583
0.3917079269886017 0.3995196223258972
0.3912562131881714 0.4023056924343109
0.39235150814056396 0.4027540981769562
0.3919401466846466 0.4009997844696045
0.3919542133808136 0.3990646302700043
0.39172282814979553 0.40140286087989807
0.391370952129364 0.4011554419994354
0.39131349325180054 0.40673866868019104
0.39159396290779114 0.40555477142333984
0.3918185532093048 0.40032505989074707
0.39136403799057007 0.40161535143852234
0.391278475522995 0.4018985629081726
0.39141014218330383 0.4032227396965027
0.39105838537216187 0.40265601873397827
0.391393780708313 0.40140438079833984
0.3907545506954193 0.39913854002952576
0.390692800283432 0.39889660477638245
0.3911290168762207 0.40922030806541443
0.39045944809913635 0.3994550406932831
0.39080554246902466 0.3991939425468445
0.391010046005249 0.4005131125450134
0.3907316327095032 0.40100282430648804
0.3914009630680084 0.4114272892475128
0.3906830847263336 0.4015769064426422
0.39054831862449646 0.410144567489624
0.3906470835208893 0.4054073095321655
0.39059680700302124 0.3976801633834839
0.3908226490020752 0.4028668701648712
0.39093682169914246 0.4005735218524933
0.39094647765159607 0.39937224984169006
0.3907836079597473 0.4091954827308655
0.39142078161239624 0.3977701663970947
0.3908001184463501 0.402727335691452
0.39093920588493347 0.4125783443450928
0.39091387391090393 0.39738088846206665
0.3906862139701843 0.4059930145740509
0.39056476950645447 0.39929288625717163
0.39045828580856323 0.4049125909805298
0.3904876708984375 0.401992529630661
0.39006805419921875 0.4080078601837158
0.3902526795864105 0.4133433401584625
0.3904033303260803 0.4038933217525482
0.3898926377296448 0.40101927518844604
0.3898890018463135 0.40206828713417053
0.3951365649700165 0.4131005108356476
0.39393970370292664 0.40095624327659607
0.39249396324157715 0.39796552062034607
0.39031216502189636 0.4107961356639862
0.3901538848876953 0.39764395356178284
0.3898635804653168 0.40529537200927734
0.39022642374038696 0.3992373049259186
0.3899824917316437 0.3981017768383026
0.39485183358192444 0.4040068984031677
0.39139845967292786 0.40200287103652954
0.38986143469810486 0.4079347252845764
0.38976162672042847 0.39796221256256104
0.39038971066474915 0.40258926153182983
0.3899920880794525 0.4023827910423279
0.3901538848876953 0.41048333048820496
0.38990068435668945 0.4042596220970154
0.38961562514305115 0.398987352848053
0.38925686478614807 0.4003269374370575
0.3895188271999359 0.40192875266075134
0.38959524035453796 0.3995993435382843
0.38936591148376465 0.40336090326309204
0.3892565965652466 0.40936073660850525
0.3893544673919678 0.4022713601589203
0.38997921347618103 0.4057820737361908
0.3895932734012604 0.4004110097885132
0.3893485367298126 0.4005856215953827
0.38940492272377014 0.399396151304245
0.3895590901374817 0.40602192282676697
0.38905230164527893 0.39865192770957947
0.3893054127693176 0.4014321267604828
0.3893029987812042 0.3970209062099457
0.38884299993515015 0.4088115692138672
0.3890652358531952 0.39888685941696167
0.38914167881011963 0.4022464156150818
0.38936182856559753 0.4118816554546356
0.38911446928977966 0.4002329111099243
0.3894907534122467 0.41173112392425537
0.38914817571640015 0.3979584872722626
0.3887839615345001 0.40633976459503174
0.38867953419685364 0.4042701721191406
0.3887956142425537 0.40204182267189026
0.3889768421649933 0.4117676913738251
0.3888477385044098 0.40211760997772217
0.3890150785446167 0.4019773602485657
0.38865405321121216 0.4047708213329315
0.3889937996864319 0.40128087997436523
0.38921159505844116 0.39980313181877136
0.3885224759578705 0.4058098793029785
0.38857147097587585 0.4028656780719757
0.388743132352829 0.4012047350406647
0.3896216154098511 0.3996257781982422
0.3887019753456116 0.41732391715049744
0.38877367973327637 0.39907851815223694
0.38824400305747986 0.40457603335380554
0.3882691264152527 0.3991853892803192
0.38855618238449097 0.39820319414138794
0.38844743371009827 0.405134379863739
0.3884192705154419 0.40216997265815735
0.3880777060985565 0.4020727276802063
0.3884389400482178 0.4018384516239166
0.3887072503566742 0.3988233208656311
0.3883498013019562 0.40175455808639526
0.387961745262146 0.40654876828193665
0.38836371898651123 0.40025362372398376
0.38783085346221924 0.39991655945777893
0.38794150948524475 0.39945605397224426
0.388243705034256 0.4023979604244232
0.3877989649772644 0.404737651348114
0.3877641558647156 0.3967278301715851
0.3877685070037842 0.4019569158554077
0.38782602548599243 0.41091814637184143
0.38804417848587036 0.40353214740753174
0.3879479169845581 0.4071909785270691
0.38784080743789673 0.3971967101097107
0.3875112235546112 0.408189594745636
0.3883190155029297 0.39914679527282715
0.3876737356185913 0.4004749357700348
0.38794711232185364 0.4065897762775421
0.38788896799087524 0.39772871136665344
0.3879191279411316 0.40386998653411865
0.3877114951610565 0.4046519994735718
0.38794252276420593 0.40566354990005493
0.3879353106021881 0.3980686068534851
0.38778719305992126 0.4009128510951996
0.3876385986804962 0.40125077962875366
0.3873516321182251 0.40196558833122253
0.3873765468597412 0.3993726074695587
0.38768312335014343 0.39798253774642944
0.3875390589237213 0.40245693922042847
0.3875821530818939 0.39975985884666443
0.38730910420417786 0.40095990896224976
0.3873874545097351 0.3989790976047516
0.387323260307312 0.3981703221797943
0.38731691241264343 0.40318477153778076
0.3873264789581299 0.398700475692749
0.38731154799461365 0.40095818042755127
0.3871140778064728 0.4038727581501007
0.3872500956058502 0.40361082553863525
0.387051522731781 0.4029197692871094
0.3868845999240875 0.3986489772796631
0.38711291551589966 0.40033283829689026
0.3868109881877899 0.4046904444694519
0.3872568905353546 0.4004673659801483
0.3865009546279907 0.398847758769989
0.38724571466445923 0.40474462509155273
0.3870469033718109 0.40274789929389954
0.3869127631187439 0.4038965106010437
0.3871863782405853 0.405305951833725
0.3866707980632782 0.399059534072876
0.38660353422164917 0.39793747663497925
0.386554092168808 0.4018641710281372
0.3862885534763336 0.41226091980934143
0.38679370284080505 0.3993522524833679
0.38648146390914917 0.41245776414871216
0.3866312503814697 0.4007450044155121
0.38642433285713196 0.40381622314453125
0.3867086172103882 0.4018886983394623
0.38652360439300537 0.4025022089481354
0.3864419162273407 0.40039724111557007
0.38697847723960876 0.40642282366752625
0.3864760994911194 0.4055694341659546
0.3864559829235077 0.4048701822757721
0.3864681124687195 0.40042954683303833
0.3868088722229004 0.3988191485404968
0.3904133141040802 0.39781317114830017
0.3863334059715271 0.3989787995815277
0.38632118701934814 0.40311992168426514
0.38635191321372986 0.40033504366874695
0.3868696987628937 0.4083634912967682
0.3867996037006378 0.406318336725235
0.38636308908462524 0.39903321862220764
0.3863638639450073 0.4004487097263336
0.386397123336792 0.40218013525009155
0.3859020173549652 0.40294143557548523
0.38620713353157043 0.4038616418838501
0.38610830903053284 0.4034457206726074
0.38581424951553345 0.40081292390823364
0.38556694984436035 0.40924569964408875
0.3864063322544098 0.4017336070537567
0.3861081898212433 0.3972584307193756
0.3859115540981293 0.40460559725761414
0.38557764887809753 0.40158984065055847
0.3862079679965973 0.40217581391334534
0.38567766547203064 0.4030030369758606
0.3860391676425934 0.39928650856018066
0.3858310878276825 0.4022652208805084
0.3855908215045929 0.40177464485168457
0.38587963581085205 0.41171032190322876
0.385591983795166 0.4026918113231659
0.38616982102394104 0.40083667635917664
0.38582393527030945 0.3996075987815857
0.3859412968158722 0.4149612784385681
0.38563427329063416 0.4027976095676422
0.3859522342681885 0.4037166237831116
0.3855821192264557 0.40929272770881653
0.3852822184562683 0.39846205711364746
0.38547542691230774 0.398428738117218
0.38546815514564514 0.4043128192424774
0.3853995203971863 0.4027467370033264
0.3854045271873474 0.3985070288181305
0.38535016775131226 0.4145863354206085
0.385240375995636 0.40589675307273865
0.385609894990921 0.4043591320514679
0.38536420464515686 0.4036150872707367
0.3854709267616272 0.39926677942276
0.38516443967819214 0.40403905510902405
0.38532987236976624 0.4017721712589264
0.38523492217063904 0.4059475064277649
0.385356605052948 0.4015110731124878
0.38507720828056335 0.4045245945453644
0.3851062059402466 0.4022602140903473
0.3856586515903473 0.40205758810043335
0.3852919936180115 0.4008755385875702
0.3851104974746704 0.40182754397392273
0.3854790925979614 0.40210849046707153
0.38509735465049744 0.39894139766693115
0.3853986859321594 0.398549884557724
0.38483884930610657 0.40145668387413025
0.3848704397678375 0.4058908522129059
0.3848360776901245 0.4059379994869232
0.38506072759628296 0.4059608578681946
0.3844667375087738 0.40568703413009644
0.3845589756965637 0.412802129983902
0.38463082909584045 0.40524762868881226
0.38457849621772766 0.4048369228839874
0.3844245672225952 0.4026843309402466
0.38436412811279297 0.406229168176651
0.38462692499160767 0.4035928249359131
0.3847696781158447 0.4096353352069855
0.38469940423965454 0.4050867557525635
0.3846459686756134 0.40093252062797546
0.3847070336341858 0.3993241488933563
0.3845655620098114 0.4085131585597992
0.384439080953598 0.40479186177253723
0.3847494125366211 0.40588700771331787
0.3846451938152313 0.4088008999824524
0.3848690390586853 0.40047353506088257
0.38478365540504456 0.4021989107131958
0.38475966453552246 0.4021211564540863
0.38442522287368774 0.40279915928840637
0.38495901226997375 0.39955374598503113
0.384261816740036 0.4018036127090454
0.38450512290000916 0.40470200777053833
0.38402628898620605 0.40030205249786377
0.38421157002449036 0.3993260860443115
0.38433828949928284 0.3998927175998688
0.3841138780117035 0.3992863893508911
0.3844633400440216 0.4023626744747162
0.38426947593688965 0.40162551403045654
0.3843354284763336 0.3984503448009491
0.3842151165008545 0.39875075221061707
0.3841058611869812 0.3994952440261841
0.38375842571258545 0.4068676829338074
0.3842869997024536 0.4001798927783966
0.38412174582481384 0.39861664175987244
0.38438621163368225 0.39915984869003296
0.3840131461620331 0.4042622148990631
0.3836731016635895 0.40143314003944397
0.38409551978111267 0.4024207293987274
0.3836687505245209 0.39945870637893677
0.38412871956825256 0.4002169072628021
0.383811354637146 0.39944911003112793
0.3840661644935608 0.40241706371307373
0.3837275803089142 0.4165439307689667
0.38380929827690125 0.4037577509880066
0.3837246000766754 0.39982467889785767
0.38383278250694275 0.3990102708339691
0.38367053866386414 0.4113674759864807
0.3834837079048157 0.39956992864608765
0.38339972496032715 0.39918744564056396
0.38347476720809937 0.4011912941932678
0.3837234079837799 0.4013534486293793
0.38374102115631104 0.40034255385398865
0.38355642557144165 0.402219295501709
0.3837677836418152 0.4003678262233734
0.38341817259788513 0.4017590284347534
0.3838028609752655 0.407550185918808
0.3835623860359192 0.40917348861694336
0.38349243998527527 0.3996901214122772
0.3833688795566559 0.4015929400920868
0.383438378572464 0.40209031105041504
0.38340094685554504 0.4243583083152771
0.3833668828010559 0.4014582633972168
0.3832102119922638 0.39995846152305603
0.38363561034202576 0.41602155566215515
0.3836055099964142 0.4024878442287445
0.38338959217071533 0.4026225209236145
0.38359519839286804 0.4000087082386017
0.38289156556129456 0.40042319893836975
0.3830018639564514 0.40287065505981445
0.3827858567237854 0.4057016372680664
0.38293638825416565 0.40714457631111145
0.3830731511116028 0.41633787751197815
0.38309478759765625 0.4006185531616211
0.3829129636287689 0.40288183093070984
0.3830651640892029 0.40325722098350525
0.3829039931297302 0.4000515341758728
0.3830403983592987 0.3999597728252411
0.382968008518219 0.4043528139591217
0.38270363211631775 0.4074019491672516
0.38290518522262573 0.40218469500541687
0.38315579295158386 0.40403157472610474
0.38278916478157043 0.39915794134140015
0.3828146159648895 0.403369665145874
0.38275837898254395 0.40908899903297424
0.38287875056266785 0.40528494119644165
0.38279473781585693 0.3999289572238922
0.3830145299434662 0.3981039226055145
0.3828873336315155 0.40029239654541016
0.38311105966567993 0.40231040120124817
0.3827681839466095 0.3992021977901459
0.38265955448150635 0.4026704430580139
0.38262051343917847 0.40296682715415955
0.38235899806022644 0.40383055806159973
0.38284996151924133 0.4210440218448639
0.3825092315673828 0.40118512511253357
0.38250553607940674 0.4066028296947479
0.3826356828212738 0.401531457901001
0.3825553059577942 0.4063577651977539
0.38240888714790344 0.4006270468235016
0.3828342854976654 0.40511807799339294
0.38233599066734314 0.39992353320121765
0.382319837808609 0.408050537109375
0.3822496235370636 0.40169453620910645
0.38235342502593994 0.40051525831222534
0.3824264109134674 0.41075387597084045
0.38267868757247925 0.3993682563304901
0.3824508786201477 0.40032991766929626
0.38219866156578064 0.4004829525947571
0.38237449526786804 0.40609580278396606
0.3820549249649048 0.39866745471954346
0.3821460008621216 0.4039142429828644
0.3822265565395355 0.3996058702468872
0.382177472114563 0.4005965292453766
0.38204994797706604 0.40556830167770386
0.3818654716014862 0.40434569120407104
0.38197416067123413 0.4096921980381012
0.3818512558937073 0.41033414006233215
0.3818982243537903 0.39965930581092834
0.3819279372692108 0.3994087874889374
0.38215598464012146 0.40133073925971985
0.38206708431243896 0.40150508284568787
0.38184136152267456 0.4019797742366791
0.38203901052474976 0.4004029631614685
0.3819636404514313 0.4003661274909973
0.38166481256484985 0.40362054109573364
0.3820820748806 0.40377095341682434
0.38183948397636414 0.4005796015262604
0.38191041350364685 0.3999916613101959
0.38201630115509033 0.3989965617656708
0.3821077346801758 0.3997289538383484
0.38192737102508545 0.4046272337436676
0.38190290331840515 0.4085436165332794
0.38190433382987976 0.40337124466896057
0.3819487690925598 0.4010617136955261
0.3817436099052429 0.4065961241722107
0.38176727294921875 0.4049294590950012
0.38176849484443665 0.40043795108795166
0.38140803575515747 0.3999846279621124
0.38156992197036743 0.4004270136356354
0.3816935420036316 0.4014557898044586
0.3814307749271393 0.4003559350967407
0.3816222548484802 0.401883602142334
0.38157424330711365 0.4029141068458557
0.3814912438392639 0.39887019991874695
0.38157644867897034 0.4040173590183258
0.3815455138683319 0.401668906211853
0.3811412751674652 0.39919841289520264
0.3813943862915039 0.40521863102912903
0.3816009759902954 0.4004156291484833
0.381293922662735 0.4005097448825836
0.38159891963005066 0.4050447940826416
0.3814469575881958 0.3995376229286194
0.381128191947937 0.4032444655895233
0.3812544345855713 0.4081553816795349
0.38139650225639343 0.4004894196987152
0.3814246952533722 0.39985695481300354
0.38106730580329895 0.40285491943359375
0.38160720467567444 0.4009455442428589
0.381195992231369 0.4011400640010834
0.3814420700073242 0.4010116159915924
0.3810168206691742 0.4011114239692688
0.3809795081615448 0.4038141667842865
0.38098597526550293 0.40287455916404724
0.38106369972229004 0.40329185128211975
0.3808385133743286 0.40125909447669983
0.381200909614563 0.40481775999069214
0.3811596930027008 0.40146082639694214
0.381041944026947 0.4011717140674591
0.3807245194911957 0.3999919891357422
