1.52640700340271 1.531976342201233
1.484114408493042 1.4995485544204712
1.4786670207977295 1.5080856084823608
1.476730465888977 1.4997894763946533
1.4757038354873657 1.5049222707748413
1.4754829406738281 1.5019209384918213
1.4751495122909546 1.5244570970535278
1.4748173952102661 1.4986920356750488
1.4745326042175293 1.5014872550964355
1.4746391773223877 1.5074472427368164
1.47475004196167 1.5149731636047363
1.4747720956802368 1.500893235206604
1.4743164777755737 1.4987103939056396
1.474493145942688 1.5077918767929077
1.42129385471344 1.3192161321640015
1.1963112354278564 1.1745866537094116
1.109495997428894 1.094071388244629
1.0566407442092896 1.052993655204773
1.0151383876800537 1.0096498727798462
0.9744009375572205 0.952322781085968
0.8713156580924988 0.7626430988311768
0.593708872795105 0.45624157786369324
0.4341694414615631 0.42020949721336365
0.3978336751461029 0.42890191078186035
0.3827507793903351 0.39931491017341614
0.3733457028865814 0.3961220681667328
0.36601459980010986 0.3612752854824066
0.3602699041366577 0.35277077555656433
0.3540710508823395 0.34265998005867004
0.34989410638809204 0.3451603949069977
0.3449871838092804 0.33645838499069214
0.34183481335639954 0.3444593846797943
0.3372945785522461 0.3254753053188324
0.3337835371494293 0.38054749369621277
0.33182087540626526 0.3313470482826233
0.3277175724506378 0.3263693153858185
0.32593023777008057 0.35869652032852173
0.32287174463272095 0.32190418243408203
0.32072609663009644 0.33756089210510254
0.31956198811531067 0.33538249135017395
0.31895843148231506 0.32652702927589417
0.31575343012809753 0.3157212734222412
0.3141462802886963 0.332612007856369
0.3130604028701782 0.31703150272369385
0.3112068772315979 0.32782378792762756
0.31085681915283203 0.31454023718833923
0.3096306324005127 0.30868545174598694
0.30954283475875854 0.3180641531944275
0.3080866038799286 0.3095354735851288
0.3061561584472656 0.3005824089050293
0.30402740836143494 0.3076418936252594
0.3059820532798767 0.3092149496078491
0.3046056032180786 0.3437045216560364
0.30367136001586914 0.36469393968582153
0.3040282726287842 0.3096071779727936
0.3013897240161896 0.31060028076171875
0.3019116520881653 0.3147527873516083
0.3017391264438629 0.2977150082588196
0.2999242842197418 0.29575425386428833
0.2993123531341553 0.3268932104110718
0.2996141016483307 0.31723955273628235
0.2991643249988556 0.3041875958442688
0.3004065454006195 0.3184872269630432
0.29736050963401794 0.29757291078567505
0.2979744076728821 0.29870206117630005
0.29672157764434814 0.3056224286556244
0.29542818665504456 0.3315166234970093
0.29466256499290466 0.2925175726413727
0.2956616282463074 0.2931106686592102
0.2967475950717926 0.2936592698097229
0.29480934143066406 0.3095501661300659
0.293466180562973 0.34227457642555237
0.2939680218696594 0.32518577575683594
0.2937905490398407 0.30937060713768005
0.2921101748943329 0.29710543155670166
0.2919379472732544 0.2955808937549591
0.2919808328151703 0.2970336377620697
0.2923550009727478 0.3306218385696411
0.29181593656539917 0.28900447487831116
0.29141122102737427 0.3067939877510071
0.29190096259117126 0.29076334834098816
0.29113587737083435 0.2855990529060364
0.2906908392906189 0.28314462304115295
0.29060593247413635 0.3090890645980835
0.29089632630348206 0.2961117625236511
0.2892601191997528 0.3094496726989746
0.28923144936561584 0.30048608779907227
0.2886333465576172 0.31047725677490234
0.28916212916374207 0.29096731543540955
0.2892442047595978 0.3169029653072357
0.2883651554584503 0.2914947271347046
0.28867456316947937 0.3121553659439087
0.28879761695861816 0.2926017642021179
0.2881814241409302 0.2845992147922516
0.28854241967201233 0.29865217208862305
0.28695133328437805 0.3127800524234772
0.2875737249851227 0.2937968373298645
0.2870548367500305 0.33487439155578613
0.28805938363075256 0.3122473657131195
0.28795984387397766 0.2905212640762329
0.28504523634910583 0.2959456145763397
0.286733478307724 0.3021661341190338
0.28610682487487793 0.3003314435482025
0.28499937057495117 0.284956157207489
0.2850821912288666 0.28567788004875183
0.28605136275291443 0.310783326625824
0.2855303883552551 0.3124887943267822
0.28683164715766907 0.30225637555122375
0.28437939286231995 0.29645025730133057
0.28499066829681396 0.3119666576385498
0.2841458022594452 0.30758896470069885
0.2853023409843445 0.2979894280433655
0.283346563577652 0.286464124917984
0.2830887734889984 0.2984383702278137
0.2829321324825287 0.30120500922203064
0.2834722697734833 0.2908029854297638
0.2836689054965973 0.29574283957481384
0.28308820724487305 0.3061094880104065
0.2828957140445709 0.2884320914745331
0.28333598375320435 0.3016293942928314
0.28250381350517273 0.281283974647522
0.2823454439640045 0.30060747265815735
0.2822253406047821 0.2903880774974823
0.2829796075820923 0.29205355048179626
0.28173089027404785 0.2881406247615814
0.28239721059799194 0.31488415598869324
0.28276991844177246 0.2906671464443207
0.28083428740501404 0.27624860405921936
0.2831208407878876 0.30759990215301514
0.2817511558532715 0.3015437722206116
0.28140878677368164 0.2840624153614044
0.2807967960834503 0.29743310809135437
0.2800593972206116 0.3101087212562561
0.2804981768131256 0.2812758982181549
0.28138676285743713 0.29340463876724243
0.2805441617965698 0.2919285297393799
0.27887171506881714 0.31269627809524536
0.2814967632293701 0.29343271255493164
0.28120747208595276 0.291780561208725
0.2807754874229431 0.28399285674095154
0.279644250869751 0.3027018904685974
0.2802557945251465 0.28399398922920227
0.27938172221183777 0.2815924882888794
0.27941250801086426 0.3069586157798767
0.2801537811756134 0.27946555614471436
0.2794119417667389 0.2957361936569214
0.2801723778247833 0.28700417280197144
0.2796788215637207 0.2806980013847351
0.27950748801231384 0.29688185453414917
0.2795550525188446 0.29056987166404724
0.279621958732605 0.2794100046157837
0.27907535433769226 0.2846945822238922
0.27899450063705444 0.28671592473983765
0.2788742184638977 0.28984376788139343
0.2794375419616699 0.2921205759048462
0.2776055634021759 0.2752265930175781
0.27808523178100586 0.28250670433044434
0.2783753275871277 0.28426751494407654
0.2763184607028961 0.27978700399398804
0.27730420231819153 0.2822246551513672
0.27801668643951416 0.28688329458236694
0.27791959047317505 0.36734089255332947
0.2772774398326874 0.28402021527290344
0.27636513113975525 0.29133808612823486
0.2777877151966095 0.28070178627967834
0.27836793661117554 0.28163644671440125
0.2770042419433594 0.2812066376209259
0.27680930495262146 0.28098708391189575
0.2775922119617462 0.2982502579689026
0.2765692472457886 0.29032158851623535
0.2771698534488678 0.28237026929855347
0.275805801153183 0.2863512337207794
0.2765813171863556 0.2952933609485626
0.2761476933956146 0.2873387634754181
0.27659139037132263 0.27783074975013733
0.27580419182777405 0.285238116979599
0.27615493535995483 0.27899369597435
0.2762482762336731 0.30643877387046814
0.27586525678634644 0.3162823021411896
0.27596861124038696 0.27952489256858826
0.2756775915622711 0.277902215719223
0.275365948677063 0.30024901032447815
0.2754064202308655 0.2772671580314636
0.2746028006076813 0.2787841558456421
0.2759611904621124 0.2917809784412384
0.27586257457733154 0.3099161684513092
0.27480947971343994 0.32210713624954224
0.27472636103630066 0.303598016500473
0.2747895419597626 0.3048570454120636
0.2746487259864807 0.2839883863925934
0.2757425010204315 0.31755372881889343
0.2748255431652069 0.2821093797683716
0.27626511454582214 0.3056652247905731
0.27540624141693115 0.2965271770954132
0.2748853862285614 0.2853228747844696
0.2746361494064331 0.2833879888057709
0.27553823590278625 0.28100165724754333
0.2747768461704254 0.2824077010154724
0.27327772974967957 0.2900907099246979
0.2736143171787262 0.2799990475177765
0.2744491398334503 0.2805589735507965
0.27457088232040405 0.28537800908088684
0.2751000225543976 0.29718273878097534
0.27472084760665894 0.31356072425842285
0.2735256850719452 0.3088950514793396
0.27274709939956665 0.2828614115715027
0.2740725874900818 0.28673210740089417
0.2736082375049591 0.30696287751197815
0.27427971363067627 0.27558574080467224
0.2734926640987396 0.2922333776950836
0.2724246084690094 0.2865810990333557
0.27298352122306824 0.2741096615791321
0.27273303270339966 0.27731770277023315
0.27287715673446655 0.2966797351837158
0.273076593875885 0.2894691526889801
0.2730536162853241 0.2744526267051697
0.2726301848888397 0.2925336956977844
0.2725990116596222 0.29766756296157837
0.2726612985134125 0.3027923107147217
0.2721581757068634 0.2940267324447632
0.2728902995586395 0.2935454547405243
0.27190664410591125 0.2864375412464142
0.2721301317214966 0.2823874056339264
0.2725960314273834 0.29376155138015747
0.2717151343822479 0.2798183858394623
0.27178847789764404 0.28768283128738403
0.27171850204467773 0.2845178246498108
0.27153053879737854 0.29614850878715515
0.2721542716026306 0.2889310121536255
0.2713087797164917 0.2805440425872803
0.272300660610199 0.2958337366580963
0.2720766067504883 0.2844504117965698
0.27175426483154297 0.27715808153152466
0.27163025736808777 0.2858831286430359
0.2722128927707672 0.28739047050476074
0.2704301178455353 0.2944243550300598
0.2700304687023163 0.28757211565971375
0.2708001732826233 0.2756354808807373
0.26999619603157043 0.3113690912723541
0.2703310549259186 0.28390929102897644
0.27022185921669006 0.28663888573646545
0.2702507972717285 0.30534595251083374
0.2700839042663574 0.28864771127700806
0.27040383219718933 0.30276384949684143
0.27216705679893494 0.27798667550086975
0.2695058584213257 0.27725812792778015
0.27059996128082275 0.2886771857738495
0.2698625922203064 0.27507174015045166
0.27042415738105774 0.3066251575946808
0.2705918252468109 0.2843438386917114
0.27086538076400757 0.27508658170700073
0.26897338032722473 0.28341472148895264
0.2693060636520386 0.2863066792488098
0.26985669136047363 0.3068085312843323
0.26971447467803955 0.294868528842926
0.26972928643226624 0.2891579568386078
0.2695055902004242 0.2715126574039459
0.26958900690078735 0.2924318313598633
0.2693920433521271 0.2921314835548401
0.27024856209754944 0.27837032079696655
0.26844456791877747 0.3072628378868103
0.26936185359954834 0.2766384184360504
0.26924213767051697 0.2844819724559784
0.2696429193019867 0.2773744761943817
0.26934412121772766 0.28124794363975525
0.2692011892795563 0.2829727530479431
0.26801368594169617 0.27869874238967896
0.26783913373947144 0.3085562586784363
0.2690616846084595 0.28964558243751526
0.2684454023838043 0.2895740568637848
0.2685220539569855 0.27448663115501404
0.26845458149909973 0.30373615026474
0.26896873116493225 0.27666014432907104
0.26953479647636414 0.2775588929653168
0.26738861203193665 0.326677143573761
0.2683664858341217 0.28495121002197266
0.2673570513725281 0.2771793007850647
0.26880162954330444 0.2904614508152008
0.26888930797576904 0.29845669865608215
0.26750272512435913 0.2722982168197632
0.26775413751602173 0.27468815445899963
0.26799824833869934 0.28210151195526123
0.26769521832466125 0.28271007537841797
0.26802530884742737 0.27494075894355774
0.26752135157585144 0.3028126060962677
0.26814037561416626 0.284402459859848
0.26745712757110596 0.28350216150283813
0.2678326368331909 0.2866196036338806
0.26775768399238586 0.3078332543373108
0.26778534054756165 0.275173544883728
0.26713332533836365 0.28127408027648926
0.26747483015060425 0.2764226794242859
0.26716741919517517 0.27875611186027527
0.2679618299007416 0.27556928992271423
0.26691609621047974 0.31001797318458557
0.2672058343887329 0.27766120433807373
0.26775264739990234 0.37398722767829895
0.2674531042575836 0.29834163188934326
0.26851341128349304 0.29119521379470825
0.26649877429008484 0.28803661465644836
0.2664228677749634 0.2725220024585724
0.26662328839302063 0.28417328000068665
0.2673642933368683 0.27380573749542236
0.2668801248073578 0.29991599917411804
0.26672303676605225 0.2734912037849426
0.26554638147354126 0.2843734622001648
0.26597166061401367 0.276058554649353
0.2662814259529114 0.28436458110809326
0.26616135239601135 0.2966426908969879
0.2659842073917389 0.2746520936489105
0.26622793078422546 0.2753390073776245
0.2656768560409546 0.27605411410331726
0.26583540439605713 0.27226200699806213
0.2657933831214905 0.34574460983276367
0.26612311601638794 0.2860870063304901
0.2661759853363037 0.27739137411117554
0.26583337783813477 0.27360454201698303
0.2652811110019684 0.2943958640098572
0.26580631732940674 0.2775764763355255
0.2654709219932556 0.3045797646045685
0.26500099897384644 0.2714121341705322
0.26572513580322266 0.2918093204498291
0.26573917269706726 0.27294668555259705
0.2658447325229645 0.275124728679657
0.2653433680534363 0.28162482380867004
0.26546406745910645 0.2975517511367798
0.2651937007904053 0.2855018377304077
0.26546263694763184 0.2869974970817566
0.265231728553772 0.27473384141921997
0.2655772268772125 0.2892782390117645
0.26417070627212524 0.2899814248085022
0.2659299075603485 0.29707464575767517
0.26538020372390747 0.2763894200325012
0.2640992999076843 0.27405744791030884
0.2637178897857666 0.2729756832122803
0.26518774032592773 0.2873629033565521
0.264713317155838 0.2795441448688507
0.26456400752067566 0.28444191813468933
0.26403868198394775 0.28549644351005554
0.26547130942344666 0.2810644209384918
0.2645905315876007 0.28023818135261536
0.26405689120292664 0.27479487657546997
0.2640734314918518 0.3127836287021637
0.265951544046402 0.28345394134521484
0.2648046910762787 0.312764972448349
0.26480790972709656 0.2868146300315857
0.26401713490486145 0.2710127830505371
0.26418372988700867 0.27526965737342834
0.2643279731273651 0.2937070429325104
0.2653544247150421 0.2743914723396301
0.2645021080970764 0.29976579546928406
0.26440468430519104 0.284383088350296
0.2634892165660858 0.27730223536491394
0.26458489894866943 0.28246012330055237
0.2640402317047119 0.3012848198413849
0.2639937400817871 0.31797823309898376
0.2641007602214813 0.2793407738208771
0.2638394236564636 0.2795811891555786
0.26402559876441956 0.28336480259895325
0.26372191309928894 0.2774817943572998
0.2636949121952057 0.2755783200263977
0.26419395208358765 0.29111653566360474
0.2627169191837311 0.28613847494125366
0.2635393440723419 0.2752629518508911
0.2630719840526581 0.28336361050605774
0.26372653245925903 0.27764803171157837
0.2640109956264496 0.2748224437236786
0.26358938217163086 0.27754321694374084
0.26239877939224243 0.30272436141967773
0.263511061668396 0.2901386320590973
0.26279935240745544 0.2796632647514343
0.2636028230190277 0.27549633383750916
0.26355597376823425 0.2846256196498871
0.26346442103385925 0.30861058831214905
0.26282453536987305 0.2730708718299866
0.2637961506843567 0.27678826451301575
0.2634194493293762 0.3060683608055115
0.26311418414115906 0.2759702801704407
0.2632116377353668 0.28513821959495544
0.262258380651474 0.2828070819377899
0.26182103157043457 0.28817957639694214
0.26343828439712524 0.2795668840408325
0.26243939995765686 0.2755036950111389
0.262233704328537 0.27328380942344666
0.26300084590911865 0.288072407245636
0.2631783187389374 0.2938646972179413
0.26290279626846313 0.28012722730636597
0.2627798616886139 0.2831287384033203
0.2631729245185852 0.28007829189300537
0.26271194219589233 0.2847946286201477
0.2621235251426697 0.27827587723731995
0.2620156407356262 0.2767782211303711
0.26254191994667053 0.28207746148109436
0.2621016800403595 0.2958013117313385
0.26336678862571716 0.30366042256355286
0.26241907477378845 0.2751763164997101
0.2636071741580963 0.2890039086341858
0.27209198474884033 0.2752738893032074
0.26117345690727234 0.29354119300842285
0.2634292542934418 0.2790749669075012
0.26156944036483765 0.27932628989219666
0.2616637647151947 0.29166144132614136
0.26188433170318604 0.28210556507110596
0.262513130903244 0.283650666475296
0.2614133954048157 0.2713199257850647
0.2624140977859497 0.2753373384475708
0.2614549696445465 0.2861483097076416
0.26155027747154236 0.2798749804496765
0.2619142532348633 0.2767600119113922
0.26095762848854065 0.27482178807258606
0.26133882999420166 0.2742401957511902
0.2624683976173401 0.31708550453186035
0.2617367208003998 0.3052634298801422
0.26151347160339355 0.2916783094406128
0.26028621196746826 0.2768092751502991
0.26112955808639526 0.27762407064437866
0.2609010338783264 0.2718351483345032
0.26177799701690674 0.2851417660713196
0.2609979510307312 0.2822369933128357
0.260883629322052 0.2770313620567322
0.26130783557891846 0.28142568469047546
0.26072120666503906 0.2731616795063019
0.2598848044872284 0.28515464067459106
0.2611609697341919 0.33237242698669434
0.2601228952407837 0.2783079147338867
0.2615220546722412 0.2967160642147064
0.26111817359924316 0.28954413533210754
0.26080816984176636 0.27821147441864014
0.25999560952186584 0.27392125129699707
0.2609585225582123 0.2871851921081543
0.2606149911880493 0.2780205309391022
0.26106902956962585 0.27856019139289856
0.2607269883155823 0.27560538053512573
0.2612229287624359 0.27093151211738586
0.26080724596977234 0.27189409732818604
0.2609225809574127 0.2937358319759369
0.2608087658882141 0.29700687527656555
0.26122117042541504 0.28291642665863037
0.2602297067642212 0.2742781639099121
0.2610771954059601 0.3051413893699646
0.26098620891571045 0.3109368681907654
0.25999605655670166 0.2731744050979614
0.2610488533973694 0.29639261960983276
0.2608102262020111 0.28015634417533875
0.26040539145469666 0.2909238636493683
0.25969216227531433 0.27459993958473206
0.26087671518325806 0.28205421566963196
0.2598607540130615 0.27740001678466797
0.259482741355896 0.28012919425964355
0.2605648338794708 0.2867383360862732
0.25906288623809814 0.276680052280426
0.2609202265739441 0.28038734197616577
0.26065176725387573 0.2895168662071228
0.2592175602912903 0.2681097090244293
0.26084133982658386 0.2781869173049927
0.26056331396102905 0.27258026599884033
0.26014456152915955 0.2958824634552002
0.26000240445137024 0.27654388546943665
0.2597312927246094 0.27593716979026794
0.26033830642700195 0.2872796058654785
0.2602263391017914 0.27875304222106934
0.2613102197647095 0.2742314338684082
0.2596508860588074 0.28555184602737427
0.2595985233783722 0.27603423595428467
0.25976619124412537 0.2832059860229492
0.2609001100063324 0.30050888657569885
0.2598215341567993 0.29243767261505127
0.26001232862472534 0.2778652310371399
0.2603302597999573 0.2736923098564148
0.2606992721557617 0.31599292159080505
0.25929734110832214 0.2797132730484009
0.26002565026283264 0.292666494846344
0.25931185483932495 0.2726154029369354
0.25908735394477844 0.27950620651245117
0.2593500316143036 0.3075052797794342
0.2595406770706177 0.27861595153808594
0.259174644947052 0.27404505014419556
0.2595526874065399 0.28453192114830017
0.2587094008922577 0.2946854829788208
0.2603118419647217 0.27542436122894287
0.2590181529521942 0.3056644797325134
0.2595011591911316 0.2722828984260559
0.259644478559494 0.29922229051589966
0.25987508893013 0.2774029076099396
0.2588045299053192 0.27648910880088806
0.25941765308380127 0.2882011830806732
0.2596223056316376 0.27442458271980286
0.25837305188179016 0.3079818785190582
0.25909724831581116 0.2797265946865082
0.2597101032733917 0.2782561182975769
0.25829601287841797 0.29634353518486023
0.2575015723705292 0.2881062924861908
0.2590647339820862 0.2814197540283203
0.25883468985557556 0.281094491481781
0.2600070834159851 0.28492802381515503
0.2585747241973877 0.27015420794487
0.25853362679481506 0.2713841199874878
0.25759026408195496 0.2902357280254364
0.2596047520637512 0.2784350514411926
0.2582226097583771 0.29237499833106995
0.25908875465393066 0.2936609387397766
0.25859662890434265 0.2861029803752899
0.2590373754501343 0.27279117703437805
0.25876572728157043 0.27491119503974915
0.26348569989204407 0.2687302231788635
0.25640788674354553 0.28656768798828125
0.25822174549102783 0.2756205201148987
0.258990615606308 0.2872992753982544
0.2581044137477875 0.2790815234184265
0.2602343261241913 0.28074997663497925
0.2581180930137634 0.2904614210128784
0.2592374384403229 0.27922120690345764
0.25928211212158203 0.27597856521606445
0.2578290104866028 0.2744372487068176
0.2582504153251648 0.27325230836868286
0.25848379731178284 0.29077857732772827
0.2581532597541809 0.28906452655792236
0.25767120718955994 0.2806273102760315
0.25735366344451904 0.28296002745628357
0.2590697705745697 0.30326366424560547
0.2575129568576813 0.280376672744751
0.2575684189796448 0.28281182050704956
0.25823938846588135 0.28473329544067383
0.2571195662021637 0.2735607326030731
0.25727513432502747 0.2706656754016876
0.2572941184043884 0.28010180592536926
0.2577105164527893 0.28223904967308044
0.2580849230289459 0.28217631578445435
0.2587153911590576 0.2796008586883545
0.2589954137802124 0.29970628023147583
0.2585209906101227 0.28499433398246765
0.2571932077407837 0.2799937427043915
0.2583359479904175 0.2757854461669922
0.25827184319496155 0.28664618730545044
0.2574944794178009 0.27808621525764465
0.25734907388687134 0.30343642830848694
0.25741323828697205 0.27882206439971924
0.2575698494911194 0.2778979539871216
0.25863540172576904 0.28561365604400635
0.2583533525466919 0.27989882230758667
0.25714796781539917 0.3072810471057892
0.25770601630210876 0.2720894515514374
0.25758257508277893 0.2834625244140625
0.2579021453857422 0.28692862391471863
0.2574857175350189 0.2810296416282654
0.2578667104244232 0.2946789264678955
0.2568521797657013 0.2877090871334076
0.25730112195014954 0.27931928634643555
0.25760504603385925 0.2728056013584137
0.2574554979801178 0.2848142087459564
0.25770339369773865 0.28072306513786316
0.2571038603782654 0.2974148988723755
0.2563313841819763 0.28290069103240967
0.2564728856086731 0.2777584493160248
0.25749802589416504 0.27746325731277466
0.25662174820899963 0.27544084191322327
0.25742319226264954 0.27755528688430786
0.25681811571121216 0.3049907386302948
0.2580123543739319 0.3036367893218994
0.256530225276947 0.28430846333503723
0.25752660632133484 0.27535879611968994
0.256575345993042 0.2751692533493042
0.2569913864135742 0.2714468538761139
0.25540781021118164 0.27664732933044434
0.2566952705383301 0.28008517622947693
0.2568097710609436 0.2822425067424774
0.2568829357624054 0.2846433222293854
0.25704526901245117 0.2816736102104187
0.25705400109291077 0.2803470492362976
0.25606030225753784 0.3023175299167633
0.2573579251766205 0.29297930002212524
0.2568404972553253 0.27278611063957214
0.2569790184497833 0.28266510367393494
0.2566119432449341 0.3011293113231659
0.2565363049507141 0.2895847260951996
0.25518113374710083 0.28355252742767334
0.25628870725631714 0.2768206000328064
0.25606030225753784 0.29236552119255066
0.25710469484329224 0.29759061336517334
0.25608375668525696 0.27511459589004517
0.255837619304657 0.2722516357898712
0.25621992349624634 0.2931159734725952
0.25676801800727844 0.29247623682022095
0.2560420632362366 0.28619763255119324
0.25680264830589294 0.2782944440841675
0.2568233907222748 0.2918640971183777
0.2570910155773163 0.28133976459503174
0.2555411159992218 0.28067609667778015
0.25570783019065857 0.2800038456916809
0.25635549426078796 0.2959464490413666
0.256529301404953 0.2741589844226837
0.2567262053489685 0.2796567678451538
0.2550305724143982 0.28344258666038513
0.2564012408256531 0.28648972511291504
0.2557315230369568 0.2861618995666504
0.25597724318504333 0.2703394293785095
0.25738921761512756 0.2734139859676361
0.25590571761131287 0.2786470353603363
0.2553960680961609 0.2754112482070923
0.25548863410949707 0.27870333194732666
0.25635501742362976 0.2919674515724182
0.2561139762401581 0.27578267455101013
0.2560124695301056 0.277621865272522
0.25634467601776123 0.2867327332496643
0.2561975419521332 0.2777486741542816
0.25651195645332336 0.2777649462223053
0.2566114068031311 0.28121545910835266
0.25633305311203003 0.2784746289253235
0.25641000270843506 0.285243958234787
0.2560085654258728 0.28896287083625793
0.2558845579624176 0.27721214294433594
0.2550513744354248 0.27472853660583496
0.25541770458221436 0.27346858382225037
0.255975604057312 0.28788286447525024
0.255427747964859 0.284030020236969
0.25632259249687195 0.2825516164302826
0.2557517886161804 0.27871933579444885
0.2553183138370514 0.27608558535575867
0.25554412603378296 0.2864038348197937
0.2555168569087982 0.2788177728652954
0.2562503516674042 0.2855231463909149
0.2561149299144745 0.2717505097389221
0.2548801004886627 0.2872353196144104
0.25507277250289917 0.27127939462661743
0.2547115981578827 0.27256444096565247
0.25558724999427795 0.27945035696029663
0.25441303849220276 0.28341904282569885
0.25499388575553894 0.2726207375526428
0.2549454867839813 0.27780264616012573
0.25486868619918823 0.2877238094806671
0.2558668851852417 0.27757754921913147
0.25586026906967163 0.27381712198257446
0.25547245144844055 0.27693694829940796
0.2547539174556732 0.28136324882507324
0.25525999069213867 0.2877354621887207
0.2552272379398346 0.271485298871994
0.2552514672279358 0.28762340545654297
0.25542518496513367 0.2780719995498657
0.25568243861198425 0.2813439965248108
0.2559419870376587 0.2730439603328705
0.25465357303619385 0.27616915106773376
0.2549450099468231 0.28489065170288086
0.25515130162239075 0.2892586588859558
0.2544856667518616 0.27351734042167664
0.25568413734436035 0.2741422653198242
0.2547799050807953 0.27463001012802124
0.2545790672302246 0.2737906873226166
0.2545895576477051 0.28733256459236145
0.2554962635040283 0.27395281195640564
0.25406336784362793 0.2777097523212433
0.2550624907016754 0.280320405960083
0.2545039653778076 0.28582262992858887
0.25430619716644287 0.28621912002563477
0.2554108500480652 0.27712205052375793
0.255113422870636 0.2798733115196228
0.25534623861312866 0.28211313486099243
0.2536773383617401 0.2816280424594879
0.25404423475265503 0.2959122955799103
0.25536733865737915 0.27650201320648193
0.25492092967033386 0.2863202393054962
0.253997266292572 0.29267895221710205
0.25489747524261475 0.27738627791404724
0.25374913215637207 0.2830474078655243
0.25504833459854126 0.2773905098438263
0.25411638617515564 0.27793288230895996
0.2543756663799286 0.30492961406707764
0.2547740340232849 0.2845946252346039
0.25569236278533936 0.2779180109500885
0.2542392909526825 0.28922125697135925
0.2538645267486572 0.28267747163772583
0.2540000379085541 0.2833102345466614
0.2547338008880615 0.2861435115337372
0.25429317355155945 0.28090617060661316
0.2559056282043457 0.27725422382354736
0.25426575541496277 0.27437710762023926
0.2537061870098114 0.31312549114227295
0.2539452314376831 0.28747689723968506
0.25419026613235474 0.28487107157707214
0.25425803661346436 0.29840949177742004
0.2539167106151581 0.28015589714050293
0.25370264053344727 0.2826879918575287
0.25416100025177 0.28689590096473694
0.2541942000389099 0.27610984444618225
0.2548753619194031 0.27943193912506104
0.25367915630340576 0.3040625751018524
0.2537720501422882 0.2775192856788635
0.2537096440792084 0.2762530744075775
0.25338050723075867 0.3105604648590088
0.25487029552459717 0.2819603979587555
0.2531712055206299 0.2828160524368286
0.25328898429870605 0.2856021821498871
0.2549580931663513 0.296945184469223
0.2537916898727417 0.27248862385749817
0.2542327344417572 0.27496424317359924
0.2538505792617798 0.27759552001953125
0.2538536787033081 0.2803625762462616
0.25350189208984375 0.28628310561180115
0.25356706976890564 0.27969467639923096
0.25349298119544983 0.28239619731903076
0.25339841842651367 0.2886253893375397
0.2544073164463043 0.2805304229259491
0.254471093416214 0.2994329631328583
0.25405147671699524 0.27841493487358093
0.25406721234321594 0.29022783041000366
0.253425657749176 0.2748653292655945
0.25474676489830017 0.27934807538986206
0.2537877857685089 0.27634701132774353
0.25380364060401917 0.29807978868484497
0.2530381679534912 0.27634134888648987
0.25373825430870056 0.2829279601573944
0.25392138957977295 0.2746047079563141
0.2539937198162079 0.29394155740737915
0.25277701020240784 0.2867584526538849
0.2528435289859772 0.2731020152568817
0.25301408767700195 0.28648579120635986
0.25244468450546265 0.28511562943458557
0.25219088792800903 0.2848350405693054
0.2537700831890106 0.2825557291507721
0.2539655268192291 0.2986091375350952
0.2530684769153595 0.28239473700523376
0.25330203771591187 0.294513463973999
0.2542892098426819 0.2753579616546631
0.2539921998977661 0.2831704020500183
0.25303030014038086 0.282754510641098
0.2530181407928467 0.28811579942703247
0.25440773367881775 0.2894361913204193
0.25328296422958374 0.2751595377922058
0.2536073625087738 0.3000996708869934
0.2520640790462494 0.2833534777164459
0.2529661953449249 0.27989470958709717
0.25232985615730286 0.31410497426986694
0.25332343578338623 0.2817525267601013
0.2527887523174286 0.2866417467594147
0.25375232100486755 0.27668970823287964
0.2526760399341583 0.28043133020401
0.2534051835536957 0.28574836254119873
0.25307729840278625 0.295671671628952
0.2531115710735321 0.2774951159954071
0.2528095841407776 0.2868669033050537
0.2535489797592163 0.27669426798820496
0.2526968717575073 0.2759856581687927
0.25267523527145386 0.28043287992477417
0.2523929476737976 0.2828313708305359
0.2534475028514862 0.2913475036621094
0.2537107765674591 0.33846354484558105
0.2528713047504425 0.28963491320610046
0.25275513529777527 0.29607829451560974
0.2527638077735901 0.27350670099258423
0.2531115710735321 0.2806519567966461
0.2524566054344177 0.27563944458961487
0.25317469239234924 0.3019551932811737
0.25293615460395813 0.2779088616371155
0.25255337357521057 0.2801099121570587
0.25349587202072144 0.2815133035182953
0.2531087100505829 0.28653600811958313
0.2529408931732178 0.2786933183670044
0.2523067593574524 0.2786014974117279
0.25218555331230164 0.2842088043689728
0.25288018584251404 0.27745065093040466
0.2521917521953583 0.27365657687187195
0.2515334188938141 0.2748475968837738
0.2533748149871826 0.2854573130607605
0.25234970450401306 0.2915634512901306
0.2530779242515564 0.2761475443840027
0.25182443857192993 0.2748384177684784
0.25308334827423096 0.2798340916633606
0.2519611418247223 0.27653154730796814
0.2532174587249756 0.2892550826072693
0.25255224108695984 0.28702136874198914
0.252485066652298 0.27790239453315735
0.25264665484428406 0.285809189081192
0.25192296504974365 0.2758030593395233
0.2524753510951996 0.2882652282714844
0.2532188594341278 0.2897675633430481
0.25212305784225464 0.28769469261169434
0.2515735328197479 0.2750560939311981
0.25128450989723206 0.28294846415519714
0.25276514887809753 0.2915067970752716
0.25216159224510193 0.2849290072917938
0.2522757053375244 0.28246423602104187
0.25171348452568054 0.2784425616264343
0.25295162200927734 0.2808161973953247
0.25304630398750305 0.27478930354118347
0.25229695439338684 0.27809274196624756
0.25229936838150024 0.2831137478351593
0.25238627195358276 0.28237393498420715
0.2519941031932831 0.28063690662384033
0.2529072165489197 0.29430121183395386
0.2519380450248718 0.2823268473148346
0.25216060876846313 0.2797119617462158
0.2517580986022949 0.2919282019138336
0.25183162093162537 0.28749749064445496
0.25240716338157654 0.2777819037437439
0.25188884139060974 0.27367955446243286
0.2515046298503876 0.2791208326816559
0.2520548105239868 0.27594998478889465
0.2523145079612732 0.2839423716068268
0.2517114281654358 0.27748072147369385
0.25295794010162354 0.2764730155467987
0.2516707181930542 0.28256091475486755
0.25183695554733276 0.28416886925697327
0.25207966566085815 0.27592456340789795
0.252159059047699 0.27799054980278015
0.25187841057777405 0.2784577012062073
0.25237226486206055 0.2779006361961365
0.25231409072875977 0.2825430631637573
0.25286781787872314 0.27761605381965637
0.2517895996570587 0.28504884243011475
0.2513576149940491 0.27852046489715576
0.2518922686576843 0.27789345383644104
0.2516116201877594 0.35401302576065063
0.2524028718471527 0.28720155358314514
0.25192132592201233 0.28064677119255066
0.252061128616333 0.2784765660762787
0.25146764516830444 0.2778814435005188
0.25230494141578674 0.2863311171531677
0.25129422545433044 0.2854803800582886
0.25128641724586487 0.30877625942230225
0.25143948197364807 0.2884373962879181
0.2526393532752991 0.2772102653980255
0.25136369466781616 0.2870138883590698
0.2514728605747223 0.27689996361732483
0.2525097131729126 0.2765824794769287
0.25181496143341064 0.2903193235397339
0.25111842155456543 0.3046391010284424
0.2510516047477722 0.28853675723075867
0.2502073347568512 0.28856486082077026
0.2520579397678375 0.2754146456718445
0.251144140958786 0.28947579860687256
0.25076693296432495 0.28363358974456787
0.2514740526676178 0.279799222946167
0.25133073329925537 0.3038848638534546
0.2505827248096466 0.2802146375179291
0.2506425380706787 0.2727241516113281
0.25173839926719666 0.2837405800819397
0.2516899108886719 0.2775273323059082
0.2513270378112793 0.28761187195777893
0.25137585401535034 0.2811931073665619
0.2505866289138794 0.28524744510650635
0.25217100977897644 0.29711946845054626
0.25137996673583984 0.31037864089012146
0.2506607174873352 0.28239187598228455
0.2508145868778229 0.28460896015167236
0.2510283291339874 0.2782311737537384
0.2508390545845032 0.28003203868865967
0.2511616051197052 0.2877906858921051
0.25143834948539734 0.28304117918014526
0.2498185932636261 0.2740604877471924
0.2521541714668274 0.27751225233078003
0.2510460615158081 0.2753625810146332
0.25096553564071655 0.2836335003376007
0.25121861696243286 0.2768888771533966
0.25063014030456543 0.2902457118034363
0.2510596513748169 0.28086844086647034
0.2510605752468109 0.2858652174472809
0.25167372822761536 0.27327263355255127
0.2508699595928192 0.2784983217716217
0.2508813440799713 0.27808111906051636
0.25093594193458557 0.31248965859413147
0.2515045702457428 0.3035963773727417
0.251332551240921 0.2891877591609955
0.25120222568511963 0.27850475907325745
0.2510938346385956 0.27652573585510254
0.25144171714782715 0.2765403687953949
0.25024721026420593 0.3157740533351898
0.25146108865737915 0.2801550328731537
0.25054800510406494 0.2880326807498932
0.2511378824710846 0.2752111852169037
0.25113075971603394 0.2754994332790375
0.25060030817985535 0.2907916009426117
0.25095313787460327 0.2789999544620514
0.25075870752334595 0.28102433681488037
0.25026652216911316 0.2753210663795471
0.25043785572052 0.2783012092113495
0.25008630752563477 0.28698357939720154
0.24971197545528412 0.28077518939971924
0.2502504885196686 0.2998282015323639
0.2507210373878479 0.277776300907135
0.2497323602437973 0.2809259593486786
0.24933961033821106 0.2829079329967499
0.25153064727783203 0.2784135937690735
0.2503422200679779 0.2770484387874603
0.2515471577644348 0.28413769602775574
0.24993234872817993 0.2838984429836273
0.25116682052612305 0.28810790181159973
0.2500143051147461 0.2827996611595154
0.2502208352088928 0.292129248380661
0.24987873435020447 0.29271697998046875
0.25053834915161133 0.29194411635398865
0.2506152391433716 0.2760016918182373
0.2504531741142273 0.29101064801216125
0.250187486410141 0.2792447805404663
0.2504968047142029 0.3060929775238037
0.25019174814224243 0.27714911103248596
0.25061315298080444 0.2842845916748047
0.2509898543357849 0.2900550663471222
0.2501335144042969 0.29868802428245544
0.2493637502193451 0.2774726450443268
0.25095951557159424 0.2986215651035309
0.24992235004901886 0.2922971248626709
0.24974794685840607 0.28896012902259827
0.250670462846756 0.2887428104877472
0.2500203549861908 0.2958514094352722
0.2497158944606781 0.2741565406322479
0.24940302968025208 0.28692346811294556
0.25072845816612244 0.2790481448173523
0.25059738755226135 0.31170883774757385
0.24944445490837097 0.2896590828895569
0.24977043271064758 0.2866128385066986
0.2497389167547226 0.2952409088611603
0.2504109740257263 0.2859845459461212
0.24906645715236664 0.27966511249542236
0.2505306005477905 0.2905813157558441
0.24897997081279755 0.29109081625938416
0.24958692491054535 0.29844343662261963
0.2496204823255539 0.2964770793914795
0.24928312003612518 0.2820802927017212
0.2501750886440277 0.27258989214897156
0.2502704858779907 0.27924853563308716
0.24955303966999054 0.28184133768081665
0.24967767298221588 0.2960263192653656
0.2492663860321045 0.3052584230899811
0.24998103082180023 0.2948833405971527
0.24983884394168854 0.3245558440685272
0.2501176595687866 0.27355191111564636
0.24979659914970398 0.28262412548065186
0.24969495832920074 0.2880251407623291
0.24988429248332977 0.2805159091949463
0.24932125210762024 0.27546846866607666
0.250864714384079 0.2811923921108246
0.2498185783624649 0.28126025199890137
0.24969987571239471 0.27841717004776
0.2497558742761612 0.2752912938594818
0.24891898036003113 0.27667757868766785
0.24964705109596252 0.292737752199173
0.24968816339969635 0.29237988591194153
0.2496587038040161 0.282699853181839
0.24979622662067413 0.2959447205066681
0.24935390055179596 0.2836138606071472
0.24927563965320587 0.2952497899532318
0.2501886487007141 0.2865934371948242
0.24924059212207794 0.2778400480747223
0.2483125776052475 0.2826148569583893
0.24906550347805023 0.29166269302368164
0.24964141845703125 0.2777870297431946
0.24862277507781982 0.2904415428638458
0.24957525730133057 0.29123586416244507
0.24895411729812622 0.28003251552581787
0.24841909110546112 0.27490463852882385
0.24970397353172302 0.2894693911075592
0.25076961517333984 0.2847147285938263
0.2489853948354721 0.29409268498420715
0.24961255490779877 0.3165839910507202
0.24959008395671844 0.2790049612522125
0.24958959221839905 0.2828107178211212
0.2488752156496048 0.2840641140937805
0.24886013567447662 0.28410905599594116
0.2490766942501068 0.2866514325141907
0.24957628548145294 0.2777670919895172
0.2501576542854309 0.281331330537796
0.24875718355178833 0.27569419145584106
0.24989300966262817 0.27649402618408203
0.24974358081817627 0.28083536028862
0.24925488233566284 0.2879360020160675
0.2489262819290161 0.2806408703327179
0.2496270090341568 0.2749076783657074
0.25005242228507996 0.2818882167339325
0.24845847487449646 0.3088476061820984
0.2505963444709778 0.27908116579055786
0.2500631511211395 0.2764180302619934
0.24868017435073853 0.2966146469116211
0.24993060529232025 0.2840195894241333
0.24931663274765015 0.27724674344062805
0.2492300122976303 0.2881148159503937
0.2493126541376114 0.2814404368400574
0.24984827637672424 0.2886102795600891
0.24900531768798828 0.28102606534957886
0.2485613226890564 0.28881680965423584
0.24909204244613647 0.28236234188079834
0.2486100047826767 0.2815841734409332
0.24888400733470917 0.2798601984977722
0.24860507249832153 0.29088205099105835
0.24919043481349945 0.2903013229370117
0.24936386942863464 0.2933817505836487
0.24875059723854065 0.28170254826545715
0.24903835356235504 0.2853642702102661
0.24881435930728912 0.27916020154953003
0.2491801381111145 0.2837808430194855
0.24934574961662292 0.27728551626205444
0.24839413166046143 0.27927225828170776
0.24928773939609528 0.2914787232875824
0.24907760322093964 0.28215909004211426
0.24895450472831726 0.28731006383895874
0.24865831434726715 0.278854101896286
0.24850119650363922 0.30609336495399475
0.2483845204114914 0.287351131439209
0.2499222606420517 0.2792418897151947
0.24832376837730408 0.2803362011909485
0.24849162995815277 0.2910936772823334
0.2490275353193283 0.28777870535850525
