3.2313191890716553 1.6050100326538086
1.5139234066009521 1.5504944324493408
1.4963581562042236 1.5353364944458008
1.491998553276062 1.535494327545166
1.4906256198883057 1.5360702276229858
1.4894251823425293 1.534522533416748
1.4894131422042847 1.535165548324585
1.4893485307693481 1.5343672037124634
1.488756537437439 1.5346258878707886
1.4885188341140747 1.534663438796997
1.4883134365081787 1.5345338582992554
1.4881197214126587 1.5347657203674316
1.488029956817627 1.5355695486068726
1.4883297681808472 1.5344043970108032
1.4881786108016968 1.5343934297561646
1.4879108667373657 1.5343773365020752
1.4879961013793945 1.5347380638122559
1.4878419637680054 1.536881685256958
1.4880973100662231 1.5344539880752563
1.48781156539917 1.5400245189666748
1.4878257513046265 1.535019040107727
1.4877710342407227 1.5344159603118896
1.4877406358718872 1.5343117713928223
1.4876244068145752 1.534524917602539
1.4876316785812378 1.5343235731124878
1.4876408576965332 1.5374746322631836
1.4876025915145874 1.5344641208648682
1.4877190589904785 1.534339427947998
1.4876062870025635 1.5352672338485718
1.4875553846359253 1.5346479415893555
1.4875742197036743 1.5382444858551025
1.4875431060791016 1.5347435474395752
1.4875333309173584 1.53767991065979
1.4874858856201172 1.5343281030654907
1.4877675771713257 1.5345834493637085
1.4874898195266724 1.5348981618881226
1.4876043796539307 1.5346097946166992
1.4874612092971802 1.5345869064331055
1.4874920845031738 1.5343605279922485
1.487509846687317 1.5354804992675781
1.4875231981277466 1.535267949104309
1.4874625205993652 1.5344642400741577
1.487444519996643 1.535531997680664
1.4873086214065552 1.5344218015670776
1.4872766733169556 1.5354920625686646
1.4874073266983032 1.53628671169281
1.4874320030212402 1.5343055725097656
1.4872932434082031 1.5348280668258667
1.4872894287109375 1.5343588590621948
1.487342119216919 1.5350422859191895
1.4871771335601807 1.5355002880096436
1.4873037338256836 1.535391092300415
1.4872087240219116 1.5347752571105957
1.4870482683181763 1.534618854522705
1.4872342348098755 1.534498691558838
1.4871541261672974 1.5346194505691528
1.4871220588684082 1.5345513820648193
1.4870854616165161 1.5351917743682861
1.4871444702148438 1.5348272323608398
1.487258791923523 1.534682273864746
1.48711359500885 1.5351518392562866
1.487253189086914 1.5352323055267334
1.4871513843536377 1.5343904495239258
1.4870414733886719 1.5344226360321045
1.487118124961853 1.5348790884017944
1.4871634244918823 1.5346405506134033
1.4870277643203735 1.5345547199249268
1.4871152639389038 1.5347981452941895
1.4870309829711914 1.5348259210586548
1.4870235919952393 1.5345666408538818
1.4870847463607788 1.534788727760315
1.486981987953186 1.535204291343689
1.4870010614395142 1.5345900058746338
1.4870089292526245 1.5345743894577026
1.4869731664657593 1.5346014499664307
1.4871447086334229 1.534562587738037
1.4870085716247559 1.5346059799194336
1.4869420528411865 1.5357134342193604
1.4869487285614014 1.534546971321106
1.487025260925293 1.5344432592391968
1.4869775772094727 1.5346908569335938
1.4870598316192627 1.5345206260681152
1.486954689025879 1.5348584651947021
1.4869427680969238 1.5344913005828857
1.4869736433029175 1.5349133014678955
1.4868862628936768 1.534554123878479
1.4868913888931274 1.5355738401412964
1.4869303703308105 1.5359693765640259
1.4868234395980835 1.5349150896072388
1.4868640899658203 1.5349764823913574
1.4868988990783691 1.5359975099563599
1.486776351928711 1.5348933935165405
1.486843228340149 1.5343726873397827
1.4867148399353027 1.5344271659851074
1.4868303537368774 1.5347977876663208
1.4868017435073853 1.5357199907302856
1.4867264032363892 1.5349838733673096
1.4867870807647705 1.5352798700332642
1.4866796731948853 1.534488558769226
1.4867459535598755 1.5348093509674072
1.4867274761199951 1.5347734689712524
1.486696481704712 1.53475821018219
1.486669898033142 1.5349637269973755
1.4867579936981201 1.5359585285186768
1.4866676330566406 1.5352104902267456
1.4866782426834106 1.5350900888442993
1.4865367412567139 1.5357075929641724
1.486679196357727 1.535515308380127
1.4865912199020386 1.5345951318740845
1.4866607189178467 1.5346837043762207
1.4866561889648438 1.5352122783660889
1.486680269241333 1.5348552465438843
1.4864671230316162 1.5370893478393555
1.4866364002227783 1.5391745567321777
1.4865320920944214 1.534548044204712
1.4865546226501465 1.5347986221313477
1.4865291118621826 1.53469979763031
1.4865049123764038 1.535064935684204
1.4864764213562012 1.534921407699585
1.4865577220916748 1.5349427461624146
1.4864213466644287 1.534536600112915
1.4864710569381714 1.5354747772216797
1.486549973487854 1.534830093383789
1.4864197969436646 1.5349533557891846
1.4865193367004395 1.5356413125991821
1.4864978790283203 1.534610390663147
1.486441969871521 1.5384951829910278
1.4864673614501953 1.534671425819397
1.4864946603775024 1.5346158742904663
1.486372947692871 1.535015344619751
1.4864839315414429 1.535517692565918
1.4864599704742432 1.5351884365081787
1.486452341079712 1.5347421169281006
1.4864497184753418 1.5348420143127441
1.486405849456787 1.5354329347610474
1.4863736629486084 1.538546085357666
1.4864500761032104 1.5349420309066772
1.4863661527633667 1.5382825136184692
1.4864252805709839 1.535201907157898
1.4863239526748657 1.535120964050293
1.486354112625122 1.536713719367981
1.4863797426223755 1.5356745719909668
1.4863131046295166 1.5350762605667114
1.4863927364349365 1.5348153114318848
1.4863463640213013 1.5355461835861206
1.4863176345825195 1.5351016521453857
1.4863401651382446 1.5347729921340942
1.486259937286377 1.5353655815124512
1.4863320589065552 1.5356509685516357
1.486329197883606 1.534760594367981
1.48623788356781 1.5352303981781006
1.486323356628418 1.5345603227615356
1.4863204956054688 1.5350511074066162
1.4863109588623047 1.5348811149597168
1.4863160848617554 1.5347052812576294
1.486241102218628 1.535819172859192
1.4861562252044678 1.5354607105255127
1.4863172769546509 1.5350401401519775
1.486274242401123 1.5356004238128662
1.4862730503082275 1.535522699356079
1.4862582683563232 1.5359580516815186
1.4863001108169556 1.5350791215896606
1.4862260818481445 1.5348036289215088
1.4861888885498047 1.5358526706695557
1.4861969947814941 1.5362638235092163
1.4862226247787476 1.5359910726547241
1.4862371683120728 1.5355406999588013
1.486265778541565 1.5351297855377197
1.486157774925232 1.5348786115646362
1.4862985610961914 1.5347247123718262
1.486175298690796 1.5346802473068237
1.4862290620803833 1.5347250699996948
1.486087679862976 1.5355935096740723
1.4861394166946411 1.5360569953918457
1.486160159111023 1.535730004310608
1.4861539602279663 1.5358871221542358
1.4862021207809448 1.5350672006607056
1.4861483573913574 1.5349252223968506
1.4861823320388794 1.5348066091537476
1.4862157106399536 1.5348827838897705
1.4861630201339722 1.5352727174758911
1.4861334562301636 1.535031795501709
1.48616361618042 1.5349754095077515
1.4860666990280151 1.5353578329086304
1.4861339330673218 1.5352530479431152
1.486187219619751 1.535580039024353
1.4860875606536865 1.5345780849456787
1.4860866069793701 1.5360294580459595
1.4861401319503784 1.5355933904647827
1.4861310720443726 1.5364686250686646
1.4861137866973877 1.5352054834365845
1.4861489534378052 1.5358328819274902
1.486084222793579 1.5352849960327148
1.486089825630188 1.5350078344345093
1.4860262870788574 1.5352469682693481
1.4860678911209106 1.534902572631836
1.4860758781433105 1.5348765850067139
1.4860858917236328 1.5352965593338013
1.485986590385437 1.5379736423492432
1.4861044883728027 1.5351195335388184
1.4860577583312988 1.535434365272522
1.4861172437667847 1.5348644256591797
1.4860414266586304 1.535073161125183
1.486117959022522 1.535118818283081
1.4860498905181885 1.5355740785598755
1.4860845804214478 1.5356050729751587
1.4859836101531982 1.5348758697509766
1.486078143119812 1.5348681211471558
1.48603355884552 1.5361346006393433
1.4860732555389404 1.5357565879821777
1.4859939813613892 1.5358763933181763
1.4859951734542847 1.535372257232666
1.486007571220398 1.534766674041748
1.4860243797302246 1.5349098443984985
1.4860607385635376 1.5351760387420654
1.4860613346099854 1.534510850906372
1.4859976768493652 1.5355143547058105
1.486083745956421 1.535158634185791
1.4859944581985474 1.5356717109680176
1.486081600189209 1.5350275039672852
1.4860048294067383 1.535513997077942
1.4859771728515625 1.54325532913208
1.4861384630203247 1.5348083972930908
1.4859853982925415 1.5350680351257324
1.4860332012176514 1.5355589389801025
1.485973834991455 1.5360169410705566
1.486006498336792 1.5355463027954102
1.485992670059204 1.535760521888733
1.4860070943832397 1.5346308946609497
1.4860305786132812 1.5349326133728027
1.485998511314392 1.5352965593338013
1.4860076904296875 1.5347903966903687
1.4860390424728394 1.5356059074401855
1.485990285873413 1.535206913948059
1.4860080480575562 1.5350359678268433
1.485965371131897 1.535733699798584
1.4859671592712402 1.538809895515442
1.485987901687622 1.5351061820983887
1.485946536064148 1.535400390625
1.4859732389450073 1.5350382328033447
1.4859867095947266 1.5353736877441406
1.4859967231750488 1.5348800420761108
1.4859224557876587 1.535576581954956
1.4859521389007568 1.5355745553970337
1.4859305620193481 1.5357047319412231
1.4859791994094849 1.5353715419769287
1.4859509468078613 1.535542368888855
1.4859691858291626 1.5356248617172241
1.485969066619873 1.5358545780181885
1.4859930276870728 1.5346671342849731
1.4859927892684937 1.5353107452392578
1.4859745502471924 1.5359020233154297
1.4859578609466553 1.5362112522125244
1.4859511852264404 1.5353007316589355
1.4859929084777832 1.5357835292816162
1.4859862327575684 1.5349035263061523
1.4859658479690552 1.5355792045593262
1.4859592914581299 1.535326600074768
1.4859085083007812 1.5355030298233032
1.485910415649414 1.5351369380950928
1.485990047454834 1.5351518392562866
1.485925555229187 1.5357908010482788
1.4859691858291626 1.5349631309509277
1.4859745502471924 1.534752368927002
1.4858771562576294 1.5350903272628784
1.4858934879302979 1.536841869354248
1.4859468936920166 1.5352745056152344
1.4859657287597656 1.5360045433044434
1.4859330654144287 1.5354623794555664
1.4859364032745361 1.5356826782226562
1.4859225749969482 1.536706566810608
1.4858803749084473 1.535157322883606
1.485894799232483 1.538962483406067
1.4859256744384766 1.5356632471084595
1.485926866531372 1.5353113412857056
1.4859142303466797 1.5352617502212524
1.4859161376953125 1.5356409549713135
1.4858317375183105 1.5351167917251587
1.4858872890472412 1.5352706909179688
1.4858851432800293 1.5355479717254639
1.485905408859253 1.534835934638977
1.4858654737472534 1.5348464250564575
1.485889196395874 1.5353922843933105
1.485927939414978 1.5363515615463257
1.4858678579330444 1.5359567403793335
1.4858912229537964 1.5348548889160156
1.4858736991882324 1.5355455875396729
1.4858351945877075 1.5350406169891357
1.485867977142334 1.5351407527923584
1.4859200716018677 1.535561442375183
1.4859299659729004 1.5350606441497803
1.4858741760253906 1.5355967283248901
1.4858901500701904 1.5352946519851685
1.4859215021133423 1.535109043121338
1.4859308004379272 1.5357143878936768
1.4858770370483398 1.535212755203247
1.4859521389007568 1.5361469984054565
1.4859423637390137 1.5357235670089722
1.485904574394226 1.535535216331482
1.485901951789856 1.5350953340530396
1.4859529733657837 1.5348997116088867
1.4858707189559937 1.5358085632324219
1.4858628511428833 1.535301685333252
1.4858425855636597 1.5353070497512817
1.4858490228652954 1.5363824367523193
1.48593270778656 1.5362606048583984
1.4858206510543823 1.5351743698120117
1.4858603477478027 1.5351132154464722
1.4861732721328735 1.5356284379959106
1.485790729522705 1.5352849960327148
1.485880732536316 1.535616159439087
1.4859015941619873 1.5363866090774536
1.4858300685882568 1.5351300239562988
1.485815167427063 1.534990906715393
1.485829472541809 1.5366051197052002
1.4858553409576416 1.5351214408874512
1.4858318567276 1.5360803604125977
1.4858407974243164 1.5347881317138672
1.4858559370040894 1.535477638244629
1.4858670234680176 1.5351076126098633
1.485790729522705 1.5356969833374023
1.4858931303024292 1.535351276397705
1.4857728481292725 1.5355660915374756
1.4858165979385376 1.5348037481307983
1.4858739376068115 1.5354864597320557
1.4859089851379395 1.5350974798202515
1.485981822013855 1.5349700450897217
1.4858332872390747 1.5351558923721313
1.4858031272888184 1.53516685962677
1.4858938455581665 1.5351451635360718
1.4858849048614502 1.5351650714874268
1.4857757091522217 1.5352542400360107
1.4858421087265015 1.5349063873291016
1.485866904258728 1.5351816415786743
1.485825538635254 1.5355472564697266
1.4857834577560425 1.535223364830017
1.4858167171478271 1.5350184440612793
1.4858213663101196 1.53657865524292
1.4858535528182983 1.5359457731246948
1.4858475923538208 1.5350983142852783
1.485811471939087 1.536184310913086
1.4858602285385132 1.5363740921020508
1.4858132600784302 1.535643458366394
1.4858192205429077 1.5353031158447266
1.4858137369155884 1.535478949546814
1.4857814311981201 1.5355299711227417
1.4858719110488892 1.5360954999923706
1.4857856035232544 1.5362149477005005
1.4858044385910034 1.535528302192688
1.486354947090149 1.5349695682525635
1.4857803583145142 1.5354846715927124
1.4858229160308838 1.5349154472351074
1.4857810735702515 1.5353007316589355
1.4858262538909912 1.535620093345642
1.4858077764511108 1.535032868385315
1.4857946634292603 1.5359715223312378
1.485815405845642 1.5350496768951416
1.4858064651489258 1.535391092300415
1.485766053199768 1.535690426826477
1.4858084917068481 1.5366116762161255
1.4858036041259766 1.5347431898117065
1.48582124710083 1.5350151062011719
1.4857597351074219 1.535157322883606
1.4858108758926392 1.5357604026794434
1.4858126640319824 1.5349775552749634
1.4858229160308838 1.5349613428115845
1.4858373403549194 1.5350584983825684
1.4857971668243408 1.534849762916565
1.4857994318008423 1.5360031127929688
1.4858137369155884 1.5349462032318115
1.4858152866363525 1.5359253883361816
1.4858635663986206 1.5349048376083374
1.4857962131500244 1.5354511737823486
1.4857405424118042 1.5364655256271362
1.4858075380325317 1.5354338884353638
1.4857690334320068 1.5354182720184326
1.4857944250106812 1.5357645750045776
1.485801100730896 1.5351954698562622
1.4858237504959106 1.535079002380371
1.4857844114303589 1.5357939004898071
1.4857805967330933 1.5348479747772217
1.485748052597046 1.535112738609314
1.4857590198516846 1.5355515480041504
1.4857714176177979 1.5358082056045532
1.4858375787734985 1.535679817199707
1.4857953786849976 1.5352809429168701
1.4858189821243286 1.5363901853561401
1.4857816696166992 1.5351771116256714
1.485733151435852 1.5358866453170776
1.4857622385025024 1.5352342128753662
1.4857615232467651 1.5355244874954224
1.4857507944107056 1.5351941585540771
1.4858205318450928 1.535687804222107
1.4857776165008545 1.535501480102539
1.4857392311096191 1.5354888439178467
1.4857512712478638 1.5356498956680298
1.48575758934021 1.5355859994888306
1.4857405424118042 1.535567283630371
1.4857473373413086 1.5353281497955322
1.485748052597046 1.5351626873016357
1.4857677221298218 1.5355899333953857
1.4857041835784912 1.5357365608215332
1.485737919807434 1.5360478162765503
1.4857604503631592 1.5355929136276245
1.485769271850586 1.5353792905807495
1.485775351524353 1.5352331399917603
1.4857417345046997 1.534925937652588
1.4857831001281738 1.5350286960601807
1.485682725906372 1.53668212890625
1.4857752323150635 1.5357253551483154
1.4857631921768188 1.5352180004119873
1.4857369661331177 1.536024570465088
1.4857127666473389 1.5350574254989624
1.4858933687210083 1.5355240106582642
1.4856791496276855 1.5359784364700317
1.4857419729232788 1.5353915691375732
1.4857358932495117 1.5358209609985352
1.485745906829834 1.5354528427124023
1.4857616424560547 1.5353947877883911
1.485744833946228 1.5354794263839722
1.4857298135757446 1.5360100269317627
1.4857001304626465 1.5352745056152344
1.4857192039489746 1.5359376668930054
1.4857068061828613 1.5352143049240112
1.4857367277145386 1.5356669425964355
1.4857732057571411 1.5353233814239502
1.4857043027877808 1.5360803604125977
1.4857261180877686 1.5362766981124878
1.4857149124145508 1.53509521484375
1.4857069253921509 1.5351831912994385
1.4857274293899536 1.5351436138153076
1.4857561588287354 1.535880446434021
1.4857171773910522 1.5360876321792603
1.4857310056686401 1.5355706214904785
1.485700011253357 1.53556227684021
1.4857592582702637 1.535654067993164
1.485762119293213 1.535791039466858
1.485737919807434 1.535252332687378
1.48586106300354 1.5349583625793457
1.4856809377670288 1.535659670829773
1.4856897592544556 1.5353870391845703
1.4857126474380493 1.5353599786758423
1.4857553243637085 1.5355401039123535
1.4857121706008911 1.5358753204345703
1.4856772422790527 1.5366051197052002
1.485711932182312 1.535214900970459
1.485645055770874 1.5369689464569092
1.4856700897216797 1.535549521446228
1.4857069253921509 1.5362871885299683
1.4857066869735718 1.5353789329528809
1.485723614692688 1.5360145568847656
1.485714316368103 1.5354059934616089
1.4857053756713867 1.535583257675171
1.485694169998169 1.5350630283355713
1.4857473373413086 1.535474419593811
1.4858158826828003 1.5355852842330933
1.4856629371643066 1.536124587059021
1.4856563806533813 1.5364136695861816
1.4856921434402466 1.5354667901992798
1.4856997728347778 1.535365104675293
1.485762119293213 1.535375952720642
1.4856923818588257 1.5354459285736084
1.4857040643692017 1.534969687461853
1.4857181310653687 1.5361132621765137
1.485750436782837 1.5361930131912231
1.485714077949524 1.535382628440857
1.4856468439102173 1.5350232124328613
1.485709309577942 1.5353434085845947
1.4857131242752075 1.5352506637573242
1.4856854677200317 1.53541100025177
1.4856706857681274 1.5351066589355469
1.4856725931167603 1.5358524322509766
1.4857053756713867 1.535401701927185
1.4856923818588257 1.5352524518966675
1.4856687784194946 1.5360004901885986
1.485716700553894 1.535408854484558
1.4856936931610107 1.5351052284240723
1.4856559038162231 1.5363229513168335
1.4857001304626465 1.5356210470199585
1.4857182502746582 1.5359604358673096
1.4857358932495117 1.535907506942749
1.4856935739517212 1.5353502035140991
1.48568856716156 1.5354697704315186
1.4856747388839722 1.53550124168396
1.4856795072555542 1.5358002185821533
1.4856555461883545 1.5354658365249634
1.4856657981872559 1.5358071327209473
1.485706090927124 1.5355286598205566
1.4857022762298584 1.5351941585540771
1.485681176185608 1.53561270236969
1.4856681823730469 1.5363625288009644
1.4856842756271362 1.53586745262146
1.485647201538086 1.5354045629501343
1.4856475591659546 1.537074089050293
1.4857091903686523 1.5353449583053589
1.485647439956665 1.534974455833435
1.4856585264205933 1.535568118095398
1.4856958389282227 1.535574197769165
1.4856317043304443 1.535085916519165
1.485722303390503 1.535659670829773
1.4856703281402588 1.5351428985595703
1.4856536388397217 1.5357781648635864
1.4856821298599243 1.5352369546890259
1.485677719116211 1.535612940788269
1.4856681823730469 1.535667896270752
1.48567795753479 1.5360972881317139
1.4856542348861694 1.5352685451507568
1.4857333898544312 1.5352221727371216
1.485694169998169 1.535139799118042
1.4856847524642944 1.5351916551589966
1.4857076406478882 1.5350120067596436
1.485636830329895 1.5354918241500854
1.4856816530227661 1.5354753732681274
1.4856537580490112 1.535468578338623
1.4856679439544678 1.5358556509017944
1.48563814163208 1.5357253551483154
1.4856632947921753 1.5357319116592407
1.4856889247894287 1.5353866815567017
1.4856170415878296 1.5352823734283447
1.485646367073059 1.5356113910675049
1.4856696128845215 1.5352545976638794
1.4856905937194824 1.5350415706634521
1.4856866598129272 1.5352479219436646
1.485634446144104 1.5349544286727905
1.485679030418396 1.5351169109344482
1.4856796264648438 1.535126805305481
1.4856390953063965 1.5350812673568726
1.4856646060943604 1.535875678062439
1.485674500465393 1.5355204343795776
1.4856336116790771 1.5351208448410034
1.485677719116211 1.5352180004119873
1.48564612865448 1.535703420639038
1.4856189489364624 1.5357784032821655
1.4856681823730469 1.535237431526184
1.4856287240982056 1.5354198217391968
1.485666036605835 1.5359193086624146
1.485637903213501 1.5357085466384888
1.4856929779052734 1.5355732440948486
1.4856312274932861 1.535475492477417
1.4856280088424683 1.5355043411254883
1.4856468439102173 1.5355558395385742
1.4889432191848755 1.535564661026001
1.4855625629425049 1.5353866815567017
1.4856455326080322 1.5358489751815796
1.4856607913970947 1.535398006439209
1.4856500625610352 1.5352046489715576
1.4855961799621582 1.5359076261520386
1.4856352806091309 1.5349925756454468
1.485695242881775 1.5351425409317017
1.4856785535812378 1.535723090171814
1.4856200218200684 1.5350974798202515
1.4856750965118408 1.5351310968399048
1.4857122898101807 1.5358777046203613
1.4856091737747192 1.5352364778518677
1.4856452941894531 1.5350488424301147
1.4856363534927368 1.5356028079986572
1.4856218099594116 1.5353217124938965
1.4856407642364502 1.5354642868041992
1.4856863021850586 1.5358120203018188
1.4856586456298828 1.5354334115982056
1.4855796098709106 1.5364762544631958
1.4856282472610474 1.5352013111114502
1.4856228828430176 1.5356509685516357
1.485616683959961 1.5362789630889893
1.4856531620025635 1.5356706380844116
1.4856065511703491 1.5359338521957397
1.4856113195419312 1.5354747772216797
1.485621690750122 1.5357943773269653
1.485611915588379 1.5353330373764038
1.4855749607086182 1.5352808237075806
1.4856380224227905 1.5352809429168701
1.485617995262146 1.5362282991409302
1.4856245517730713 1.5357248783111572
1.4855881929397583 1.535171627998352
1.4856152534484863 1.5353232622146606
1.485633134841919 1.5353705883026123
1.4855884313583374 1.5352181196212769
1.4856445789337158 1.5354340076446533
1.4856537580490112 1.5358431339263916
1.4856363534927368 1.535490870475769
1.485642433166504 1.5353575944900513
1.4856420755386353 1.5351485013961792
1.4856072664260864 1.5368319749832153
1.485579252243042 1.535034418106079
1.4856524467468262 1.5357410907745361
1.4856092929840088 1.5357635021209717
1.4856137037277222 1.535336971282959
1.4855999946594238 1.5355138778686523
1.4856020212173462 1.5350234508514404
1.4855968952178955 1.5352708101272583
1.4856146574020386 1.5352436304092407
1.4856064319610596 1.535651445388794
1.4856350421905518 1.5357623100280762
1.4856210947036743 1.535209059715271
1.4855777025222778 1.5364245176315308
1.4856330156326294 1.5351219177246094
1.4855906963348389 1.536139965057373
1.4856144189834595 1.5359433889389038
1.4855961799621582 1.5355322360992432
1.485636830329895 1.5353163480758667
1.4856089353561401 1.5355242490768433
1.4856127500534058 1.5351039171218872
1.485559344291687 1.5351144075393677
1.4855955839157104 1.5351252555847168
1.485607624053955 1.5360132455825806
1.4855738878250122 1.5353504419326782
1.4855951070785522 1.5355085134506226
1.4856042861938477 1.5353062152862549
1.48561692237854 1.5352840423583984
1.4856122732162476 1.535761833190918
1.4856300354003906 1.535346508026123
1.485589861869812 1.5357770919799805
1.4856096506118774 1.5360209941864014
1.485601782798767 1.5354093313217163
1.4856246709823608 1.5353201627731323
1.4856001138687134 1.5355581045150757
1.486819863319397 1.534878134727478
1.4861278533935547 1.5353444814682007
1.4858615398406982 1.5352541208267212
1.4857221841812134 1.5353829860687256
1.485682725906372 1.5355559587478638
1.4857033491134644 1.535031795501709
1.4856408834457397 1.5357705354690552
1.4856798648834229 1.5352022647857666
1.485648512840271 1.535493016242981
1.48568594455719 1.5358173847198486
1.4856339693069458 1.5350624322891235
1.4856464862823486 1.53579580783844
1.485665202140808 1.535575032234192
1.4856376647949219 1.535145878791809
1.4856364727020264 1.5352470874786377
1.485643744468689 1.5350755453109741
1.4856106042861938 1.53545343875885
1.4856191873550415 1.5358597040176392
1.4856138229370117 1.53530752658844
1.4855961799621582 1.5375361442565918
1.4856476783752441 1.5350414514541626
1.485642910003662 1.5358744859695435
1.4856117963790894 1.5359482765197754
1.4855977296829224 1.535738468170166
1.4855968952178955 1.5357182025909424
1.4856210947036743 1.5352219343185425
1.4855875968933105 1.535220742225647
1.4855859279632568 1.535439133644104
1.4855908155441284 1.5352905988693237
1.485643982887268 1.535217046737671
1.4856220483779907 1.5357673168182373
1.485581874847412 1.5361567735671997
1.4856292009353638 1.535535454750061
1.48562490940094 1.5351086854934692
1.4856255054473877 1.535523533821106
1.4856373071670532 1.5356632471084595
1.4855395555496216 1.5356086492538452
1.4856104850769043 1.535178542137146
1.4855952262878418 1.5351228713989258
1.4855730533599854 1.5357226133346558
1.4855847358703613 1.535363793373108
1.4855940341949463 1.5355406999588013
1.4855934381484985 1.53581702709198
1.485601544380188 1.536226511001587
1.4855961799621582 1.5352340936660767
1.4855754375457764 1.5350521802902222
1.485595464706421 1.5352635383605957
1.4855780601501465 1.5350227355957031
1.4856065511703491 1.5351612567901611
1.4855786561965942 1.5354501008987427
1.485553503036499 1.5365773439407349
1.4855775833129883 1.5350425243377686
1.4855842590332031 1.535358190536499
1.485599160194397 1.5354119539260864
1.485595703125 1.5357331037521362
1.4855529069900513 1.535193920135498
1.4855841398239136 1.5358306169509888
1.4855796098709106 1.5352954864501953
1.4855730533599854 1.5356546640396118
1.4855766296386719 1.5352414846420288
1.4855979681015015 1.5352511405944824
1.4855910539627075 1.535837173461914
1.4855999946594238 1.535251498222351
1.485592007637024 1.5354403257369995
1.4855983257293701 1.535627841949463
1.4855973720550537 1.5354284048080444
1.4855552911758423 1.535091519355774
1.4855420589447021 1.5353071689605713
1.4855756759643555 1.5355198383331299
1.485566258430481 1.5350276231765747
1.4855767488479614 1.5351709127426147
1.4855749607086182 1.5355207920074463
1.4855414628982544 1.5349057912826538
1.485579252243042 1.5356327295303345
1.4855759143829346 1.5356879234313965
1.4855812788009644 1.5349220037460327
1.4856061935424805 1.5353493690490723
1.4855625629425049 1.5354785919189453
1.485541582107544 1.5353691577911377
1.4855908155441284 1.5355924367904663
1.4855695962905884 1.5354582071304321
1.4855502843856812 1.5362178087234497
1.4855437278747559 1.5351502895355225
1.4855438470840454 1.5359892845153809
1.485554814338684 1.5361385345458984
1.4855303764343262 1.535645842552185
1.4855543375015259 1.5351488590240479
1.4855661392211914 1.5354348421096802
1.4855669736862183 1.5349754095077515
1.48554265499115 1.5356844663619995
1.4855494499206543 1.5362224578857422
1.4855785369873047 1.5355277061462402
1.4855690002441406 1.5356922149658203
1.4855523109436035 1.5355864763259888
1.4855657815933228 1.535566806793213
1.485579013824463 1.535565972328186
1.4855635166168213 1.5353813171386719
1.4855716228485107 1.5351043939590454
1.485535979270935 1.5351498126983643
1.4855705499649048 1.5355440378189087
1.485534429550171 1.5352627038955688
1.4855698347091675 1.5353403091430664
1.4855647087097168 1.5352073907852173
1.4855395555496216 1.5359145402908325
1.4855748414993286 1.5357428789138794
1.4855530261993408 1.5351096391677856
1.4855386018753052 1.5356918573379517
1.4855612516403198 1.53550124168396
1.4855501651763916 1.5353254079818726
1.4855331182479858 1.5353273153305054
1.485569715499878 1.535635232925415
1.485554814338684 1.5358995199203491
1.4855480194091797 1.5356454849243164
1.4855796098709106 1.5357098579406738
1.485541582107544 1.5355418920516968
1.4855467081069946 1.5355103015899658
1.4855395555496216 1.5357285737991333
1.4855589866638184 1.5356154441833496
1.4855302572250366 1.5353554487228394
1.4855750799179077 1.535336971282959
1.4855457544326782 1.53581702709198
1.4855482578277588 1.5351122617721558
1.4855448007583618 1.5356228351593018
1.4855561256408691 1.535172462463379
1.4855546951293945 1.5353083610534668
1.4855576753616333 1.5352404117584229
1.485540509223938 1.5353862047195435
1.4855471849441528 1.5353511571884155
1.4855437278747559 1.535469889640808
1.485478162765503 1.5361442565917969
1.4855592250823975 1.5356274843215942
1.4855389595031738 1.5355511903762817
1.4855458736419678 1.536033034324646
1.4855228662490845 1.5353578329086304
1.4855414628982544 1.5355108976364136
1.4855456352233887 1.5359094142913818
1.48552405834198 1.535491943359375
1.485500693321228 1.5356214046478271
1.4855220317840576 1.5357660055160522
1.4855798482894897 1.535261631011963
1.485533595085144 1.5351132154464722
1.4855436086654663 1.5354865789413452
1.485546350479126 1.535352349281311
1.4855252504348755 1.5355526208877563
1.4855130910873413 1.536153793334961
1.4855339527130127 1.535556674003601
1.4855471849441528 1.5356134176254272
1.485559105873108 1.5359704494476318
1.4855421781539917 1.535794734954834
1.4855517148971558 1.5355603694915771
1.4855331182479858 1.535340666770935
1.4855409860610962 1.535577416419983
1.485506534576416 1.5355136394500732
1.485530972480774 1.5354620218276978
1.4855436086654663 1.5352787971496582
1.4855533838272095 1.5356826782226562
1.4855087995529175 1.5351330041885376
1.485513687133789 1.535467267036438
1.4855198860168457 1.5352318286895752
1.4855448007583618 1.5353691577911377
1.48552668094635 1.5357584953308105
1.4855281114578247 1.5353121757507324
1.4855122566223145 1.5351557731628418
1.4855542182922363 1.5351296663284302
1.4855083227157593 1.5365914106369019
1.4855420589447021 1.5354338884353638
1.4855154752731323 1.5354371070861816
1.4854649305343628 1.5352743864059448
1.4854875802993774 1.535522222518921
1.4855151176452637 1.5357612371444702
1.4855388402938843 1.5357966423034668
1.4855293035507202 1.535449743270874
1.4855488538742065 1.5352883338928223
1.4855327606201172 1.5365840196609497
1.485519528388977 1.535285472869873
1.4855461120605469 1.5355193614959717
1.4855173826217651 1.5352966785430908
1.4855215549468994 1.5353444814682007
1.4855138063430786 1.5354214906692505
1.48551607131958 1.5354464054107666
1.485495686531067 1.535646677017212
1.4855191707611084 1.5356372594833374
1.4855345487594604 1.5355111360549927
1.4855250120162964 1.5358561277389526
