252.89248657226562 2.6272857189178467
3.2672224044799805 1.746840476989746
1.8239521980285645 1.6762515306472778
1.5558429956436157 1.5598053932189941
1.5044199228286743 1.5519202947616577
1.4940905570983887 1.5350427627563477
1.4910147190093994 1.5361183881759644
1.4899191856384277 1.5352693796157837
1.489266037940979 1.5352458953857422
1.4889321327209473 1.5342929363250732
1.4887367486953735 1.5343012809753418
1.4884861707687378 1.5349421501159668
1.4884942770004272 1.535672664642334
1.488305687904358 1.5346297025680542
1.4882662296295166 1.5348873138427734
1.4882338047027588 1.5344949960708618
1.4883012771606445 1.5347505807876587
1.4883723258972168 1.5354593992233276
1.488079309463501 1.5345439910888672
1.4878590106964111 1.534387230873108
1.4879460334777832 1.534387469291687
1.4879957437515259 1.5358710289001465
1.4878528118133545 1.5348790884017944
1.4878844022750854 1.534665822982788
1.4877649545669556 1.5348652601242065
1.4876662492752075 1.534332513809204
1.4877338409423828 1.534311056137085
1.4876656532287598 1.538133144378662
1.487829327583313 1.534744381904602
1.4876521825790405 1.5355939865112305
1.4876518249511719 1.5349247455596924
1.4875144958496094 1.534354329109192
1.4877359867095947 1.539402723312378
1.4876333475112915 1.5351645946502686
1.4876110553741455 1.5383574962615967
1.487441897392273 1.534355640411377
1.4876477718353271 1.5362070798873901
1.4875624179840088 1.5343105792999268
1.4876034259796143 1.5349739789962769
1.4875305891036987 1.534318208694458
1.4874672889709473 1.534334421157837
1.4874259233474731 1.535648226737976
1.4875457286834717 1.5346019268035889
1.4876173734664917 1.5381865501403809
1.487626075744629 1.5343292951583862
1.4874516725540161 1.535946249961853
1.4875775575637817 1.5343289375305176
1.4875046014785767 1.534732460975647
1.487537145614624 1.5346291065216064
1.4874207973480225 1.5344444513320923
1.4874002933502197 1.5363010168075562
1.4874540567398071 1.534875512123108
1.4874320030212402 1.5346115827560425
1.4873682260513306 1.5358256101608276
1.4873414039611816 1.5343366861343384
1.4874157905578613 1.5351275205612183
1.4873830080032349 1.5344042778015137
1.4873812198638916 1.5344113111495972
1.4873278141021729 1.5345796346664429
1.4873164892196655 1.5343669652938843
1.4873453378677368 1.534760594367981
1.4873906373977661 1.5351401567459106
1.4872078895568848 1.536931037902832
1.4873955249786377 1.535232663154602
1.4872305393218994 1.5346683263778687
1.48737370967865 1.5345293283462524
1.487174153327942 1.5350252389907837
1.4873175621032715 1.5348668098449707
1.4832026958465576 1.461991786956787
1.0815082788467407 0.9787644147872925
0.9502507448196411 0.9273491501808167
0.9108715653419495 0.896664023399353
0.8878980278968811 0.8984056115150452
0.8726108074188232 0.8574504852294922
0.856120228767395 0.8770908117294312
0.8440910577774048 0.8409312963485718
0.8339530825614929 0.8258817195892334
0.8238278031349182 0.8595091700553894
0.8110044598579407 0.8310937881469727
0.8027945756912231 0.8077886700630188
0.7941272854804993 0.7931433320045471
0.7823653221130371 0.7650143504142761
0.7599661946296692 0.742347776889801
0.7158421874046326 0.693189263343811
0.6730074286460876 0.6593586206436157
0.6516916155815125 0.6323557496070862
0.6365453600883484 0.638248085975647
0.6233484745025635 0.6045560240745544
0.6127078533172607 0.5873912572860718
0.5988567471504211 0.5751979947090149
0.5939714908599854 0.6080911159515381
0.5840228199958801 0.6771997213363647
0.580880880355835 0.6658605933189392
0.5722746849060059 0.5625359416007996
0.5652680397033691 0.5430424213409424
0.5619175434112549 0.6293516159057617
0.5570036172866821 0.609495997428894
0.553699254989624 0.5811364054679871
0.5517025589942932 0.5495006442070007
0.5463266372680664 0.5998393893241882
0.5428676009178162 0.6950603127479553
0.5356322526931763 0.5396053194999695
0.5336737632751465 0.5345765352249146
0.5299479365348816 0.5262669920921326
0.5274170637130737 0.6021462678909302
0.5237077474594116 0.5061257481575012
0.5214438438415527 0.5158680081367493
0.5184677243232727 0.5048152208328247
0.517706036567688 0.5843788981437683
0.5151662826538086 0.5066959857940674
0.5120993852615356 0.5016367435455322
0.5095999240875244 0.5022903084754944
0.5081116557121277 0.4995403289794922
0.5049388408660889 0.5016828179359436
0.5039258003234863 0.495192289352417
0.503731369972229 0.5189329981803894
0.4988701343536377 0.49079373478889465
0.4963545501232147 0.5013203024864197
0.4957522451877594 0.49727723002433777
0.4930499196052551 0.501184344291687
0.49179384112358093 0.49418699741363525
0.4902943968772888 0.5496360063552856
0.4892866611480713 0.49195924401283264
0.48703089356422424 0.4820850193500519
0.48269689083099365 0.4777657985687256
0.48086464405059814 0.48685523867607117
0.4803004860877991 0.4777050018310547
0.479046493768692 0.4738524556159973
0.47693559527397156 0.48376086354255676
0.4762394428253174 0.4690673053264618
0.4760299324989319 0.4995962977409363
0.47293820977211 0.47110065817832947
0.47251033782958984 0.48004844784736633
0.47432780265808105 0.46145015954971313
0.4713999927043915 0.4569333791732788
0.4691023528575897 0.46114253997802734
0.4685378670692444 0.4940396547317505
0.4681635797023773 0.46074697375297546
0.46752965450286865 0.507769763469696
0.4666373133659363 0.4695470631122589
0.464450478553772 0.46904855966567993
0.4642304480075836 0.4628371596336365
0.46281662583351135 0.4741239845752716
0.46324360370635986 0.4719247817993164
0.4631175994873047 0.47488248348236084
0.4611392617225647 0.4861301779747009
0.4604354798793793 0.453459769487381
0.4610322117805481 0.46245068311691284
0.46054062247276306 0.46141278743743896
0.4587879478931427 0.45764195919036865
0.45862483978271484 0.5251207947731018
0.45981064438819885 0.4536610245704651
0.45818471908569336 0.46622684597969055
0.45702606439590454 0.4495282471179962
0.4567447900772095 0.5077980756759644
0.4567618668079376 0.4573320150375366
0.45668479800224304 0.4571816921234131
0.45561352372169495 0.44473251700401306
0.4562264680862427 0.4438745081424713
0.45535457134246826 0.4599355161190033
0.4549415409564972 0.44398561120033264
0.45428475737571716 0.45136383175849915
0.45313841104507446 0.4544857442378998
0.4511728286743164 0.4396555423736572
0.4524776339530945 0.44635191559791565
0.45134809613227844 0.4465436637401581
0.45050251483917236 0.4447568356990814
0.4502459168434143 0.4554869830608368
0.4497424066066742 0.44262126088142395
0.4488879144191742 0.4441247880458832
0.44752636551856995 0.4537806510925293
0.44933822751045227 0.53469318151474
0.44835618138313293 0.5158306360244751
0.4497429132461548 0.4467015266418457
0.4474104642868042 0.44625285267829895
0.44660383462905884 0.47101783752441406
0.446737140417099 0.46798792481422424
0.44578468799591064 0.44276127219200134
0.4466615319252014 0.4482991397380829
0.4464644193649292 0.4464704692363739
0.4476117491722107 0.44385039806365967
0.446502685546875 0.44066762924194336
0.44563403725624084 0.4355323314666748
0.44426557421684265 0.4514738619327545
0.4456118047237396 0.4409123957157135
0.44400331377983093 0.4418236017227173
0.4432791769504547 0.4482460618019104
0.4427144229412079 0.4358871877193451
0.44334423542022705 0.44992056488990784
0.44246065616607666 0.4379047155380249
0.4421698749065399 0.447946697473526
0.441735178232193 0.46172237396240234
0.4425455629825592 0.43683919310569763
0.4417981505393982 0.45502325892448425
0.4411061704158783 0.45511555671691895
0.440516859292984 0.43655306100845337
0.44119206070899963 0.46086040139198303
0.44171667098999023 0.43327102065086365
0.4395422041416168 0.45582711696624756
0.4406355917453766 0.4384668171405792
0.43839120864868164 0.4317772388458252
0.4392984211444855 0.4490002989768982
0.4389459490776062 0.4584701657295227
0.4386836290359497 0.4359000623226166
0.43839773535728455 0.46013206243515015
0.43763741850852966 0.432765394449234
0.4379172921180725 0.4681317210197449
0.43840673565864563 0.44034597277641296
0.43777337670326233 0.4367315471172333
0.4376751184463501 0.4347645342350006
0.4366482198238373 0.45772579312324524
0.4363689124584198 0.43100714683532715
0.4365973174571991 0.4384044110774994
0.43569859862327576 0.43265044689178467
0.43631085753440857 0.4645635485649109
0.43626493215560913 0.4384710490703583
0.43696603178977966 0.4729420244693756
0.4364343285560608 0.4516126215457916
0.43542325496673584 0.44697389006614685
0.43480783700942993 0.44027552008628845
0.4350595772266388 0.45634526014328003
0.434854120016098 0.4669857621192932
0.43493539094924927 0.43939340114593506
0.43697309494018555 0.42757201194763184
0.43541181087493896 0.42674025893211365
0.4346429109573364 0.45242586731910706
0.4342798888683319 0.426902174949646
0.43415528535842896 0.44016599655151367
0.4344724714756012 0.4466123878955841
0.43410879373550415 0.4374111294746399
0.433963418006897 0.4611251652240753
0.4345674216747284 0.44021499156951904
0.43376654386520386 0.42363059520721436
0.433724969625473 0.4362553358078003
0.4328595995903015 0.45822954177856445
0.43200770020484924 0.43516018986701965
0.43229421973228455 0.42853856086730957
0.43346619606018066 0.44121742248535156
0.4336954653263092 0.4272114634513855
0.43267059326171875 0.4446299970149994
0.4319579601287842 0.4316665232181549
0.43221479654312134 0.4251556396484375
0.43198099732398987 0.47809216380119324
0.43211492896080017 0.4260447919368744
0.4317662715911865 0.4427456259727478
0.43141406774520874 0.4304410517215729
0.432659775018692 0.42244410514831543
0.4316560626029968 0.42366060614585876
0.43173933029174805 0.4290538728237152
0.4318828880786896 0.42820924520492554
0.43170323967933655 0.4247720241546631
0.4316832721233368 0.4350019693374634
0.43050578236579895 0.4411662817001343
0.4313631057739258 0.4324500858783722
0.43039271235466003 0.4329342544078827
0.43033939599990845 0.43730002641677856
0.4298829138278961 0.4346995949745178
0.42977026104927063 0.42393893003463745
0.42965930700302124 0.42815253138542175
0.43035081028938293 0.42902910709381104
0.4301764667034149 0.4471001625061035
0.43003228306770325 0.43114548921585083
0.4347757399082184 0.43777599930763245
0.43137606978416443 0.4251243770122528
0.4306025207042694 0.42547038197517395
0.43065202236175537 0.4654040038585663
0.42841073870658875 0.44204968214035034
0.42989540100097656 0.42363831400871277
0.4297685921192169 0.45581457018852234
0.4295879900455475 0.43109196424484253
0.42844077944755554 0.4484785795211792
0.4289998412132263 0.4695433974266052
0.4287983775138855 0.43369564414024353
0.4295824468135834 0.4207024574279785
0.4284606873989105 0.43894854187965393
0.4283585548400879 0.43986451625823975
0.4281729757785797 0.4274434745311737
0.4289625585079193 0.44923633337020874
0.42828381061553955 0.4264644682407379
0.42751389741897583 0.42320483922958374
0.4275210499763489 0.43303605914115906
0.42751210927963257 0.4276997148990631
0.4277513325214386 0.42248111963272095
0.4264771044254303 0.4250651001930237
0.4270347058773041 0.42992687225341797
0.4270855486392975 0.4357759654521942
0.4262949228286743 0.4252924621105194
0.4259401559829712 0.43739649653434753
0.42671293020248413 0.42084601521492004
0.4272076189517975 0.42051559686660767
0.4261443018913269 0.44917333126068115
0.4266791343688965 0.4314088821411133
0.4250459372997284 0.4248480200767517
0.4255214333534241 0.4433912932872772
0.42628487944602966 0.41998767852783203
0.4260109066963196 0.4307335317134857
0.426114022731781 0.4213126599788666
0.426300048828125 0.4233928620815277
0.42544984817504883 0.43594861030578613
0.4262247085571289 0.4248688220977783
0.4260360896587372 0.4470261037349701
0.4262619614601135 0.42369604110717773
0.42517009377479553 0.42516714334487915
0.4244265854358673 0.4212760031223297
0.4241481423377991 0.4269091486930847
0.42495954036712646 0.4411850571632385
0.4241115152835846 0.42135268449783325
0.42414960265159607 0.42278653383255005
0.4247954785823822 0.4508689045906067
0.4237792193889618 0.4265905022621155
0.42407795786857605 0.4273723065853119
0.4243123531341553 0.42304959893226624
0.4244351089000702 0.4204605519771576
0.42375123500823975 0.4365493655204773
0.42439761757850647 0.41935989260673523
0.4235805571079254 0.42850953340530396
0.4237302541732788 0.42401811480522156
0.42351874709129333 0.42707502841949463
0.4228596091270447 0.42012476921081543
0.42482122778892517 0.43152129650115967
0.42323216795921326 0.4256332218647003
0.42400020360946655 0.4217931032180786
0.4233088195323944 0.4226682186126709
0.4234013855457306 0.42782801389694214
0.42375531792640686 0.42658084630966187
0.4223041236400604 0.4463791847229004
0.42225027084350586 0.4346180260181427
0.4230991303920746 0.44165757298469543
0.4222390651702881 0.435202419757843
0.42314445972442627 0.4187013804912567
0.4228101968765259 0.42789605259895325
0.4225327968597412 0.42552632093429565
0.42213085293769836 0.4223790168762207
0.422329843044281 0.46597757935523987
0.4225499927997589 0.4191630184650421
0.42198890447616577 0.4258432686328888
0.42253437638282776 0.4193229675292969
0.4222540557384491 0.41721978783607483
0.42105525732040405 0.4330475628376007
0.4219866096973419 0.42654067277908325
0.42175763845443726 0.4216807782649994
0.42134571075439453 0.42832979559898376
0.4211471676826477 0.4484543204307556
0.4221353232860565 0.426434725522995
0.4216225743293762 0.4228733479976654
0.4223162531852722 0.42538097500801086
0.42143714427948 0.41805657744407654
0.4221189320087433 0.4377938210964203
0.4215802848339081 0.4269382953643799
0.42190924286842346 0.4164302945137024
0.42116889357566833 0.4206346273422241
0.42071276903152466 0.42486634850502014
0.42144539952278137 0.43728259205818176
0.4220375716686249 0.4355032742023468
0.421501100063324 0.4618833065032959
0.4220781922340393 0.4310762286186218
0.42047423124313354 0.4176359176635742
0.4201682507991791 0.4322846531867981
0.4208219349384308 0.423450231552124
0.42020365595817566 0.475266695022583
0.4203971028327942 0.42461225390434265
0.42063891887664795 0.42277780175209045
0.42013198137283325 0.4253386855125427
0.4202379584312439 0.42016008496284485
0.41967055201530457 0.4398130774497986
0.4206697344779968 0.4220335781574249
0.4201963245868683 0.4266274869441986
0.420034259557724 0.42919760942459106
0.41970059275627136 0.4250306189060211
0.41991305351257324 0.4388669729232788
0.4199838638305664 0.434272825717926
0.4193461835384369 0.4215177893638611
0.41884854435920715 0.4221371114253998
0.4190829396247864 0.4441731572151184
0.4194134473800659 0.4238778352737427
0.4198314845561981 0.41835951805114746
0.41865113377571106 0.4393375515937805
0.41914016008377075 0.438039094209671
0.4191407561302185 0.42503756284713745
0.41893401741981506 0.41924434900283813
0.418621689081192 0.45006993412971497
0.4186271131038666 0.4249002933502197
0.41920000314712524 0.42450886964797974
0.4190065264701843 0.4199027419090271
0.41873839497566223 0.4243014454841614
0.4193823039531708 0.48629194498062134
0.4186687469482422 0.4199316203594208
0.41870856285095215 0.4160937964916229
0.41869160532951355 0.42652761936187744
0.4187583327293396 0.4190923273563385
0.4191323220729828 0.42759379744529724
0.41791966557502747 0.4398985803127289
0.41856056451797485 0.4165324568748474
0.4186534881591797 0.4435710310935974
0.4192999601364136 0.4223953187465668
0.41850072145462036 0.42932772636413574
0.41755110025405884 0.43234890699386597
0.4185273349285126 0.41589394211769104
0.41789403557777405 0.4190092086791992
0.41760289669036865 0.4190994203090668
0.4178825616836548 0.43484869599342346
0.4185788929462433 0.42374876141548157
0.41736555099487305 0.4230826199054718
0.41774237155914307 0.4457958936691284
0.41739213466644287 0.4260815382003784
0.41768428683280945 0.42089027166366577
0.4175955057144165 0.41615936160087585
0.4170810878276825 0.4139537811279297
0.41749200224876404 0.4198257029056549
0.4175701141357422 0.4474360942840576
0.4171662926673889 0.41925114393234253
0.4171784520149231 0.42233535647392273
0.41767334938049316 0.4226914048194885
0.4180663526058197 0.42564165592193604
0.4172188639640808 0.420605331659317
0.41704249382019043 0.4145769774913788
0.41739702224731445 0.4173354506492615
0.4176916182041168 0.4193008244037628
0.41684773564338684 0.41657790541648865
0.4166395962238312 0.422630250453949
0.4171198010444641 0.41876423358917236
0.4164397120475769 0.41719910502433777
0.4167517423629761 0.4180835783481598
0.41648584604263306 0.4198765456676483
0.41649577021598816 0.41952651739120483
0.4164660573005676 0.41527649760246277
0.4160570502281189 0.4262799918651581
0.41701647639274597 0.4179684817790985
0.4157775640487671 0.42868003249168396
0.4159676432609558 0.4183785617351532
0.4161868691444397 0.4192039370536804
0.41686341166496277 0.42069894075393677
0.41649165749549866 0.41864755749702454
0.41678014397621155 0.44089245796203613
0.4160740077495575 0.4202077388763428
0.4160115718841553 0.41710489988327026
0.4162403345108032 0.41537079215049744
0.4164259433746338 0.42643114924430847
0.41640612483024597 0.4184776246547699
0.41697660088539124 0.4183652997016907
0.41610655188560486 0.4194384515285492
0.41623905301094055 0.43649613857269287
0.4157384932041168 0.4206239581108093
0.4155282974243164 0.4259559214115143
0.41585493087768555 0.41484054923057556
0.41544803977012634 0.4148304760456085
0.4154964089393616 0.4174553155899048
0.4155135750770569 0.4133663475513458
0.41511136293411255 0.42101046442985535
0.41474950313568115 0.4259880781173706
0.41504237055778503 0.4353492558002472
0.4151041805744171 0.41576021909713745
0.41551631689071655 0.4150371253490448
0.4147338271141052 0.42030656337738037
0.4153403043746948 0.4160591959953308
0.4149787127971649 0.4160119891166687
0.4146425724029541 0.41471952199935913
0.41590777039527893 0.4404795169830322
0.41500869393348694 0.4288574159145355
0.4147457182407379 0.4185449481010437
0.4150799512863159 0.43000298738479614
0.4148363769054413 0.42020198702812195
0.41507646441459656 0.4235490560531616
0.41563671827316284 0.42633765935897827
0.41510918736457825 0.4397720992565155
0.4147818684577942 0.45088785886764526
0.4144599735736847 0.4183662235736847
0.4138912558555603 0.43364474177360535
0.4144739806652069 0.4140894114971161
0.4155743718147278 0.42266154289245605
0.4147855341434479 0.4243597984313965
0.4137089252471924 0.4203260838985443
0.41395890712738037 0.4140017032623291
0.41418784856796265 0.4323723018169403
0.4143591821193695 0.4191417396068573
0.41458019614219666 0.41590964794158936
0.41486871242523193 0.4171134829521179
0.414341539144516 0.44216108322143555
0.4146261215209961 0.41453543305397034
0.413791686296463 0.4523385167121887
0.4136016368865967 0.4210073947906494
0.41383838653564453 0.4162118434906006
0.41465049982070923 0.41584935784339905
0.41442519426345825 0.4392127990722656
0.41469550132751465 0.4140464961528778
0.4137868881225586 0.42128169536590576
0.4136806130409241 0.4608893096446991
0.41416141390800476 0.41641145944595337
0.41351446509361267 0.422267347574234
0.41407299041748047 0.4206375181674957
0.41417792439460754 0.41611000895500183
0.412990540266037 0.4191342294216156
0.41369393467903137 0.41836050152778625
0.41376277804374695 0.4165983498096466
0.41381439566612244 0.41255587339401245
0.4137127697467804 0.4187625050544739
0.41360071301460266 0.42895498871803284
0.41350048780441284 0.416788250207901
0.4134020209312439 0.4389515221118927
0.4133753776550293 0.41854357719421387
0.4129488468170166 0.4400027394294739
0.41322460770606995 0.4308106303215027
0.41304847598075867 0.4321484863758087
0.4139705300331116 0.4214290976524353
0.41308024525642395 0.4269562065601349
0.4128071069717407 0.42025405168533325
0.41296690702438354 0.41845110058784485
0.41271477937698364 0.42436420917510986
0.41318100690841675 0.4185754060745239
0.4131116271018982 0.4278120994567871
0.41351425647735596 0.4164794981479645
0.41286101937294006 0.42288529872894287
0.41202548146247864 0.4141407608985901
0.4124169945716858 0.41609007120132446
0.4124867916107178 0.4330383539199829
0.41214877367019653 0.42167189717292786
0.41214680671691895 0.41894257068634033
0.4125716984272003 0.41559135913848877
0.4122985601425171 0.41556477546691895
0.4127744436264038 0.43350839614868164
0.41265836358070374 0.41926801204681396
0.4114176630973816 0.42463698983192444
0.41211676597595215 0.4234367311000824
0.41240420937538147 0.41480398178100586
0.41266918182373047 0.4477774202823639
0.4125301241874695 0.41612496972084045
0.41278523206710815 0.4232470393180847
0.41237783432006836 0.4181194007396698
0.41204556822776794 0.41452455520629883
0.4119325280189514 0.41796115040779114
0.41124555468559265 0.4226521849632263
0.41214776039123535 0.41535744071006775
0.4119795560836792 0.4232220947742462
0.4117822051048279 0.41628894209861755
0.41221755743026733 0.4183613359928131
0.41171371936798096 0.4152613878250122
0.41204676032066345 0.4242994487285614
0.41191890835762024 0.4294654428958893
0.41171905398368835 0.42560699582099915
0.4112955629825592 0.4167048931121826
0.4111180007457733 0.43524208664894104
0.4115384519100189 0.4133528769016266
0.41188573837280273 0.4138305187225342
0.4107826054096222 0.418351411819458
0.41173601150512695 0.41390347480773926
0.4118681252002716 0.4179147481918335
0.4112057387828827 0.4272089898586273
0.41186270117759705 0.4241839349269867
0.4113384783267975 0.41401755809783936
0.4112063944339752 0.4123653471469879
0.4115646481513977 0.41285479068756104
0.41151031851768494 0.4208521842956543
0.4111909866333008 0.4146397113800049
0.4109399616718292 0.4314655065536499
0.41208207607269287 0.42052769660949707
0.41131213307380676 0.4179215431213379
0.4112370014190674 0.41945627331733704
0.41163527965545654 0.4218098223209381
0.41097015142440796 0.4164607524871826
0.4109717309474945 0.4171723425388336
0.41100677847862244 0.4136001467704773
0.4108640253543854 0.4171028435230255
0.41083475947380066 0.42199379205703735
0.41044312715530396 0.41679447889328003
0.4109707474708557 0.4208408296108246
0.41139987111091614 0.4130972921848297
0.4102630615234375 0.4135925769805908
0.41112756729125977 0.41841772198677063
0.4112420380115509 0.4170020520687103
0.41122838854789734 0.4149767756462097
0.41037389636039734 0.42603370547294617
0.41071444749832153 0.4154585301876068
0.41017457842826843 0.4140426218509674
0.41049325466156006 0.4146866500377655
0.41080406308174133 0.41466501355171204
0.41054555773735046 0.4135732650756836
0.4104917347431183 0.442872554063797
0.4109150171279907 0.41554954648017883
0.410690039396286 0.42082831263542175
0.41029465198516846 0.4241631329059601
0.4103398621082306 0.4140225350856781
0.41043055057525635 0.4144441783428192
0.4106121361255646 0.4172195494174957
0.4104570746421814 0.4266335368156433
0.4105512797832489 0.41503459215164185
0.4097358286380768 0.4169541597366333
0.40964019298553467 0.4177607595920563
0.41041383147239685 0.41393840312957764
0.409930944442749 0.417760968208313
0.411180317401886 0.4128466546535492
0.4099501073360443 0.4166408181190491
0.4095718562602997 0.4153755009174347
0.4099542200565338 0.4142639935016632
0.40955448150634766 0.41679370403289795
0.4099086821079254 0.41127943992614746
0.4099031090736389 0.41701534390449524
0.4100135564804077 0.4161079525947571
0.4092480540275574 0.4134664237499237
0.4099091589450836 0.4378839433193207
0.4096629321575165 0.4143132269382477
0.4101426601409912 0.41552361845970154
0.4095180630683899 0.4155195951461792
0.4097343385219574 0.4137473702430725
0.40929168462753296 0.4197109639644623
0.4093848764896393 0.4199806749820709
0.409053236246109 0.41218507289886475
0.40925145149230957 0.4133232533931732
0.4089755713939667 0.421827107667923
0.40940892696380615 0.42262688279151917
0.40869271755218506 0.41928696632385254
0.4082798361778259 0.43538546562194824
0.4091951847076416 0.41623055934906006
0.40864822268486023 0.4313490390777588
0.40920037031173706 0.417454332113266
0.4086211919784546 0.41792333126068115
0.4087345004081726 0.4125428795814514
0.40877291560173035 0.41178733110427856
0.40896496176719666 0.4140116274356842
0.4088331162929535 0.4137515425682068
0.4093469977378845 0.42003342509269714
0.409060537815094 0.41856861114501953
0.40986257791519165 0.41200512647628784
0.4096530079841614 0.4125076234340668
0.4088330864906311 0.4182969629764557
0.4093908369541168 0.41227397322654724
0.4090074598789215 0.43777191638946533
0.4093506336212158 0.41322898864746094
0.4087115526199341 0.42039525508880615
0.4081716239452362 0.41317489743232727
0.4087575674057007 0.4335353374481201
0.4090421199798584 0.41401007771492004
0.40820950269699097 0.4143291115760803
0.40833356976509094 0.43696725368499756
0.40886497497558594 0.4145030975341797
0.40789705514907837 0.4148310720920563
0.4079527258872986 0.4134838581085205
0.4081399738788605 0.41065168380737305
0.40868374705314636 0.4139655828475952
0.40905314683914185 0.4134916067123413
0.4077532887458801 0.42229965329170227
0.4081752896308899 0.414279043674469
0.4089782238006592 0.42610689997673035
0.407968670129776 0.41324588656425476
0.4081489145755768 0.41175881028175354
0.40805894136428833 0.41809168457984924
0.40890881419181824 0.41106539964675903
0.40860608220100403 0.4110397696495056
0.40820103883743286 0.41179102659225464
0.4082188308238983 0.41591876745224
0.40802809596061707 0.4119044244289398
0.40829989314079285 0.4163903594017029
0.407857209444046 0.41478490829467773
0.4083634614944458 0.4140133261680603
0.40757086873054504 0.4121122658252716
0.407417356967926 0.41859567165374756
0.40710678696632385 0.416984885931015
0.4080805480480194 0.41238778829574585
0.40746554732322693 0.4299856424331665
0.40802615880966187 0.41721591353416443
0.4077584445476532 0.41569313406944275
0.407318651676178 0.414925217628479
0.40697112679481506 0.4136284291744232
0.4075169563293457 0.41817593574523926
0.4074850082397461 0.42120856046676636
0.40708038210868835 0.4235415458679199
0.4076096713542938 0.4146844148635864
0.40728670358657837 0.41406893730163574
0.4075261652469635 0.4329313635826111
0.4071452021598816 0.41910338401794434
0.40744420886039734 0.41760364174842834
0.40744853019714355 0.4146764278411865
0.40741515159606934 0.4265289604663849
0.40778428316116333 0.4139370024204254
0.4072888195514679 0.41802072525024414
0.4077656865119934 0.42081454396247864
0.4068431258201599 0.418264240026474
0.40716123580932617 0.4157329797744751
0.40716007351875305 0.4137532711029053
0.40695855021476746 0.42379626631736755
0.40672340989112854 0.41791725158691406
0.4067390263080597 0.4116092622280121
0.4067099988460541 0.4129675626754761
0.4069898724555969 0.41174882650375366
0.4068014919757843 0.41594111919403076
0.4064619541168213 0.4159955680370331
0.4069169759750366 0.4199766218662262
0.40696731209754944 0.42734357714653015
0.4069235026836395 0.4217495918273926
0.40650254487991333 0.4151134788990021
0.40720874071121216 0.43288925290107727
0.4070795476436615 0.41249945759773254
0.40714675188064575 0.4242681860923767
0.4072175920009613 0.4124784767627716
0.40659815073013306 0.4216608703136444
0.406686931848526 0.4152941107749939
0.40687820315361023 0.4246840178966522
0.4067257344722748 0.41421809792518616
0.406696081161499 0.4119381606578827
0.40682750940322876 0.4175441265106201
0.40592503547668457 0.42214226722717285
0.4064165949821472 0.41117730736732483
0.40646710991859436 0.41417384147644043
0.40614867210388184 0.4178463816642761
0.4065878093242645 0.41702353954315186
0.4065638780593872 0.4132597744464874
0.4064146876335144 0.4121381938457489
0.40628522634506226 0.41704362630844116
0.40653637051582336 0.41524621844291687
0.40617141127586365 0.4150320887565613
0.4062880575656891 0.4137488901615143
0.40645697712898254 0.4224766492843628
0.4063543379306793 0.4152360260486603
0.406305193901062 0.41191720962524414
0.4068719744682312 0.4114921987056732
0.4060985743999481 0.4169195294380188
0.4059920310974121 0.4109662175178528
0.4062926769256592 0.412275493144989
0.40582790970802307 0.4187934100627899
0.40605616569519043 0.41195327043533325
0.40585610270500183 0.41282710433006287
0.40625691413879395 0.415199875831604
0.40591180324554443 0.41069886088371277
0.4053554832935333 0.41524264216423035
0.4054972231388092 0.41383469104766846
0.40586310625076294 0.42621010541915894
0.40521863102912903 0.4138845205307007
0.40597930550575256 0.41344931721687317
0.40558159351348877 0.41602960228919983
0.40550899505615234 0.418101966381073
0.40588146448135376 0.4114949405193329
0.40552178025245667 0.41486820578575134
0.4054831862449646 0.42002248764038086
0.40563276410102844 0.4121789336204529
0.4054248332977295 0.41535112261772156
0.405560702085495 0.44680139422416687
0.4055757522583008 0.4132862091064453
0.4053860604763031 0.41206106543540955
0.40594756603240967 0.41270750761032104
0.4058258533477783 0.42121559381484985
0.4052039086818695 0.4178277850151062
0.40574464201927185 0.41205963492393494
0.40572991967201233 0.4105222523212433
0.40592509508132935 0.41180098056793213
0.4050293564796448 0.4204661548137665
0.4051617383956909 0.41068822145462036
0.40542158484458923 0.4141692519187927
0.4055096507072449 0.4156317114830017
0.4052788019180298 0.4134337306022644
0.40472733974456787 0.4188375473022461
0.4053652584552765 0.418832004070282
0.40495312213897705 0.4114229381084442
0.40525949001312256 0.4149172902107239
0.40509501099586487 0.4107635021209717
0.4047148525714874 0.41045135259628296
0.4049554467201233 0.4138944745063782
0.40469324588775635 0.4109267592430115
0.4045262336730957 0.4220733344554901
0.4046740233898163 0.41784340143203735
0.40479332208633423 0.41059112548828125
0.4044991135597229 0.4106231927871704
0.4054778814315796 0.4357454180717468
0.4048912525177002 0.41425544023513794
0.40483102202415466 0.41378745436668396
0.40491512417793274 0.42963671684265137
0.4048285484313965 0.4134800434112549
0.4048188328742981 0.41108137369155884
0.40439820289611816 0.4189492166042328
0.40491393208503723 0.41805145144462585
0.40442776679992676 0.4178295433521271
0.404254674911499 0.42858457565307617
0.40418165922164917 0.41872698068618774
0.40457966923713684 0.4126303493976593
0.4042435586452484 0.4135124981403351
0.4040543735027313 0.4138682782649994
0.4047730267047882 0.41081270575523376
0.4044460654258728 0.41293835639953613
0.4045524597167969 0.4182033836841583
0.4041951894760132 0.42310047149658203
0.4046526551246643 0.4518877863883972
0.40482279658317566 0.41255220770835876
0.4037712812423706 0.41111183166503906
0.4046909213066101 0.4135352671146393
0.40413686633110046 0.4170169532299042
0.40506497025489807 0.44055065512657166
0.4043245315551758 0.414488285779953
0.4046076238155365 0.4124600291252136
0.40505656599998474 0.41343218088150024
0.40483754873275757 0.41173017024993896
0.4042772352695465 0.418061226606369
0.4047183692455292 0.4205664396286011
0.40444669127464294 0.4182223975658417
0.4036601185798645 0.42131203413009644
0.40395429730415344 0.4156795144081116
0.40420281887054443 0.41218045353889465
0.40401268005371094 0.4253745675086975
0.4040052890777588 0.41054466366767883
0.4039098620414734 0.4149056375026703
0.40362077951431274 0.41289204359054565
0.4035826325416565 0.4130074381828308
0.4038400948047638 0.4192090928554535
