1.5021781921386719 1.5326950550079346
1.4809906482696533 1.5034375190734863
1.4788703918457031 1.4983450174331665
1.4766439199447632 1.5010043382644653
1.4764081239700317 1.4998080730438232
1.4764689207077026 1.5006601810455322
1.4753243923187256 1.5022461414337158
1.4752764701843262 1.5015652179718018
1.4754364490509033 1.5083712339401245
1.4755539894104004 1.514284610748291
1.4749125242233276 1.5031373500823975
1.4748997688293457 1.512953758239746
1.4747346639633179 1.5014270544052124
1.4744919538497925 1.5113670825958252
1.474336862564087 1.5048729181289673
1.474782943725586 1.5062335729599
1.4744791984558105 1.4995765686035156
1.4742629528045654 1.5000935792922974
1.4745745658874512 1.5203055143356323
1.474450707435608 1.503353476524353
1.474374532699585 1.5012987852096558
1.473980188369751 1.5010265111923218
1.4741413593292236 1.510698914527893
1.4738632440567017 1.5008422136306763
1.4739601612091064 1.4984930753707886
1.4739062786102295 1.509225845336914
1.4739192724227905 1.4995077848434448
1.4741299152374268 1.5058674812316895
1.4736404418945312 1.5030429363250732
1.4738764762878418 1.5005216598510742
1.4738680124282837 1.50459885597229
1.474040150642395 1.5140526294708252
1.4737478494644165 1.5049464702606201
1.4736558198928833 1.5049948692321777
1.473597526550293 1.5024937391281128
1.473765254020691 1.4993770122528076
1.473694920539856 1.5039787292480469
1.4735376834869385 1.5032942295074463
1.473597526550293 1.504874587059021
1.4736512899398804 1.5038816928863525
1.473487138748169 1.5032094717025757
1.4736852645874023 1.5077674388885498
1.4735932350158691 1.5006179809570312
1.4735161066055298 1.5012543201446533
1.4734994173049927 1.5000064373016357
1.4734338521957397 1.5026856660842896
1.4735302925109863 1.5098680257797241
1.473440170288086 1.506824254989624
1.473443627357483 1.503447413444519
1.4734480381011963 1.5020174980163574
1.4733272790908813 1.5217677354812622
1.473541498184204 1.5067163705825806
1.473446249961853 1.500295877456665
1.473242998123169 1.5052134990692139
1.4734946489334106 1.499193549156189
1.4735348224639893 1.5025217533111572
1.4734792709350586 1.5064862966537476
1.473592758178711 1.5141721963882446
1.4735018014907837 1.513920545578003
1.4734861850738525 1.5081654787063599
1.4734915494918823 1.502530574798584
1.4733675718307495 1.5024877786636353
1.473286747932434 1.505437970161438
1.4732807874679565 1.502822995185852
1.4732894897460938 1.5079988241195679
1.4733394384384155 1.5009866952896118
1.4733593463897705 1.5044279098510742
1.4732915163040161 1.5032070875167847
1.4733165502548218 1.5051544904708862
1.4732745885849 1.5030301809310913
1.4732303619384766 1.5028998851776123
1.4733234643936157 1.514314889907837
1.4731175899505615 1.4984992742538452
1.473183512687683 1.4998044967651367
1.4731882810592651 1.5032966136932373
1.4732500314712524 1.5042293071746826
1.4730684757232666 1.5102590322494507
1.473164677619934 1.503944993019104
1.473138451576233 1.504289984703064
1.4730885028839111 1.5127344131469727
1.4732370376586914 1.5080904960632324
1.4730854034423828 1.5106385946273804
1.4207196235656738 1.2989354133605957
1.2526912689208984 1.3019623756408691
1.2397149801254272 1.268752932548523
1.2318100929260254 1.2458231449127197
1.223321795463562 1.2437729835510254
1.176157832145691 1.0798612833023071
0.8905673027038574 0.8303939700126648
0.763780951499939 0.7321630716323853
0.7149865627288818 0.7203244566917419
0.6796747446060181 0.6425979137420654
0.6522515416145325 0.6233630776405334
0.6277480721473694 0.6254587173461914
0.6110357642173767 0.6888697743415833
0.5982629656791687 0.5954741835594177
0.5843841433525085 0.5992218852043152
0.5750809907913208 0.5561317801475525
0.5621976256370544 0.6474357843399048
0.5519125461578369 0.6196644306182861
0.5454522967338562 0.6666784882545471
0.5379112958908081 0.5795722603797913
0.5331735014915466 0.5291022658348083
0.5187574028968811 0.5042169690132141
0.5130584836006165 0.48144975304603577
0.5082679986953735 0.4856792986392975
0.5020042657852173 0.4927533268928528
0.5008271336555481 0.49674928188323975
0.491130530834198 0.4683566689491272
0.486863374710083 0.46440303325653076
0.487229585647583 0.5640882849693298
0.48119720816612244 0.4498702585697174
0.4770269989967346 0.47184404730796814
0.4766869843006134 0.4412679970264435
0.4712473750114441 0.5294076204299927
0.4701368510723114 0.4347373843193054
0.46529421210289 0.44726598262786865
0.46537458896636963 0.44979768991470337
0.4627918601036072 0.4407913088798523
0.460345983505249 0.5139732360839844
0.4530152380466461 0.42707332968711853
0.4513072371482849 0.5248816609382629
0.4518578350543976 0.43909427523612976
0.45217737555503845 0.41591179370880127
0.45326367020606995 0.46689969301223755
0.45047709345817566 0.47021570801734924
0.4523991346359253 0.4411565363407135
0.44615820050239563 0.40246301889419556
0.4433431029319763 0.4389282166957855
0.4463927149772644 0.46968787908554077
0.4429801106452942 0.41705378890037537
0.43770045042037964 0.4973014295101166
0.4376806318759918 0.43428537249565125
0.4391039311885834 0.43007680773735046
0.43547961115837097 0.4360336661338806
0.43575936555862427 0.427638441324234
0.43440014123916626 0.5223475098609924
0.4305809736251831 0.442355215549469
0.42964503169059753 0.4096643626689911
0.43321889638900757 0.4095943570137024
0.4265827238559723 0.4235086739063263
0.43090131878852844 0.49513930082321167
0.42768990993499756 0.43202561140060425
0.4246254861354828 0.4528590440750122
0.42304569482803345 0.4459231197834015
0.42341798543930054 0.42093923687934875
0.42232078313827515 0.40629199147224426
0.42255979776382446 0.41429486870765686
0.42144474387168884 0.4017254710197449
0.4228666126728058 0.41275790333747864
0.42049697041511536 0.4120059609413147
0.42014649510383606 0.43135395646095276
0.4170951843261719 0.42892879247665405
0.4189983606338501 0.40081366896629333
0.41401535272598267 0.39488792419433594
0.4162159264087677 0.46027106046676636
0.41226813197135925 0.5441910624504089
0.41494229435920715 0.4095328450202942
0.4123937785625458 0.4772745966911316
0.41112297773361206 0.4548645317554474
0.41431012749671936 0.4539354145526886
0.4107123613357544 0.42601990699768066
0.41110020875930786 0.460694819688797
0.4121374785900116 0.4254876673221588
0.4078786075115204 0.4006791412830353
0.40825629234313965 0.40433835983276367
0.4072188138961792 0.3856910169124603
0.4064290523529053 0.3867521286010742
0.4073733687400818 0.45932501554489136
0.4050925076007843 0.40342965722084045
0.4048910439014435 0.3979853689670563
0.4019159972667694 0.3910931944847107
0.40304458141326904 0.4020334780216217
0.4030363857746124 0.38448190689086914
0.40623044967651367 0.38624241948127747
0.40259721875190735 0.40527796745300293
0.3998003304004669 0.39912620186805725
0.4025386869907379 0.39272910356521606
0.3995947539806366 0.38009244203567505
0.39864352345466614 0.4172336757183075
0.3969837427139282 0.40528571605682373
0.39921802282333374 0.38812562823295593
0.39739561080932617 0.39198389649391174
0.39916184544563293 0.41921958327293396
0.3976536989212036 0.41134265065193176
0.39629045128822327 0.40459299087524414
0.39599180221557617 0.38667306303977966
0.3956855535507202 0.4312888979911804
0.3964559733867645 0.431784987449646
0.3960875868797302 0.43838822841644287
0.39362141489982605 0.4160313606262207
0.3920802175998688 0.4065091907978058
0.3921825587749481 0.3795844316482544
0.3897925913333893 0.3924074172973633
0.3925386667251587 0.4029683470726013
0.3943229913711548 0.41638240218162537
0.3911598324775696 0.3830392062664032
0.3913697898387909 0.4660091698169708
0.3896735608577728 0.45831575989723206
0.3889341652393341 0.3942978084087372
0.3878924250602722 0.3864641785621643
0.38876524567604065 0.39423415064811707
0.39020317792892456 0.3974109888076782
0.3876185119152069 0.386797159910202
0.3855428993701935 0.40726035833358765
0.3866652250289917 0.36815395951271057
0.3880106508731842 0.4005221128463745
0.387874037027359 0.39840468764305115
0.3856452703475952 0.3989085853099823
0.3846737742424011 0.3840300738811493
0.38679519295692444 0.4306918978691101
0.38495102524757385 0.36711835861206055
0.3838053345680237 0.36659106612205505
0.38244980573654175 0.4149631857872009
0.3841133117675781 0.40819114446640015
0.38206589221954346 0.4063611924648285
0.3818005323410034 0.3946989178657532
0.3799918293952942 0.3745495080947876
0.3803956210613251 0.4042310416698456
0.3809819221496582 0.41277414560317993
0.380250483751297 0.37712228298187256
0.38054218888282776 0.39316433668136597
0.38155657052993774 0.3697258234024048
0.3794628083705902 0.4516056776046753
0.3760397434234619 0.4353354275226593
0.3791787028312683 0.46319180727005005
0.3783334791660309 0.364383339881897
0.3798641264438629 0.4586775302886963
0.3803975284099579 0.3767258822917938
0.3758081793785095 0.42734605073928833
0.3782053291797638 0.38208064436912537
0.3764084577560425 0.38065528869628906
0.3740461468696594 0.4049011170864105
0.3765590488910675 0.3853752017021179
0.3750445544719696 0.38919904828071594
0.3776036202907562 0.3985453248023987
0.3746529519557953 0.3669509291648865
0.3728567659854889 0.4090456962585449
0.375508576631546 0.4176303744316101
0.3745189905166626 0.3693397641181946
0.37535807490348816 0.3986964523792267
0.37425488233566284 0.36042580008506775
0.3743748664855957 0.39133402705192566
0.371941477060318 0.3818877041339874
0.3726332485675812 0.36951595544815063
0.3710844814777374 0.4040661156177521
0.37304097414016724 0.377217561006546
0.36953118443489075 0.3844701647758484
0.3706955015659332 0.36445608735084534
0.3705443739891052 0.4014679789543152
0.37117651104927063 0.3663906157016754
0.3680539131164551 0.4110184609889984
0.36980196833610535 0.3701111674308777
0.36717933416366577 0.3660522401332855
0.36768290400505066 0.38720834255218506
0.3674800395965576 0.4078689515590668
0.36939364671707153 0.36426928639411926
0.36886632442474365 0.487755686044693
0.3690904974937439 0.3938313126564026
0.3691447973251343 0.37973883748054504
0.3667966425418854 0.35380545258522034
0.36633920669555664 0.3559987545013428
0.36546239256858826 0.4009202718734741
0.36845430731773376 0.3623758554458618
0.3664933145046234 0.3908829391002655
0.36619898676872253 0.37355151772499084
0.3676319718360901 0.4209156334400177
0.367704302072525 0.38637015223503113
0.36428776383399963 0.3667972981929779
0.36419230699539185 0.37700891494750977
0.3653920292854309 0.3828863203525543
0.36378103494644165 0.3659316599369049
0.36382827162742615 0.3663845956325531
0.36285096406936646 0.37472793459892273
0.3625319302082062 0.35498565435409546
0.3647889792919159 0.36483141779899597
0.3633040487766266 0.360216349363327
0.36446279287338257 0.3808891773223877
0.361998051404953 0.3555087745189667
0.36099204421043396 0.37570831179618835
0.36093902587890625 0.3595275282859802
0.3617078363895416 0.36641445755958557
0.36215823888778687 0.34678077697753906
0.35932081937789917 0.35583528876304626
0.3607684373855591 0.3662211000919342
0.36065682768821716 0.36439329385757446
0.3623024523258209 0.3813022971153259
0.36018994450569153 0.36185070872306824
0.3601744472980499 0.3820221722126007
0.35968437790870667 0.38339659571647644
0.36094027757644653 0.390533447265625
0.35919156670570374 0.3593454360961914
0.35899195075035095 0.3549945652484894
0.3586190342903137 0.3550913333892822
0.36113446950912476 0.35774555802345276
0.36153241991996765 0.35383275151252747
0.35843992233276367 0.4009072482585907
0.3588930070400238 0.3639662563800812
0.3567586839199066 0.4262951910495758
0.3586747348308563 0.38266605138778687
0.3585159480571747 0.34672123193740845
0.35925355553627014 0.357710599899292
0.35791265964508057 0.34944722056388855
0.3571130335330963 0.3569450378417969
0.35783740878105164 0.35700058937072754
0.3569762110710144 0.3532891571521759
0.35818028450012207 0.35623660683631897
0.35768210887908936 0.35327574610710144
0.3566679060459137 0.3685537874698639
0.35714974999427795 0.38258716464042664
0.3573439419269562 0.35107019543647766
0.35438114404678345 0.35158324241638184
0.35622861981391907 0.37246108055114746
0.3562432825565338 0.36218351125717163
0.3576507866382599 0.35585302114486694
0.3551197350025177 0.35726410150527954
0.3534454107284546 0.3897223472595215
0.35687676072120667 0.3478390574455261
0.35476553440093994 0.35582733154296875
0.353923499584198 0.36269885301589966
0.3546084463596344 0.3733854293823242
0.3582150340080261 0.3558608889579773
0.35506775975227356 0.35450074076652527
0.3543965220451355 0.34523314237594604
0.35375645756721497 0.34899064898490906
0.35415729880332947 0.34902817010879517
0.35493627190589905 0.34739169478416443
0.354336678981781 0.34229016304016113
0.35472366213798523 0.3633263111114502
0.355771005153656 0.4092056453227997
0.3553842604160309 0.35244861245155334
0.3545089364051819 0.3728800415992737
0.35285940766334534 0.3679947257041931
0.35227495431900024 0.39684736728668213
0.3530728816986084 0.3900645673274994
0.35356056690216064 0.425975501537323
0.3547539710998535 0.38045260310173035
0.35354262590408325 0.35257387161254883
0.3537791669368744 0.35576197504997253
0.35234808921813965 0.34794503450393677
0.3519430458545685 0.35624146461486816
0.3531906306743622 0.34989991784095764
0.35245561599731445 0.34329116344451904
0.3531169295310974 0.35782867670059204
0.35204005241394043 0.3523677885532379
0.35259202122688293 0.35860908031463623
0.35252755880355835 0.3583284020423889
0.35077446699142456 0.36468830704689026
0.35206517577171326 0.42897701263427734
0.3517345190048218 0.3715507984161377
0.3526516854763031 0.3702649176120758
0.351544052362442 0.38225725293159485
0.3510096073150635 0.3473784327507019
0.35022494196891785 0.34110555052757263
0.35109636187553406 0.3920498788356781
0.35009950399398804 0.36388394236564636
0.35016679763793945 0.39026156067848206
0.35055243968963623 0.3409371078014374
0.351592481136322 0.3542507290840149
0.3494921326637268 0.38671696186065674
0.3504217565059662 0.3644515573978424
0.3490436375141144 0.34211066365242004
0.3502771854400635 0.37000465393066406
0.34900474548339844 0.3460642993450165
0.35075095295906067 0.3618667423725128
0.35054874420166016 0.36601948738098145
0.34841787815093994 0.34558725357055664
0.3500984311103821 0.4190230071544647
0.3476111590862274 0.3556969165802002
0.34956109523773193 0.39660394191741943
0.34901073575019836 0.35026371479034424
0.3499598801136017 0.34742531180381775
0.34893178939819336 0.3471825122833252
0.34901735186576843 0.3715382516384125
0.34770119190216064 0.34600773453712463
0.348938912153244 0.3709299564361572
0.3494753837585449 0.4197361469268799
0.34775087237358093 0.359281986951828
0.35041549801826477 0.3749474287033081
0.3483438789844513 0.34626778960227966
0.3500271439552307 0.371664434671402
0.348878413438797 0.35288843512535095
0.3484567403793335 0.33809608221054077
0.3490148186683655 0.3653027415275574
0.3472434878349304 0.3662162125110626
0.3475686013698578 0.367538720369339
0.3468027710914612 0.34933215379714966
0.34750431776046753 0.34793728590011597
0.3480986952781677 0.39609888195991516
0.3482004404067993 0.37425029277801514
0.34796032309532166 0.36972352862358093
0.34962981939315796 0.35458463430404663
0.3474879264831543 0.3775317966938019
0.346052885055542 0.3610484302043915
0.3479430377483368 0.3731498420238495
0.3486529588699341 0.37694889307022095
0.3458784520626068 0.3804471492767334
0.3465970456600189 0.37595269083976746
0.34799233078956604 0.3546346127986908
0.343941330909729 0.34855297207832336
0.34696078300476074 0.3808002173900604
0.34691479802131653 0.34840938448905945
0.34613293409347534 0.3940303325653076
0.3463265299797058 0.3387332260608673
0.3449058532714844 0.34631896018981934
0.34566015005111694 0.34482309222221375
0.347065806388855 0.35265812277793884
0.34597790241241455 0.34109848737716675
0.3442593216896057 0.35821905732154846
0.3457548916339874 0.35097038745880127
0.34537073969841003 0.35156509280204773
0.34521132707595825 0.3489588499069214
0.3450835943222046 0.3561462461948395
0.3445138931274414 0.3408380448818207
0.3451155424118042 0.3626992404460907
0.3448984622955322 0.35912418365478516
0.34519729018211365 0.34197670221328735
0.34549349546432495 0.3508186936378479
0.34378868341445923 0.4259185492992401
0.3455658257007599 0.3622891902923584
0.3451407551765442 0.3580082356929779
0.3445773124694824 0.3481014668941498
0.3458988666534424 0.3369729220867157
0.34405791759490967 0.34193286299705505
0.3441559374332428 0.3563273549079895
0.34569409489631653 0.34330758452415466
0.34412673115730286 0.33937665820121765
0.34456366300582886 0.3497418761253357
0.34247565269470215 0.34431418776512146
0.34469732642173767 0.3473432958126068
0.3444959223270416 0.34624892473220825
0.3457552194595337 0.3622884154319763
0.3427969515323639 0.3413721024990082
0.3447229564189911 0.3648626506328583
0.34312909841537476 0.34576135873794556
0.345127671957016 0.34164702892303467
0.344195157289505 0.4253673255443573
0.3450479805469513 0.3451760709285736
0.34267687797546387 0.35208752751350403
0.3443813920021057 0.33704036474227905
0.34233272075653076 0.35166898369789124
0.3433776795864105 0.3421507179737091
0.34434038400650024 0.35441476106643677
0.34433290362358093 0.3822682201862335
0.34336957335472107 0.3667372167110443
0.3420995771884918 0.356444776058197
0.3430593013763428 0.3515610098838806
0.34508568048477173 0.3532959520816803
0.3422755002975464 0.3562769591808319
0.34219881892204285 0.33889240026474
0.34204795956611633 0.33686351776123047
0.3427441716194153 0.3578055500984192
0.3433430790901184 0.3650031089782715
0.34220990538597107 0.3378118574619293
0.34224775433540344 0.3453010618686676
0.3422619104385376 0.3445781171321869
0.34267401695251465 0.3540090024471283
0.3427288830280304 0.37075570225715637
0.34167611598968506 0.3619103729724884
0.3408290445804596 0.3381298780441284
0.3414750099182129 0.3483043909072876
0.340548574924469 0.3517604172229767
0.340894490480423 0.35125961899757385
0.3424268960952759 0.33422017097473145
0.34147557616233826 0.35242605209350586
0.3413904011249542 0.33594363927841187
0.3418214023113251 0.33802640438079834
0.3413286805152893 0.35378310084342957
0.341743528842926 0.35674744844436646
0.3408498466014862 0.368760883808136
0.34102508425712585 0.37379270792007446
0.34065887331962585 0.33954665064811707
0.3422703742980957 0.3674040138721466
0.34176939725875854 0.3726364076137543
0.339261531829834 0.35934945940971375
0.3409108519554138 0.341174840927124
0.3391297161579132 0.3378612697124481
0.34137123823165894 0.3594161570072174
0.3402184545993805 0.35395199060440063
0.34007591009140015 0.3422310948371887
0.3404333293437958 0.3378131091594696
0.34138283133506775 0.34031346440315247
0.340064138174057 0.3672354221343994
0.3413395285606384 0.33552858233451843
0.3407739996910095 0.35031411051750183
0.3409227728843689 0.369354248046875
0.3398444354534149 0.3689303398132324
0.34052902460098267 0.3601464331150055
0.34079715609550476 0.36002781987190247
0.3407055735588074 0.33390912413597107
0.3394428491592407 0.3688454329967499
0.34070512652397156 0.33510395884513855
0.3386332094669342 0.34876713156700134
0.3381861746311188 0.3348652422428131
0.33987972140312195 0.34729814529418945
0.34142494201660156 0.33273056149482727
0.3396313488483429 0.37414002418518066
0.33833402395248413 0.38053351640701294
0.33826956152915955 0.3586260974407196
0.3407402038574219 0.3453131318092346
0.33910244703292847 0.342223197221756
0.3380316197872162 0.34331709146499634
0.33798277378082275 0.3481747508049011
0.3393093943595886 0.34844693541526794
0.3402291238307953 0.3387792706489563
0.34030380845069885 0.3691326975822449
0.3413611054420471 0.3603993356227875
0.3390578329563141 0.36496078968048096
0.33945733308792114 0.33882808685302734
0.3388451933860779 0.3735743761062622
0.3392787575721741 0.3502499461174011
0.33795273303985596 0.3619515895843506
0.33953937888145447 0.372063010931015
0.3378446698188782 0.3568779528141022
0.33900147676467896 0.34716370701789856
0.3392891585826874 0.3406471610069275
0.3389614522457123 0.33612290024757385
0.33755314350128174 0.3359408676624298
0.33862048387527466 0.34229376912117004
0.33820483088493347 0.346181184053421
0.33866003155708313 0.3561742603778839
0.338313490152359 0.3410583436489105
0.3383098244667053 0.34644824266433716
0.3386813998222351 0.34225934743881226
0.33973032236099243 0.3499085307121277
0.3393256366252899 0.3476576805114746
0.3381390869617462 0.37378400564193726
0.33808404207229614 0.3470003008842468
0.33914101123809814 0.3325275480747223
0.33835893869400024 0.3477092683315277
0.3386423885822296 0.35510361194610596
0.33843329548835754 0.33618786931037903
0.3381478786468506 0.3563128411769867
0.33772289752960205 0.3347529172897339
0.3383411467075348 0.3565159738063812
0.3384086787700653 0.3404479920864105
0.33886104822158813 0.3430919349193573
0.33893001079559326 0.34044140577316284
0.33858034014701843 0.33346453309059143
0.3365117013454437 0.37636661529541016
0.337417334318161 0.332200288772583
0.3377058207988739 0.3487679064273834
0.33804816007614136 0.34760531783103943
0.33732083439826965 0.34906187653541565
0.336172491312027 0.3376781940460205
0.3371421694755554 0.3430931270122528
0.33766308426856995 0.3526562452316284
0.3365984559059143 0.33149462938308716
0.33746063709259033 0.36498403549194336
0.33604758977890015 0.33292150497436523
0.3361964821815491 0.3500569462776184
0.33699512481689453 0.3447777032852173
0.3370169401168823 0.33473721146583557
0.33595573902130127 0.33690932393074036
0.3379012942314148 0.3480747938156128
0.3374033272266388 0.3798912465572357
0.33585259318351746 0.3432422876358032
0.3368178904056549 0.333281010389328
0.3355025053024292 0.34473472833633423
0.33625394105911255 0.34905171394348145
0.33621132373809814 0.35942497849464417
0.33664870262145996 0.3548518419265747
0.33597537875175476 0.3389955461025238
0.3370696008205414 0.33573946356773376
0.33776581287384033 0.3553798198699951
0.3357519805431366 0.33612942695617676
0.33652061223983765 0.40356624126434326
0.3368411958217621 0.3337584435939789
0.3355504274368286 0.35075873136520386
0.33605849742889404 0.33031827211380005
0.3360523283481598 0.3662818372249603
0.3358561396598816 0.33778882026672363
0.33558979630470276 0.35837119817733765
0.33667224645614624 0.33061692118644714
0.3355288505554199 0.339726984500885
0.33605292439460754 0.34344831109046936
0.3342168629169464 0.3575528860092163
0.3367573320865631 0.3431376814842224
0.3361435830593109 0.3363500237464905
0.33745846152305603 0.3895609378814697
0.33507630228996277 0.33950841426849365
0.33774182200431824 0.34987664222717285
0.33608487248420715 0.4044625163078308
0.33572953939437866 0.3412714898586273
0.33475053310394287 0.3577846884727478
0.33545905351638794 0.3622027635574341
0.3361440598964691 0.3785909116268158
0.33516600728034973 0.37531793117523193
0.33488476276397705 0.34261277318000793
0.3356808125972748 0.3341362178325653
0.33428260684013367 0.393401563167572
0.3350142538547516 0.32982417941093445
0.33460357785224915 0.33289793133735657
0.33534201979637146 0.3672066330909729
0.33476516604423523 0.33348891139030457
0.3349881172180176 0.3316769599914551
0.33447641134262085 0.33664628863334656
0.33561083674430847 0.3490026593208313
0.33385637402534485 0.3446841537952423
0.33457493782043457 0.34783679246902466
0.3345593810081482 0.3437313139438629
0.3356482684612274 0.34761878848075867
0.33327075839042664 0.3287047743797302
0.3348558247089386 0.33946147561073303
0.33581045269966125 0.3422148823738098
0.3337472677230835 0.36691850423812866
0.3346392810344696 0.33733445405960083
0.3352576792240143 0.331210196018219
0.3346483111381531 0.3391354978084564
0.33534523844718933 0.3675982654094696
0.33394476771354675 0.3569295108318329
0.3334418833255768 0.34578752517700195
0.33357030153274536 0.33659887313842773
0.33306849002838135 0.3546694815158844
0.33343902230262756 0.34230390191078186
0.33415868878364563 0.33056360483169556
0.33469557762145996 0.3385145664215088
0.33433419466018677 0.3329283893108368
0.3330253064632416 0.36746132373809814
0.33281925320625305 0.3368901014328003
0.3344683051109314 0.37242549657821655
0.33393746614456177 0.34381377696990967
0.3337765336036682 0.4269106984138489
0.33261510729789734 0.3395756483078003
0.33406057953834534 0.33845967054367065
0.33309078216552734 0.34099939465522766
0.332684189081192 0.35291987657546997
0.33547520637512207 0.39517003297805786
0.3336803913116455 0.34367191791534424
0.33331498503685 0.33136487007141113
0.33246761560440063 0.33718833327293396
0.33428630232810974 0.3804612159729004
0.3330211639404297 0.366312175989151
0.3337656557559967 0.34091678261756897
0.33183497190475464 0.3353995084762573
0.3330554962158203 0.345829576253891
0.3322020471096039 0.3792727291584015
0.3343103229999542 0.3729298710823059
0.33406755328178406 0.3350713849067688
0.3321423828601837 0.3316513001918793
0.3328835666179657 0.3641725182533264
0.3333776593208313 0.3334996998310089
0.33245140314102173 0.3362174332141876
0.3330499529838562 0.3318772614002228
0.3322068452835083 0.34708595275878906
0.3322811722755432 0.3378896713256836
0.33129042387008667 0.3359544277191162
0.33194437623023987 0.3447525203227997
0.3310788869857788 0.3287656009197235
0.3313046991825104 0.35865989327430725
0.3320676386356354 0.3513696789741516
0.3316621482372284 0.35090699791908264
0.33111366629600525 0.3364109992980957
0.33285045623779297 0.3424689769744873
0.3323964476585388 0.3421838581562042
0.3308732807636261 0.3277072012424469
0.3316153883934021 0.36197659373283386
0.3323463201522827 0.33911195397377014
0.33081957697868347 0.33568665385246277
0.33282801508903503 0.3417677879333496
0.33377665281295776 0.33014559745788574
0.3323615491390228 0.359376460313797
0.33196109533309937 0.3315962851047516
0.3313843309879303 0.33902567625045776
0.3326416611671448 0.33958131074905396
0.3313400149345398 0.3390332758426666
0.3320607542991638 0.34212055802345276
0.33153578639030457 0.334783136844635
0.33117327094078064 0.32930901646614075
0.331454336643219 0.33357053995132446
0.33142659068107605 0.3292674720287323
0.3303646147251129 0.3510720133781433
0.3320481777191162 0.3514072299003601
0.33012980222702026 0.3329945504665375
0.33075690269470215 0.3552300035953522
0.33058032393455505 0.35591980814933777
0.3307376503944397 0.3468129336833954
0.33167722821235657 0.3342454135417938
0.33081430196762085 0.3468589782714844
0.3310364782810211 0.32985150814056396
0.3309257924556732 0.3612401783466339
0.3317667543888092 0.3373238444328308
0.33049115538597107 0.3407648205757141
0.33157068490982056 0.34329289197921753
0.3308335244655609 0.3289875090122223
0.3312191367149353 0.3328680396080017
0.331388384103775 0.34316444396972656
0.3308708965778351 0.33441662788391113
0.3308858275413513 0.3475707173347473
0.3309328854084015 0.3567245900630951
0.3298352062702179 0.33168479800224304
0.3311874270439148 0.3338281810283661
0.3304595947265625 0.3332202732563019
0.33006229996681213 0.34285497665405273
0.33004939556121826 0.3496672511100769
0.3302682042121887 0.33374327421188354
0.33054107427597046 0.3355632424354553
0.33057230710983276 0.3392268419265747
0.33077508211135864 0.33248358964920044
0.33000609278678894 0.35347315669059753
0.33038049936294556 0.3416540324687958
0.32983914017677307 0.3452279269695282
0.32929477095603943 0.34245559573173523
0.3303377330303192 0.33127260208129883
0.33100831508636475 0.33574581146240234
0.3297182619571686 0.3278886079788208
0.32906830310821533 0.3383386731147766
0.3304497301578522 0.3486579358577728
0.32920876145362854 0.3510887324810028
0.3296346068382263 0.3340843915939331
0.3300171196460724 0.3403448760509491
0.330181360244751 0.3333805799484253
0.32905951142311096 0.3347616493701935
0.3301849961280823 0.3513386845588684
0.328918993473053 0.33868899941444397
0.3297690451145172 0.3327483832836151
0.32944926619529724 0.3359408676624298
0.3290042579174042 0.33056023716926575
0.3302009701728821 0.3413413166999817
0.32943296432495117 0.3361649513244629
0.3311186730861664 0.33747050166130066
0.3306185007095337 0.3251570761203766
0.3287041485309601 0.3785386085510254
0.32918816804885864 0.3350939452648163
0.3290230333805084 0.3568674921989441
0.32907724380493164 0.32918310165405273
0.3298110067844391 0.34470850229263306
0.32931792736053467 0.37034380435943604
0.3282102346420288 0.341056764125824
0.3283825218677521 0.3388808071613312
0.3292389214038849 0.3534266948699951
0.33000385761260986 0.333769291639328
0.3288772404193878 0.33245694637298584
0.32913148403167725 0.33095717430114746
0.32928624749183655 0.3327539265155792
0.3298974931240082 0.34095367789268494
0.32899996638298035 0.34155023097991943
0.32806652784347534 0.338613361120224
0.3292507529258728 0.33054685592651367
0.32959482073783875 0.3302308917045593
0.32801496982574463 0.32561972737312317
0.32825911045074463 0.35387521982192993
0.32961103320121765 0.3275867998600006
0.3277907967567444 0.35698339343070984
0.32893678545951843 0.34382888674736023
0.32931241393089294 0.3322310447692871
0.32828179001808167 0.3573155403137207
0.32938578724861145 0.33471834659576416
0.3291991353034973 0.3360457718372345
0.32909268140792847 0.3562816083431244
0.3291407823562622 0.34658282995224
0.3271930515766144 0.3486819565296173
0.32704082131385803 0.3268063962459564
0.32839521765708923 0.35208067297935486
0.3306044638156891 0.3496859073638916
0.32894691824913025 0.32969364523887634
0.3280591070652008 0.3420206308364868
0.32810258865356445 0.3442504107952118
0.3275524079799652 0.33792436122894287
0.3276990056037903 0.3653073012828827
0.32935279607772827 0.3333609998226166
0.32833054661750793 0.3470178544521332
0.3272307515144348 0.32867997884750366
0.3279931843280792 0.35211867094039917
0.3271172344684601 0.35532110929489136
0.328300803899765 0.327585369348526
0.32732611894607544 0.33959922194480896
0.32874372601509094 0.3467584252357483
0.3281204104423523 0.34674549102783203
0.3268471658229828 0.3336450755596161
0.32767754793167114 0.3363536596298218
0.3286604583263397 0.3312646150588989
0.3284415006637573 0.35983484983444214
0.32957130670547485 0.3794587552547455
0.3283330500125885 0.35440248250961304
0.3271239697933197 0.35146084427833557
0.3282147943973541 0.34820279479026794
0.32696831226348877 0.3284934163093567
0.325855016708374 0.33244991302490234
0.32763436436653137 0.3473946452140808
0.32881638407707214 0.3396819233894348
0.3263075649738312 0.3291517198085785
0.32740744948387146 0.34815919399261475
0.326749324798584 0.3523920774459839
0.32801732420921326 0.3293417692184448
0.3285217881202698 0.32758140563964844
0.32742950320243835 0.34738099575042725
0.32803425192832947 0.32555562257766724
0.3272460103034973 0.34075984358787537
0.3262104094028473 0.3462587296962738
0.3267861008644104 0.33425596356391907
0.32619452476501465 0.3585479259490967
0.32817816734313965 0.33597245812416077
0.3266681134700775 0.33330148458480835
0.32684123516082764 0.32601743936538696
0.3277389407157898 0.3350723087787628
0.3263210654258728 0.35444778203964233
0.3268005847930908 0.35154685378074646
0.3266810178756714 0.3352262079715729
0.32613125443458557 0.3280429244041443
0.32658621668815613 0.32468268275260925
0.3257804811000824 0.3463963568210602
0.3266012370586395 0.32741135358810425
0.3259548842906952 0.35639244318008423
0.3264589309692383 0.34638604521751404
0.3284204602241516 0.35474249720573425
0.3257894814014435 0.3393823802471161
0.3268471360206604 0.33329930901527405
0.32615992426872253 0.32670900225639343
0.3267073929309845 0.32581543922424316
0.327699214220047 0.3785720467567444
0.326431006193161 0.34397760033607483
0.3262719213962555 0.36072057485580444
0.32624733448028564 0.33621716499328613
0.32722264528274536 0.33692991733551025
0.32728293538093567 0.35576871037483215
0.3251075744628906 0.33372989296913147
0.3266386389732361 0.32662516832351685
0.3261222243309021 0.3585384786128998
0.32703620195388794 0.33316582441329956
0.32780393958091736 0.33390191197395325
0.32572829723358154 0.33755525946617126
0.325870156288147 0.3462287485599518
0.32490140199661255 0.336747944355011
0.32661205530166626 0.3244858682155609
0.32658088207244873 0.34920352697372437
0.3259483277797699 0.329882949590683
0.3268820345401764 0.3330773115158081
0.3256746232509613 0.33000582456588745
0.32548096776008606 0.3778972327709198
0.3262835443019867 0.33223700523376465
0.32648634910583496 0.371242493391037
0.3255902826786041 0.3568401336669922
0.3274115324020386 0.3279528319835663
0.32450711727142334 0.3516853451728821
0.3246460556983948 0.33621305227279663
0.32648879289627075 0.3415534794330597
0.32539597153663635 0.3343665301799774
0.3267722427845001 0.3282974064350128
0.3249150812625885 0.3275594115257263
0.32585081458091736 0.3358604907989502
0.3253761827945709 0.33031806349754333
0.3257788121700287 0.34023135900497437
0.32594484090805054 0.3249242603778839
0.32454898953437805 0.3291681110858917
0.3244701325893402 0.33731386065483093
0.32537850737571716 0.33869674801826477
0.32586291432380676 0.32412490248680115
0.324935644865036 0.3241017162799835
0.32560038566589355 0.3556329309940338
0.32590293884277344 0.3458878993988037
0.32571500539779663 0.32795169949531555
0.32415416836738586 0.340158611536026
0.3250618875026703 0.3252905309200287
0.3255390524864197 0.32324206829071045
0.32449617981910706 0.37525975704193115
0.3239796757698059 0.3398993909358978
0.3243310749530792 0.33005496859550476
0.32561588287353516 0.36751651763916016
0.3246115744113922 0.32095101475715637
0.32386332750320435 0.326507568359375
0.32425230741500854 0.3409738540649414
0.32439905405044556 0.3641892373561859
0.32482314109802246 0.36082184314727783
0.3237753212451935 0.32833364605903625
0.32493603229522705 0.3245137929916382
0.32469120621681213 0.3467802405357361
0.3247600197792053 0.3687918782234192
0.32445114850997925 0.3529015779495239
0.32410523295402527 0.3225221633911133
0.32487794756889343 0.36670246720314026
0.3239687383174896 0.3239416182041168
0.32446107268333435 0.3222965598106384
0.3232372999191284 0.33454322814941406
0.3240356147289276 0.3256009519100189
0.3230929672718048 0.3426123559474945
0.3243432343006134 0.32732728123664856
0.3247142732143402 0.32408347725868225
0.3238826096057892 0.35186558961868286
0.324553906917572 0.3662899434566498
0.3241673707962036 0.3368346691131592
0.3251415491104126 0.3426533043384552
0.3241433799266815 0.33231863379478455
0.3240865468978882 0.3487337827682495
0.32382717728614807 0.3240383267402649
0.3242549002170563 0.33783605694770813
0.32400786876678467 0.32511499524116516
0.3241012990474701 0.33754852414131165
0.3239872455596924 0.34076127409935
0.32484740018844604 0.33053839206695557
0.32357752323150635 0.3282963037490845
0.3240715265274048 0.3242296576499939
0.3241921663284302 0.32416918873786926
0.324400931596756 0.3250797986984253
0.3240390419960022 0.33384355902671814
0.32461580634117126 0.3231924772262573
0.32418957352638245 0.3413771688938141
0.3245713412761688 0.37605020403862
0.3238864541053772 0.33188116550445557
0.3241397738456726 0.3341226279735565
0.32207274436950684 0.32943063974380493
0.32282933592796326 0.32807090878486633
0.32430920004844666 0.3301410973072052
0.3228679597377777 0.3401973843574524
0.3230714201927185 0.32424455881118774
0.32396334409713745 0.32648739218711853
0.3231411874294281 0.32428327202796936
0.3250504732131958 0.3394635319709778
0.32314932346343994 0.35341766476631165
0.32372453808784485 0.3362826704978943
0.3242126405239105 0.33860883116722107
0.32386645674705505 0.3862423300743103
0.3226114511489868 0.3367135524749756
0.3230302035808563 0.35028114914894104
0.32339319586753845 0.3245839476585388
0.3233921527862549 0.33529990911483765
0.32339906692504883 0.33311977982521057
0.3242589235305786 0.38308364152908325
0.32293593883514404 0.3445846140384674
0.3235975205898285 0.3397251069545746
0.32360154390335083 0.3326234519481659
0.32324355840682983 0.33889177441596985
0.3241767883300781 0.33328554034233093
0.3232913911342621 0.33127328753471375
0.32324013113975525 0.3405969738960266
0.32270288467407227 0.34639972448349
0.32353901863098145 0.33800822496414185
0.3231731057167053 0.33046793937683105
0.3230059742927551 0.35052603483200073
0.3227299451828003 0.3317675292491913
0.32230493426322937 0.33315080404281616
0.32188478112220764 0.3288813531398773
0.32276639342308044 0.3222395181655884
0.322887659072876 0.32522445917129517
0.3226325511932373 0.3398503065109253
0.3240683376789093 0.34771499037742615
0.3232460916042328 0.33441975712776184
0.32371997833251953 0.32433807849884033
0.32268381118774414 0.3233182728290558
0.3232593238353729 0.3272911012172699
0.32246994972229004 0.33114492893218994
0.32257235050201416 0.34282857179641724
0.3225347101688385 0.3320734202861786
0.32227709889411926 0.3280692398548126
0.32202115654945374 0.33136311173439026
0.3231029510498047 0.32547563314437866
0.32182642817497253 0.34824493527412415
0.3213411867618561 0.32342636585235596
0.32184797525405884 0.328605592250824
0.32233187556266785 0.3299016058444977
0.3210296928882599 0.3507113456726074
0.3217819929122925 0.32794520258903503
0.321397066116333 0.34553128480911255
0.32165396213531494 0.33090484142303467
0.32174935936927795 0.3469059467315674
0.3211670517921448 0.331386536359787
0.32282015681266785 0.3211020827293396
0.32232901453971863 0.3251560926437378
0.32195255160331726 0.32773175835609436
0.3224639892578125 0.3259485363960266
0.32253047823905945 0.3392939865589142
0.3224259912967682 0.33415037393569946
0.3222743272781372 0.3422408401966095
0.3224962651729584 0.32325708866119385
0.3221769630908966 0.3447747528553009
0.32202407717704773 0.32187244296073914
0.32244712114334106 0.33647921681404114
0.32106754183769226 0.326882004737854
0.3231068253517151 0.3199901878833771
0.32102587819099426 0.3350509703159332
0.3223966956138611 0.3279707133769989
0.32146283984184265 0.3251659870147705
0.3225187361240387 0.32477420568466187
0.32180044054985046 0.3374263644218445
0.3227246403694153 0.3242506980895996
0.3225226402282715 0.3410070538520813
0.3227192163467407 0.33185532689094543
0.3214401304721832 0.3296700119972229
0.32251954078674316 0.34120887517929077
0.32228338718414307 0.32655420899391174
0.3236049711704254 0.3755868077278137
0.3206300735473633 0.34834301471710205
0.3211156725883484 0.33008792996406555
0.3221762478351593 0.341172456741333
0.32092636823654175 0.3454543650150299
0.3217199444770813 0.34072113037109375
0.32163166999816895 0.32090774178504944
0.32188481092453003 0.34005483984947205
0.32138219475746155 0.34318050742149353
0.3222261965274811 0.32967838644981384
0.3217410147190094 0.3227446675300598
0.32139894366264343 0.32516971230506897
0.3218279480934143 0.32754188776016235
0.3210480213165283 0.3387830853462219
0.321507066488266 0.3426339328289032
0.32099050283432007 0.329667866230011
0.3218478560447693 0.3524826169013977
0.32009217143058777 0.3437899947166443
0.32117363810539246 0.32035303115844727
0.32089391350746155 0.32174238562583923
