1.4919687509536743 1.6560912132263184
1.4773597717285156 1.6546987295150757
1.4741424322128296 1.6582502126693726
1.4344041347503662 1.3358325958251953
1.083289623260498 1.0616447925567627
0.801274299621582 0.8234723806381226
0.6803722977638245 0.6688171029090881
0.6058704853057861 0.5692139863967896
0.46147072315216064 0.3807430863380432
0.3564918339252472 0.3479692339897156
0.3199600875377655 0.33240097761154175
0.30317243933677673 0.301057904958725
0.28961074352264404 0.31322866678237915
0.2783984839916229 0.33111757040023804
0.27181166410446167 0.27312082052230835
0.2625463902950287 0.26397135853767395
0.2597668766975403 0.3105812966823578
0.2543383538722992 0.257510244846344
0.2498694658279419 0.27762526273727417
0.2459706962108612 0.275113046169281
0.24000956118106842 0.29581865668296814
0.23925228416919708 0.2470621019601822
0.23599646985530853 0.2527438998222351
0.23330508172512054 0.2277165800333023
0.2303611785173416 0.26500752568244934
0.22867174446582794 0.22699594497680664
0.22454816102981567 0.24065545201301575
0.2221643030643463 0.21209493279457092
0.21923616528511047 0.22873598337173462
0.2165658175945282 0.21373175084590912
0.21453562378883362 0.2250022441148758
0.21052302420139313 0.2192503660917282
0.20611684024333954 0.2346951961517334
0.20600496232509613 0.20792675018310547
0.20362919569015503 0.1942518800497055
0.2022225707769394 0.20084822177886963
0.19837486743927002 0.20334182679653168
0.19738073647022247 0.2025974690914154
0.19419598579406738 0.1900801658630371
0.19212260842323303 0.19338010251522064
0.19060967862606049 0.21855424344539642
0.18856878578662872 0.19725555181503296
0.186921626329422 0.1869315356016159
0.18384575843811035 0.26103276014328003
0.18296483159065247 0.21729709208011627
0.18043871223926544 0.18672244250774384
0.18031711876392365 0.17110693454742432
0.17610709369182587 0.18979930877685547
0.17614108324050903 0.20174431800842285
0.17312201857566833 0.17372609674930573
0.17154555022716522 0.19497118890285492
0.1711282730102539 0.16911692917346954
0.16942954063415527 0.19084613025188446
0.16938871145248413 0.19872929155826569
0.16725018620491028 0.16779825091362
0.1664077788591385 0.16459473967552185
0.16448986530303955 0.19337032735347748
0.16420458257198334 0.16252219676971436
0.16196557879447937 0.16238126158714294
0.1630963385105133 0.1801646202802658
0.16119295358657837 0.16448424756526947
0.16096177697181702 0.1678648144006729
0.16122344136238098 0.1793728470802307
0.16128815710544586 0.15972758829593658
0.1599479764699936 0.21757327020168304
0.1591087430715561 0.16068275272846222
0.15811839699745178 0.20152294635772705
0.15686734020709991 0.17227141559123993
0.1577533483505249 0.1698448657989502
0.15720528364181519 0.15998774766921997
0.15548408031463623 0.15279363095760345
0.15495723485946655 0.1557386964559555
0.15498647093772888 0.1612231433391571
0.15536479651927948 0.1566813886165619
0.1529921442270279 0.15760384500026703
0.15303048491477966 0.1586398482322693
0.1524980068206787 0.15369528532028198
0.15173104405403137 0.1736089438199997
0.15235064923763275 0.15044832229614258
0.15112294256687164 0.1461181491613388
0.15045922994613647 0.14826616644859314
0.15066182613372803 0.1542210727930069
0.15003317594528198 0.15193377435207367
0.14885859191417694 0.15071678161621094
0.14924730360507965 0.15651173889636993
0.14925158023834229 0.1541496217250824
0.14767511188983917 0.18299491703510284
0.148523211479187 0.15501819550991058
0.14800243079662323 0.15976102650165558
0.14707224071025848 0.1435782015323639
0.14683586359024048 0.15783631801605225
0.1461687982082367 0.1665893942117691
0.14680582284927368 0.17329393327236176
0.14666394889354706 0.15869596600532532
0.14616672694683075 0.1754727065563202
0.14651839435100555 0.1513594686985016
0.14616656303405762 0.16553092002868652
0.14508137106895447 0.20803354680538177
0.1436777114868164 0.18136072158813477
0.14443764090538025 0.14717815816402435
0.14498509466648102 0.15998797118663788
0.1451607644557953 0.15983466804027557
0.14375297725200653 0.1440696120262146
0.14265358448028564 0.16901613771915436
0.14370399713516235 0.14666324853897095
0.14207996428012848 0.20361477136611938
0.14453811943531036 0.14761857688426971
0.14367827773094177 0.16419529914855957
0.14219233393669128 0.1414686143398285
0.14249227941036224 0.1486203968524933
0.1431204080581665 0.15234754979610443
0.14240162074565887 0.15470853447914124
0.1418513059616089 0.13784974813461304
0.14245736598968506 0.15286563336849213
0.14172713458538055 0.13965368270874023
0.14039567112922668 0.15612836182117462
0.14245125651359558 0.152558833360672
0.1391223520040512 0.1435079425573349
0.14042292535305023 0.1535574048757553
0.1391049474477768 0.1565999537706375
0.14012481272220612 0.1416618674993515
0.13958966732025146 0.1501743644475937
0.14004193246364594 0.14412732422351837
0.13952700793743134 0.16712121665477753
0.13901570439338684 0.15112781524658203
0.1398906111717224 0.1452370434999466
0.13925935328006744 0.1500098705291748
0.13849814236164093 0.14914682507514954
0.1383843868970871 0.13834071159362793
0.13878615200519562 0.13723602890968323
0.13752934336662292 0.14783243834972382
0.13818712532520294 0.15513886511325836
0.13798467814922333 0.13326072692871094
0.13649138808250427 0.13839580118656158
0.1367233544588089 0.1683923453092575
0.13631464540958405 0.14435315132141113
0.13628560304641724 0.16489726305007935
0.13647349178791046 0.13328176736831665
0.13620486855506897 0.14364737272262573
0.13713234663009644 0.13518761098384857
0.13571962714195251 0.1477489322423935
0.1372118443250656 0.17548294365406036
0.135716512799263 0.1425340473651886
0.13428372144699097 0.16322888433933258
0.13456065952777863 0.188846156001091
0.1343342512845993 0.147248312830925
0.1349184811115265 0.17134112119674683
0.13419418036937714 0.13686466217041016
0.13436079025268555 0.1638820767402649
0.1329794079065323 0.151502788066864
0.1341896951198578 0.1362321972846985
0.13436353206634521 0.13151457905769348
0.1336117833852768 0.14579901099205017
0.13282372057437897 0.16117113828659058
0.13270054757595062 0.15009239315986633
0.13242758810520172 0.13895393908023834
0.1329636126756668 0.16012465953826904
0.13173940777778625 0.13436569273471832
0.13169847428798676 0.1386582851409912
0.13170896470546722 0.13470281660556793
0.13105429708957672 0.1512613445520401
0.13193926215171814 0.1434599757194519
0.13078904151916504 0.1302243322134018
0.13068047165870667 0.13774462044239044
0.13131199777126312 0.1349324733018875
0.1313595175743103 0.12593406438827515
0.1311817765235901 0.1508810818195343
0.13059134781360626 0.20264479517936707
0.12998583912849426 0.13450020551681519
0.1299329549074173 0.13629679381847382
0.13031461834907532 0.13486886024475098
0.1299527883529663 0.14950856566429138
0.13009975850582123 0.13089923560619354
0.12828987836837769 0.12824086844921112
0.12979435920715332 0.13238303363323212
0.12955297529697418 0.13346530497074127
0.1286085844039917 0.13550972938537598
0.12854555249214172 0.1363103687763214
0.12857885658740997 0.1322234719991684
0.12881934642791748 0.1432776004076004
0.12797114253044128 0.13343489170074463
0.12810099124908447 0.1334904581308365
0.12757350504398346 0.145252987742424
0.12759792804718018 0.14357580244541168
0.1283309906721115 0.13197562098503113
0.12638810276985168 0.1260984092950821
0.12789633870124817 0.16433030366897583
0.12652933597564697 0.13450951874256134
0.12609344720840454 0.13355740904808044
0.1265668272972107 0.14308010041713715
0.12652793526649475 0.1331399828195572
0.12574437260627747 0.13035127520561218
0.12611210346221924 0.12570162117481232
0.12551969289779663 0.14140261709690094
0.12583526968955994 0.12882491946220398
0.1252363622188568 0.12544216215610504
0.12464442104101181 0.12863776087760925
0.12537270784378052 0.12799273431301117
0.1259099245071411 0.14771650731563568
0.12506519258022308 0.12516476213932037
0.12489262223243713 0.14237947762012482
0.12443216145038605 0.12824389338493347
0.12390409409999847 0.14069817960262299
0.12464151531457901 0.14797937870025635
0.12470395863056183 0.12711447477340698
0.12277071177959442 0.1313984990119934
0.12364312261343002 0.15373733639717102
0.12361228466033936 0.14302918314933777
0.12412019073963165 0.14695441722869873
0.12321466207504272 0.12807199358940125
0.12239119410514832 0.14628486335277557
0.12335880845785141 0.12344229966402054
0.12273634970188141 0.13427305221557617
0.12218399345874786 0.12552419304847717
0.12247335910797119 0.12050268054008484
0.12305925041437149 0.1257803589105606
0.12175953388214111 0.1268383264541626
0.1219504103064537 0.12312596291303635
0.12210685759782791 0.12643910944461823
0.12161394208669662 0.12298034131526947
0.12094885110855103 0.1257348358631134
0.12173125147819519 0.12241759151220322
0.12234164029359818 0.13237261772155762
0.1200297474861145 0.12049682438373566
0.12086652219295502 0.12807241082191467
0.12047963589429855 0.12502916157245636
0.12071022391319275 0.13567624986171722
0.12039469182491302 0.15500935912132263
0.1201949194073677 0.11855174601078033
0.12006164342164993 0.1181524470448494
0.11974186450242996 0.12168295681476593
0.11907926201820374 0.15178464353084564
0.11945194005966187 0.12045605480670929
0.11948516219854355 0.11810769885778427
0.11912521719932556 0.1266191303730011
0.1191100999712944 0.1246170774102211
0.11830772459506989 0.12028606235980988
0.11818060278892517 0.12832602858543396
0.11887058615684509 0.11909268796443939
0.11805880814790726 0.12834888696670532
0.11793144792318344 0.12740984559059143
0.11778046935796738 0.1394948810338974
0.11731363087892532 0.12234523147344589
0.1169627457857132 0.12015097588300705
0.11593975871801376 0.11582780629396439
0.11673594266176224 0.12130706012248993
0.1165483146905899 0.1210193857550621
0.11726821213960648 0.1288319081068039
0.11607024073600769 0.11923108249902725
0.11609594523906708 0.12457985430955887
0.11550953984260559 0.15234996378421783
0.11538579314947128 0.1199558675289154
0.11544831097126007 0.11722809076309204
0.11518172919750214 0.11521390080451965
0.11499734967947006 0.13865971565246582
0.11393944174051285 0.11813335865736008
0.114206463098526 0.1160326823592186
0.11468426883220673 0.12079328298568726
0.11440525203943253 0.12460097670555115
0.11352619528770447 0.12777163088321686
0.11308063566684723 0.12312034517526627
0.11417549848556519 0.12503543496131897
0.11293637752532959 0.13959653675556183
0.11295906454324722 0.1150720864534378
0.1130889430642128 0.12867937982082367
0.11293487250804901 0.12829752266407013
0.1124669760465622 0.12051093578338623
0.11165611445903778 0.1305883377790451
0.11197325587272644 0.13505657017230988
0.11163652688264847 0.11470994353294373
0.11160870641469955 0.12539051473140717
0.11141859740018845 0.11492743343114853
0.1115083321928978 0.1184602677822113
0.11092104017734528 0.11071538925170898
0.11102749407291412 0.10875638574361801
0.11107718199491501 0.12613289058208466
0.11078700423240662 0.11377038061618805
0.11108294874429703 0.12536123394966125
0.1108178123831749 0.12668603658676147
0.11061733961105347 0.12217997759580612
0.11098570376634598 0.10993968695402145
0.11027068644762039 0.1281760334968567
0.11109323799610138 0.11281725764274597
0.11066387593746185 0.10942170023918152
0.10937647521495819 0.11241810768842697
0.10959786176681519 0.11623562127351761
0.11060164868831635 0.1237817332148552
0.1099063977599144 0.11936543881893158
0.10946103930473328 0.10814937949180603
0.10989164561033249 0.11784470826387405
0.1087111309170723 0.11503168195486069
0.10948409885168076 0.11486882716417313
0.10918909311294556 0.12495099753141403
0.1091354712843895 0.13407786190509796
0.10846065729856491 0.1100739985704422
0.10853524506092072 0.11544062197208405
0.1081647202372551 0.10904771834611893
0.10873764008283615 0.12637320160865784
0.10831460356712341 0.11805950105190277
0.10826282203197479 0.12329696863889694
0.10821878910064697 0.11920318007469177
0.10812278091907501 0.11491753160953522
0.10827676951885223 0.11144601553678513
0.10767962783575058 0.11432219296693802
0.10710364580154419 0.10636351257562637
0.10780172049999237 0.1227128654718399
0.1072317436337471 0.11581358313560486
0.10687326639890671 0.12673625349998474
0.10712999850511551 0.11482448875904083
0.10678721219301224 0.11578073352575302
0.10687874257564545 0.11141360551118851
0.10701137781143188 0.12326351553201675
0.10656077414751053 0.12746140360832214
0.10689757764339447 0.1286586970090866
0.10649716109037399 0.11704707145690918
0.10675530135631561 0.1087271124124527
0.10640335828065872 0.12321709096431732
0.10594220459461212 0.10946892946958542
0.10626604408025742 0.1237112358212471
0.10605126619338989 0.1178789958357811
0.10614713281393051 0.12071195989847183
0.10607517510652542 0.1218474879860878
0.10626301914453506 0.1104312315583229
0.10634347051382065 0.1168573722243309
0.10567435622215271 0.10857616364955902
0.10581550002098083 0.13016891479492188
0.10568031668663025 0.12300645560026169
0.10578812658786774 0.10792668908834457
0.10511236637830734 0.12460074573755264
0.10551397502422333 0.10892430692911148
0.10512237995862961 0.10897570848464966
0.10593012720346451 0.10880075395107269
0.10497331619262695 0.10885464400053024
0.10498759895563126 0.10613745450973511
0.10531816631555557 0.12246803194284439
0.10443626344203949 0.1122928261756897
0.10470002144575119 0.11462350189685822
0.10500489175319672 0.11290599405765533
0.10483399778604507 0.1186535507440567
0.10565749555826187 0.12295105308294296
0.1051027700304985 0.10980957746505737
0.10415718704462051 0.11850199848413467
0.10415877401828766 0.10659459978342056
0.10422959178686142 0.12815259397029877
0.10372742265462875 0.10790403187274933
0.10409728437662125 0.10671558976173401
0.10379259288311005 0.12040901184082031
0.10388381779193878 0.10537480562925339
0.10366121679544449 0.10976859927177429
0.10435277223587036 0.10724517703056335
0.10385368764400482 0.1161876693367958
0.10361995548009872 0.10765711218118668
0.10361584275960922 0.1058255061507225
0.10311456769704819 0.10656214505434036
0.10328119248151779 0.10377488285303116
0.10315202176570892 0.1265375018119812
0.10307338088750839 0.10541892051696777
0.10333556681871414 0.11355353146791458
0.103434257209301 0.13017426431179047
0.10283548384904861 0.10706531256437302
0.10387597233057022 0.11900929361581802
0.10311440378427505 0.1104716882109642
0.10335924476385117 0.11268692463636398
0.10270865261554718 0.12177787721157074
0.10257425904273987 0.10895463824272156
0.1024351716041565 0.1093786358833313
0.10301075875759125 0.10818959772586823
0.10243584960699081 0.10310494899749756
0.10241412371397018 0.11975174397230148
0.10259371995925903 0.10788866132497787
0.10301107168197632 0.10329566895961761
0.10271292924880981 0.10744722932577133
0.10236691683530807 0.10401217639446259
0.10274671018123627 0.10807695984840393
0.10130723565816879 0.10574235767126083
0.10210230201482773 0.10565847158432007
0.1023774966597557 0.1152840182185173
0.1020498126745224 0.12964628636837006
0.10190088301897049 0.11447517573833466
0.10224466025829315 0.10434373468160629
0.10191037505865097 0.10029838234186172
0.10199415683746338 0.10484704375267029
0.1017952412366867 0.10616618394851685
0.10145968943834305 0.10924940556287766
0.10210990905761719 0.12921635806560516
0.10155963152647018 0.10899226367473602
0.10206184536218643 0.10323014855384827
0.10146484524011612 0.10530854761600494
0.10127487778663635 0.11036259680986404
0.10102049261331558 0.11025282740592957
0.10177752375602722 0.12970668077468872
0.10074541717767715 0.10214371234178543
0.10086526721715927 0.10263563692569733
0.10071738064289093 0.1374555379152298
0.10084352642297745 0.11400742083787918
0.10123862326145172 0.10838192701339722
0.10161440074443817 0.11639397591352463
0.10096979886293411 0.10820374637842178
0.10173844546079636 0.11506005376577377
0.10082411020994186 0.10235685855150223
0.10121110081672668 0.10532721877098083
0.10104747116565704 0.10842576622962952
0.10133082419633865 0.10500500351190567
0.10128380358219147 0.10441216081380844
0.10099724680185318 0.10487692803144455
0.10106052458286285 0.11342260986566544
0.10067526996135712 0.10124173760414124
0.10016698390245438 0.11296907812356949
0.10031279921531677 0.11635054647922516
0.10059911757707596 0.13365833461284637
0.10105325281620026 0.1045900285243988
0.1011725515127182 0.10527588427066803
0.10088175535202026 0.10124686360359192
0.10049803555011749 0.10349328815937042
0.10056433081626892 0.10746082663536072
0.10137198865413666 0.10822784900665283
0.1004728376865387 0.10417164862155914
0.10087185353040695 0.10606125742197037
0.10057477653026581 0.10935670137405396
0.10051314532756805 0.10807798057794571
0.10051654279232025 0.11145815998315811
0.09985200315713882 0.11991681903600693
0.09990537166595459 0.11988423764705658
0.1001320406794548 0.13669733703136444
0.10003761202096939 0.10653966665267944
0.09996115416288376 0.11011294275522232
0.09991110861301422 0.10530094802379608
0.0994558185338974 0.11379512399435043
0.09990920126438141 0.10001807659864426
0.09973222762346268 0.10718756914138794
0.09971676021814346 0.11757507920265198
0.09910386800765991 0.09986522793769836
0.09953052550554276 0.10478878021240234
0.09977196156978607 0.10851190239191055
0.09864538162946701 0.09839808195829391
0.09933917224407196 0.10026116669178009
0.09928768873214722 0.1058557778596878
0.09934687614440918 0.10427030175924301
0.09972915798425674 0.11592815816402435
0.09900250285863876 0.10984847694635391
0.09912651032209396 0.10733247548341751
0.09913837909698486 0.14837278425693512
0.09894866496324539 0.12211904674768448
0.09912338107824326 0.10834596306085587
0.09860746562480927 0.10171548277139664
0.09917411208152771 0.10680833458900452
0.09926613420248032 0.14238598942756653
0.09951753914356232 0.1007808968424797
0.09936629980802536 0.10268981754779816
0.09841997921466827 0.11265239864587784
0.09813927114009857 0.10501881688833237
0.09838657826185226 0.10056005418300629
0.09908916056156158 0.12474028766155243
0.09847331047058105 0.11376193165779114
0.09887506067752838 0.1084425300359726
0.09875444322824478 0.1056915894150734
0.09834285080432892 0.10166950523853302
0.09868858754634857 0.1012304276227951
0.09849266707897186 0.10968168824911118
0.09840206801891327 0.11421458423137665
0.09887904673814774 0.10093201696872711
0.09871319681406021 0.10895173251628876
0.09921571612358093 0.0993492528796196
0.0992109477519989 0.13047225773334503
0.09920083731412888 0.12796449661254883
0.09849824011325836 0.09901490807533264
0.0984707847237587 0.10208398848772049
0.09882578253746033 0.10186373442411423
0.09834479540586472 0.10566673427820206
0.09837967157363892 0.10228785127401352
0.09878326952457428 0.11283355951309204
0.09878548234701157 0.09967777132987976
0.09833802282810211 0.10310906916856766
0.09932699799537659 0.1030002310872078
0.09779396653175354 0.0987873375415802
0.0983605831861496 0.10240477323532104
0.09871580451726913 0.09804818034172058
0.09812615811824799 0.10802006721496582
0.0978512391448021 0.11630970984697342
0.09740334749221802 0.11401806026697159
0.0978618785738945 0.11292057484388351
0.09791358560323715 0.111289843916893
0.09807921946048737 0.0994323268532753
0.0984191969037056 0.1075085774064064
0.09850429743528366 0.10029906779527664
0.09793730825185776 0.11191357672214508
0.09775043278932571 0.09791751205921173
0.0972689837217331 0.12089784443378448
0.09766608476638794 0.09876594692468643
0.09756091237068176 0.10111916810274124
0.09783681482076645 0.10049797594547272
0.09778103232383728 0.09976275265216827
0.09805453568696976 0.10552629083395004
0.09799312800168991 0.10657462477684021
0.09749825298786163 0.11060729622840881
0.09738731384277344 0.09724380820989609
0.09756436944007874 0.10486996918916702
0.09722186625003815 0.10259594768285751
0.09750314056873322 0.10137622803449631
0.09795739501714706 0.09829745441675186
0.09784315526485443 0.09844466298818588
0.09722490608692169 0.10373765975236893
0.09784076362848282 0.09868911653757095
0.09748760610818863 0.1015128642320633
0.09728316217660904 0.1039292961359024
0.097794309258461 0.10475379973649979
0.09764624387025833 0.1097358763217926
0.09766438603401184 0.10024633258581161
0.09765979647636414 0.10337952524423599
0.09773289412260056 0.10537134110927582
0.09681496024131775 0.26601430773735046
0.09750250726938248 0.1033870130777359
0.09720224887132645 0.10138474404811859
0.09681496024131775 0.11706499010324478
0.09748882055282593 0.10026203840970993
0.09661645442247391 0.09987447410821915
0.09706883877515793 0.09930867701768875
0.09712152183055878 0.10260256379842758
0.09711713343858719 0.1063496321439743
0.09784433990716934 0.1122128963470459
0.09691421687602997 0.10019246488809586
0.0963306650519371 0.10472557693719864
0.09646457433700562 0.09714430570602417
0.09731743484735489 0.10176946222782135
0.09729847311973572 0.10216842591762543
0.09696762263774872 0.11198066174983978
0.09635741263628006 0.10096676647663116
0.09681573510169983 0.11061406880617142
0.09628737717866898 0.10696032643318176
0.0967717096209526 0.09935680031776428
0.0962439551949501 0.09692595154047012
0.09707974642515182 0.10078032314777374
0.09727893769741058 0.10032793134450912
0.09604146331548691 0.10494805872440338
0.09657865017652512 0.10099112242460251
0.09633281081914902 0.1375502496957779
0.09677021205425262 0.12428926676511765
0.09655903279781342 0.10992565006017685
0.09683782607316971 0.11496693640947342
0.0970606878399849 0.13607603311538696
0.09673510491847992 0.11787427216768265
0.09717190265655518 0.10416050255298615
0.0963505208492279 0.10508780926465988
0.09728690981864929 0.09856636077165604
0.09633001685142517 0.09934067726135254
0.09587682038545609 0.098061203956604
0.09657245874404907 0.10947858542203903
0.09686687588691711 0.12138773500919342
0.09591912478208542 0.10111895948648453
0.09595602005720139 0.1019294336438179
0.09652823954820633 0.09762246161699295
0.09644648432731628 0.1048763170838356
0.09615237265825272 0.10509730875492096
0.09611860662698746 0.10531459748744965
0.09562751650810242 0.11809626966714859
0.09631641954183578 0.09714016318321228
0.0958668440580368 0.11674761772155762
0.09579245001077652 0.10622861981391907
0.09605753421783447 0.10202718526124954
0.09616776555776596 0.10691763460636139
0.09649406373500824 0.10060300678014755
0.09666386991739273 0.11014989018440247
0.09660807996988297 0.10741053521633148
0.09636407345533371 0.1159287616610527
0.09674450010061264 0.10508258640766144
0.0959545448422432 0.1239173412322998
0.09602592885494232 0.09987851232290268
0.09603290259838104 0.10804612934589386
0.09603602439165115 0.1185222715139389
0.09664465487003326 0.12974609434604645
0.09536555409431458 0.11101928353309631
0.09579362720251083 0.097617506980896
0.0959584042429924 0.12020819634199142
0.09615195542573929 0.09835740178823471
0.09594234079122543 0.10887475311756134
0.09604668617248535 0.10312473028898239
0.09512155503034592 0.1054774597287178
0.09606632590293884 0.1008603572845459
0.09551641345024109 0.10850644111633301
0.09540445357561111 0.1039683073759079
0.09477846324443817 0.10751780867576599
0.09520360827445984 0.10961586982011795
0.0958942174911499 0.10281765460968018
0.09561390429735184 0.11142946779727936
0.09574494510889053 0.10071571171283722
0.09577964246273041 0.10168396681547165
0.0958993136882782 0.12832768261432648
0.09531412273645401 0.10161318629980087
0.09500028938055038 0.10014213621616364
0.0954710841178894 0.09747110307216644
0.09537563472986221 0.09830852597951889
0.09518899023532867 0.10313290357589722
0.09573450684547424 0.10318075120449066
0.09529897570610046 0.10277687013149261
0.09537936002016068 0.1069498062133789
0.09499906003475189 0.10152977705001831
0.09564509242773056 0.10853718221187592
0.09514527767896652 0.09594454616308212
0.09516678005456924 0.1058741882443428
0.09491433203220367 0.09796962887048721
0.0951094999909401 0.106946662068367
0.09522825479507446 0.10455814003944397
0.09536668658256531 0.09633705019950867
0.09471901506185532 0.09650404006242752
0.09497528523206711 0.09594426304101944
0.09480780363082886 0.09931451827287674
0.09505800902843475 0.11592722684144974
0.09554687142372131 0.11102563142776489
0.09496108442544937 0.10823029279708862
0.09463591873645782 0.10974361002445221
0.09515884518623352 0.10374576598405838
0.09569858014583588 0.11094768345355988
0.09494604170322418 0.09816869348287582
0.09446785598993301 0.146612748503685
0.0950012132525444 0.11172270774841309
0.09481563419103622 0.09647082537412643
0.09529229253530502 0.10013864189386368
0.09493540972471237 0.09842897206544876
0.09497979283332825 0.09647850692272186
0.09411867707967758 0.09686321765184402
0.09512187540531158 0.1053372323513031
0.0946042463183403 0.0994071513414383
0.09482777863740921 0.09933637082576752
0.09494519233703613 0.1037101000547409
0.09455996006727219 0.10250812768936157
0.09446854144334793 0.11439958959817886
0.09470941871404648 0.11969482153654099
0.09431915730237961 0.09566713869571686
0.09489293396472931 0.11677499115467072
0.09454687684774399 0.098160021007061
0.09412568062543869 0.09684277325868607
0.09413710236549377 0.10526593029499054
0.09420323371887207 0.10098287463188171
0.09386947005987167 0.10108361393213272
0.09458166360855103 0.15816150605678558
0.09478040784597397 0.10582929849624634
0.09468249976634979 0.09753847867250443
0.09455177932977676 0.10476231575012207
0.09430675953626633 0.10395505279302597
0.09443755447864532 0.10624093562364578
0.09412074089050293 0.10598322004079819
0.09447380155324936 0.10031580924987793
0.0937383621931076 0.10937730967998505
0.09445501863956451 0.1133023276925087
0.0945395976305008 0.1055280938744545
0.09413182735443115 0.0988781601190567
0.0941505879163742 0.10800269991159439
0.0937848836183548 0.10945640504360199
0.09454954415559769 0.11102642118930817
0.09441585838794708 0.09777738898992538
0.09357170015573502 0.09988753497600555
0.09473255276679993 0.1048131212592125
0.09420325607061386 0.1156742051243782
0.09449372440576553 0.10949577391147614
0.0944533497095108 0.10145339369773865
0.09468565136194229 0.10144474357366562
0.09466422349214554 0.13539403676986694
0.09489898383617401 0.10720455646514893
0.0939638540148735 0.1067379042506218
0.09467963129281998 0.10381714254617691
0.0941551998257637 0.09771430492401123
0.09398271888494492 0.10480011254549026
0.09394422918558121 0.11003385484218597
0.0939587727189064 0.12184658646583557
0.09413595497608185 0.09960327297449112
0.09428385645151138 0.10561687499284744
0.09404880553483963 0.09622945636510849
0.09379207342863083 0.13547386229038239
0.09429790079593658 0.15432845056056976
0.09336309134960175 0.10370200127363205
0.09418964385986328 0.11075844615697861
0.094217948615551 0.11570976674556732
0.0937727764248848 0.11380693316459656
0.09359472244977951 0.11569865792989731
0.09446343779563904 0.10231827944517136
0.09414113312959671 0.10059812664985657
0.09389511495828629 0.14698249101638794
0.0940994918346405 0.09739023447036743
0.09413579851388931 0.09838148206472397
0.0934305265545845 0.12015559524297714
0.09435462951660156 0.09721694141626358
0.09416765719652176 0.1198258250951767
0.09422094374895096 0.10098327696323395
0.09369944036006927 0.09924688190221786
0.09428197890520096 0.09730064868927002
0.09451854974031448 0.09974801540374756
0.09344319254159927 0.10779903829097748
0.09388232231140137 0.12430641800165176
0.09432996809482574 0.109444759786129
0.09403613209724426 0.09899521619081497
0.09372765570878983 0.09958697110414505
0.09451399743556976 0.1062016412615776
0.09439811110496521 0.1106426790356636
0.09364427626132965 0.09675049036741257
0.09363284707069397 0.11872006952762604
0.09384161978960037 0.10346906632184982
0.09353518486022949 0.09823320060968399
0.093810074031353 0.09799215197563171
0.09369459748268127 0.10504639148712158
0.09347657114267349 0.09666997939348221
0.09420143812894821 0.09745018929243088
0.09435942023992538 0.10659869015216827
0.09348785877227783 0.10527054220438004
0.09385199099779129 0.09893511235713959
0.0932614728808403 0.09860561788082123
0.09394627064466476 0.10294505208730698
0.09357617795467377 0.10239329934120178
0.09358962625265121 0.10465559363365173
0.09319784492254257 0.10516344755887985
0.09375551342964172 0.09874904900789261
0.09283744543790817 0.12188945710659027
0.09389792382717133 0.09893902391195297
0.09403567016124725 0.09985854476690292
0.09406566619873047 0.09643079340457916
0.09301013499498367 0.12342638522386551
0.09338954091072083 0.09698271006345749
0.09334275126457214 0.10833749920129776
0.09330087900161743 0.0969708040356636
0.09342538565397263 0.10112285614013672
0.09335292875766754 0.10163562744855881
0.09303388744592667 0.11044823378324509
0.09292925149202347 0.10531529039144516
0.09378557652235031 0.10666749626398087
0.09387630224227905 0.0975419208407402
0.09386879205703735 0.09843119233846664
0.09308697283267975 0.09980997443199158
0.09315042942762375 0.10917181521654129
0.09405165910720825 0.10255388170480728
0.09269848465919495 0.10293371230363846
0.09316932410001755 0.10063385218381882
0.09310414642095566 0.10108591616153717
0.09266767650842667 0.11443763226270676
0.09262014180421829 0.10877466946840286
0.093295156955719 0.10077342391014099
0.0935082957148552 0.09887813776731491
0.09289956837892532 0.09745543450117111
0.09319546818733215 0.09825877845287323
0.09296900779008865 0.09707438200712204
0.09268691390752792 0.10702255368232727
0.09262514859437943 0.09726854413747787
0.09289917349815369 0.10497549176216125
0.09308884292840958 0.09897070378065109
0.09367906302213669 0.10171560198068619
0.0933128148317337 0.09771715104579926
0.09253150224685669 0.11555571109056473
0.09327220171689987 0.10269840806722641
0.09321996569633484 0.09508095681667328
0.09232364594936371 0.10028471797704697
0.0929974764585495 0.09678050130605698
0.09314315766096115 0.14686739444732666
0.09266025573015213 0.1084940955042839
0.09267887473106384 0.10224713385105133
0.09351960569620132 0.09991185367107391
0.09272891283035278 0.10786785185337067
0.09351757913827896 0.10319235175848007
0.09295663237571716 0.09592323005199432
0.09323660284280777 0.10672760009765625
0.09286939352750778 0.11115047335624695
0.09296513348817825 0.0972137302160263
0.09283992648124695 0.1091986671090126
0.09354603290557861 0.1082848459482193
0.09300749003887177 0.09876713901758194
0.09295999258756638 0.09476166218519211
0.09251998364925385 0.12359745055437088
0.09364815801382065 0.10302577167749405
0.09210624545812607 0.1067190021276474
0.09247257560491562 0.10235042124986649
0.09288501739501953 0.10643059760332108
0.09316243976354599 0.09487245231866837
0.0927104577422142 0.09865207225084305
0.09275509417057037 0.10316791385412216
0.09312646090984344 0.10696298629045486
0.09290003031492233 0.10135815292596817
0.0930975154042244 0.103921078145504
0.09299060702323914 0.09566827118396759
0.09329511970281601 0.10596466809511185
0.09264520555734634 0.09986863285303116
0.09286326169967651 0.10905523598194122
0.09264460951089859 0.11457696557044983
0.09290436655282974 0.09890878945589066
0.09307675808668137 0.09696221351623535
0.09299688786268234 0.1014811173081398
0.09315419942140579 0.09805759787559509
0.09274403750896454 0.10360994189977646
0.09243813157081604 0.09827836602926254
0.09287814795970917 0.10004330426454544
0.09307444095611572 0.11489757895469666
0.09318320453166962 0.09859973192214966
0.09215930849313736 0.10037052631378174
0.09242673218250275 0.10161063075065613
0.09295850247144699 0.09645025432109833
0.09322357177734375 0.10240322351455688
0.09244474768638611 0.09502267837524414
0.09248725324869156 0.09445904195308685
0.0925949364900589 0.09550381451845169
0.09360504150390625 0.09823791682720184
0.09257486462593079 0.10489168763160706
0.09262344986200333 0.09751123189926147
0.09274201840162277 0.09904053062200546
0.09285445511341095 0.10472457110881805
0.09299391508102417 0.09291763603687286
0.09229034930467606 0.0973304808139801
0.09244346618652344 0.10006853193044662
0.09294114261865616 0.10038411617279053
0.09219526499509811 0.11848446726799011
0.09240911155939102 0.10799309611320496
0.09305950254201889 0.09696058183908463
0.0924062579870224 0.10420048981904984
0.09224700927734375 0.11057611554861069
0.09260278195142746 0.10426981002092361
0.09212804585695267 0.0996365174651146
0.093234583735466 0.1071520745754242
0.0924648568034172 0.09862153232097626
0.09242422133684158 0.10474955290555954
0.09257273375988007 0.10095210373401642
0.09242258220911026 0.09987855702638626
0.09272195398807526 0.10230785608291626
0.09252174943685532 0.100348100066185
0.09231071919202805 0.1021307036280632
0.0920315608382225 0.09472212940454483
0.09294607490301132 0.11367584764957428
0.09221869707107544 0.10095174610614777
0.09218929708003998 0.09790699928998947
0.09222973883152008 0.09952618181705475
0.09253939986228943 0.09657702594995499
0.0925057902932167 0.10127046704292297
0.09249083697795868 0.1074802353978157
0.09300944954156876 0.09891355782747269
0.09266620874404907 0.09578000754117966
0.09236548095941544 0.10341246426105499
0.09258867800235748 0.11563905328512192
0.0921466201543808 0.09845378994941711
0.09177075326442719 0.10444055497646332
0.09192442893981934 0.09414058923721313
0.09260471910238266 0.09672847390174866
0.09191644191741943 0.09808481484651566
0.09140337258577347 0.10422735661268234
0.09161774814128876 0.11363376677036285
0.0917612612247467 0.11222444474697113
0.09241171181201935 0.1029978096485138
0.09212476760149002 0.10394113510847092
0.0925271064043045 0.10016777366399765
0.09217964857816696 0.10080903023481369
0.09203089028596878 0.10607673227787018
0.09263810515403748 0.09903442859649658
0.09257525205612183 0.11178509891033173
0.09205345809459686 0.10282469540834427
0.09256043285131454 0.09721305966377258
0.09216708689928055 0.10253024846315384
0.0915754958987236 0.09753420203924179
0.09166038781404495 0.09968812763690948
0.09200257807970047 0.10907014459371567
0.09274863451719284 0.10330270975828171
0.0920928344130516 0.10774774104356766
0.0921301394701004 0.09726844727993011
0.09250600636005402 0.09861969202756882
0.09244763851165771 0.10938798636198044
0.09199448674917221 0.09485441446304321
0.09171891212463379 0.10301919281482697
0.09216935932636261 0.10307926684617996
0.09231960028409958 0.0954645648598671
0.09198629856109619 0.10225674510002136
0.09155697375535965 0.09745985269546509
0.09204278886318207 0.10125571489334106
0.09235218912363052 0.10489726811647415
0.0921689122915268 0.10558521747589111
0.09251513332128525 0.10337711870670319
0.0920470654964447 0.10054012387990952
0.09186743944883347 0.09721270203590393
0.09117230772972107 0.10844244807958603
0.09182944148778915 0.0942966565489769
0.09208164364099503 0.10896336287260056
0.09222393482923508 0.10922054946422577
0.09210104495286942 0.09598051756620407
0.09156385809183121 0.10527127981185913
0.09191350638866425 0.10305414348840714
0.09229592233896255 0.10316663235425949
0.09172485023736954 0.10463907569646835
0.09185565263032913 0.10048519819974899
0.09149423241615295 0.09677428752183914
0.09201120585203171 0.09850987046957016
0.09200651943683624 0.10258279740810394
0.09177817404270172 0.10399512201547623
0.09163180738687515 0.09932883828878403
0.09202225506305695 0.11453517526388168
0.09170588850975037 0.10126691311597824
0.09160733968019485 0.10653176158666611
0.09136545658111572 0.10698821395635605
0.09231758862733841 0.09918901324272156
0.09207646548748016 0.1021544337272644
0.09178035706281662 0.09979767352342606
0.09168233722448349 0.09916206449270248
0.09173138439655304 0.1177179291844368
0.0916968286037445 0.09787777066230774
0.09134196490049362 0.10148727148771286
0.09175145626068115 0.09594341367483139
0.09184040874242783 0.13552896678447723
0.09148924052715302 0.10798676311969757
0.09196683764457703 0.09705100953578949
0.09140025079250336 0.09655164182186127
0.09186417609453201 0.10002817958593369
0.09171587973833084 0.11349646002054214
0.09140310436487198 0.10351599752902985
0.09101219475269318 0.09747960418462753
0.09144265204668045 0.09356003999710083
0.09143155813217163 0.1146283820271492
0.09154946357011795 0.09842351824045181
0.09236125648021698 0.09515798836946487
0.09171070158481598 0.09491245448589325
0.09195876866579056 0.09763841331005096
0.09145386517047882 0.10138674825429916
0.09186384826898575 0.12103271484375
0.09123261272907257 0.0965791568160057
0.0912797823548317 0.10138490051031113
0.09134862571954727 0.10020942986011505
0.09111160039901733 0.10308282822370529
0.09103213995695114 0.10864832997322083
0.0914880558848381 0.10126449912786484
0.09124592691659927 0.0979732871055603
0.09163007885217667 0.10046612471342087
0.09178556501865387 0.10051265358924866
0.09151638299226761 0.09703678637742996
0.09180351346731186 0.10195674747228622
0.09138839691877365 0.09652440249919891
0.09136145561933517 0.10519261658191681
0.09161674976348877 0.10118509083986282
0.09204249829053879 0.10402845591306686
0.09133671224117279 0.10873233526945114
0.09095857292413712 0.10184731334447861
0.0913667157292366 0.10092149674892426
0.09079555422067642 0.10370133072137833
0.09073222428560257 0.09828277677297592
0.0911896824836731 0.10569428652524948
0.0908779501914978 0.09903016686439514
0.09162364900112152 0.09984605759382248
0.0907277762889862 0.10526643693447113
0.09103294461965561 0.09778141975402832
0.09084523469209671 0.0979679673910141
0.09138619899749756 0.09454146772623062
0.09118692576885223 0.0997479036450386
0.09125331044197083 0.0970945656299591
0.0913761779665947 0.09724625200033188
0.09130454063415527 0.09500043839216232
0.09119723737239838 0.09764113277196884
0.09093692898750305 0.11665288358926773
0.09186164289712906 0.09923126548528671
0.09121563285589218 0.09555336087942123
0.09109295904636383 0.10369657725095749
0.0908314511179924 0.09664756059646606
0.0916479304432869 0.1014026626944542
0.09133040904998779 0.10091181099414825
0.09128468483686447 0.1022452861070633
0.09044193476438522 0.10263245552778244
0.09102586656808853 0.12293454259634018
0.09077620506286621 0.10573636740446091
0.0910317674279213 0.10015784949064255
0.0908280685544014 0.09404239058494568
0.09141265600919724 0.10584050416946411
0.09108594059944153 0.09917329251766205
0.0910806804895401 0.09331444650888443
0.09071364998817444 0.09894584864377975
0.09111665934324265 0.10361021757125854
0.09095343202352524 0.09665147215127945
0.09160327911376953 0.1221659779548645
0.09118707478046417 0.10167760401964188
0.09103894233703613 0.09998632967472076
0.09061571955680847 0.0934675931930542
0.09112901240587234 0.09776677936315536
0.0908551812171936 0.09841509908437729
0.09110230207443237 0.10275845229625702
0.0914032980799675 0.10037223994731903
0.09109880775213242 0.11654044687747955
0.09027021378278732 0.09584146738052368
0.09090293943881989 0.0969332605600357
0.09134667366743088 0.09728201478719711
0.09109653532505035 0.10330967605113983
0.09086434543132782 0.09270073473453522
0.09085394442081451 0.09690828621387482
0.09131697565317154 0.10203651338815689
0.09045887738466263 0.0969841256737709
0.09082220494747162 0.1002679318189621
0.09071486443281174 0.10107051581144333
0.0908408835530281 0.09803719073534012
0.09108507633209229 0.09715982526540756
0.09075066447257996 0.1026683896780014
0.09081855416297913 0.09761727601289749
0.09078557789325714 0.09753020107746124
0.09080372750759125 0.09574229270219803
0.09066107124090195 0.12488967925310135
0.09085749089717865 0.10100732743740082
0.09041059762239456 0.10353739559650421
0.09048721939325333 0.09356634318828583
0.09064823389053345 0.1070919781923294
0.09058654308319092 0.10450228303670883
0.09185783565044403 0.10349155217409134
0.09100045263767242 0.10625951737165451
0.0909479558467865 0.10723933577537537
0.09075753390789032 0.09499340504407883
0.09100434184074402 0.09426415711641312
0.0903707966208458 0.10180875658988953
