1.483748197555542 1.630561113357544
1.4762517213821411 1.6328235864639282
1.4721174240112305 1.6337970495224
1.4719563722610474 1.62949538230896
1.472047209739685 1.6290185451507568
1.4706475734710693 1.6279085874557495
1.4695909023284912 1.690662145614624
1.4690155982971191 1.6332124471664429
1.4661613702774048 1.6240743398666382
1.4634908437728882 1.6305302381515503
1.46050226688385 1.6305515766143799
1.4320474863052368 1.53023362159729
1.304471492767334 1.2595378160476685
0.9418337941169739 0.8263070583343506
0.7175348401069641 0.6878079771995544
0.623197615146637 0.6163787841796875
0.5578716993331909 0.5724261403083801
0.5277349948883057 0.5375487804412842
0.5091781616210938 0.5333537459373474
0.4881613552570343 0.4884028732776642
0.469290554523468 0.4727790355682373
0.4566676616668701 0.47016918659210205
0.44332584738731384 0.4519689977169037
0.4326912462711334 0.4728117883205414
0.4223731458187103 0.4403107464313507
0.4167945683002472 0.4357052147388458
0.4109323024749756 0.41880494356155396
0.40787193179130554 0.4274095296859741
0.40639761090278625 0.4635510742664337
0.40147697925567627 0.42667078971862793
0.3991536498069763 0.41675493121147156
0.3933895230293274 0.41397151350975037
0.39266636967658997 0.4111397862434387
0.38919880986213684 0.40426209568977356
0.3879754841327667 0.4284398555755615
0.38546887040138245 0.4211713373661041
0.3859860897064209 0.4299757182598114
0.3821191191673279 0.3982686698436737
0.37991541624069214 0.3908143639564514
0.37929072976112366 0.4083611071109772
0.37581387162208557 0.42109546065330505
0.3730892241001129 0.3856591284275055
0.37279024720191956 0.42750391364097595
0.3730356693267822 0.42116454243659973
0.368347704410553 0.4149295389652252
0.3700394332408905 0.38764336705207825
0.3679891526699066 0.3921511173248291
0.3664049506187439 0.3771067261695862
0.3665740489959717 0.4102499485015869
0.36645224690437317 0.3975483775138855
0.3636561930179596 0.41993337869644165
0.36115357279777527 0.3839561641216278
0.36009159684181213 0.37507179379463196
0.35911986231803894 0.36751922965049744
0.358722448348999 0.39635711908340454
0.35581013560295105 0.37263619899749756
0.3574221134185791 0.3764328062534332
0.356795996427536 0.37583020329475403
0.3544134497642517 0.37564319372177124
0.3531036078929901 0.3677237331867218
0.35293638706207275 0.3678503930568695
0.3516499102115631 0.377128928899765
0.3493324816226959 0.3959876000881195
0.35120487213134766 0.36437729001045227
0.34840476512908936 0.3707212209701538
0.3498537242412567 0.36938297748565674
0.34718436002731323 0.3937811255455017
0.34550172090530396 0.3777998089790344
0.3433196544647217 0.3620760142803192
0.34502744674682617 0.3602089583873749
0.3437383770942688 0.37957727909088135
0.34219488501548767 0.4059804081916809
0.3412264585494995 0.37468281388282776
0.33681854605674744 0.36786335706710815
0.339328795671463 0.3527795076370239
0.3374162018299103 0.35216623544692993
0.3407270312309265 0.38426336646080017
0.336301326751709 0.34882235527038574
0.33559051156044006 0.3512326776981354
0.33341333270072937 0.3663204312324524
0.3328717052936554 0.34622129797935486
0.33210289478302 0.3714313805103302
0.3334861397743225 0.35771825909614563
0.3313100337982178 0.34444698691368103
0.3305409252643585 0.35166192054748535
0.33116596937179565 0.35611310601234436
0.3277985751628876 0.368005633354187
0.32683590054512024 0.3696306645870209
0.3287768065929413 0.3481385409832001
0.32686975598335266 0.3379606604576111
0.32706737518310547 0.33450013399124146
0.3259328603744507 0.35829392075538635
0.32571303844451904 0.38011905550956726
0.32595309615135193 0.3469032049179077
0.32402434945106506 0.4065115749835968
0.3234313130378723 0.3630947768688202
0.32071003317832947 0.3770107626914978
0.3203887939453125 0.33958005905151367
0.32097357511520386 0.3616834282875061
0.3211376667022705 0.3541390299797058
0.3227895200252533 0.3603041470050812
0.3220660388469696 0.35813888907432556
0.3201722502708435 0.3369329869747162
0.32014158368110657 0.3442978858947754
0.32032516598701477 0.3511672616004944
0.3180428147315979 0.3521624803543091
0.3169785439968109 0.3427521884441376
0.31828010082244873 0.33056989312171936
0.3165985643863678 0.3559974133968353
0.31744152307510376 0.34024444222450256
0.3151525557041168 0.3299691677093506
0.31478849053382874 0.3197222948074341
0.3160163164138794 0.3480203449726105
0.3158115744590759 0.3442360758781433
0.3156259059906006 0.35480624437332153
0.3154993951320648 0.3307015895843506
0.3150148093700409 0.35622456669807434
0.31473085284233093 0.3433143198490143
0.31473222374916077 0.353817343711853
0.3126700222492218 0.32311782240867615
0.31214913725852966 0.372825562953949
0.3134970963001251 0.3625497817993164
0.31196287274360657 0.32294994592666626
0.312275767326355 0.32416802644729614
0.31113970279693604 0.33803513646125793
0.3107057809829712 0.3183867931365967
0.3111807405948639 0.34947216510772705
0.31246599555015564 0.3279050886631012
0.31069573760032654 0.3359599709510803
0.30952250957489014 0.3456515669822693
0.31028756499290466 0.3201463222503662
0.30853328108787537 0.3310888111591339
0.3087943196296692 0.34294214844703674
0.30723893642425537 0.3547068238258362
0.30840906500816345 0.35856863856315613
0.3092789649963379 0.39418020844459534
0.30902865529060364 0.32263725996017456
0.30766475200653076 0.35028257966041565
0.30774760246276855 0.35934221744537354
0.30692943930625916 0.33242809772491455
0.3061310946941376 0.32396289706230164
0.3055378496646881 0.33450284600257874
0.30473989248275757 0.34663277864456177
0.3060208559036255 0.3264009356498718
0.3043546974658966 0.32604971528053284
0.30418291687965393 0.3339334726333618
0.30233699083328247 0.36157670617103577
0.3047845661640167 0.358569860458374
0.3031025230884552 0.3357134461402893
0.3030499815940857 0.31681323051452637
0.3030262887477875 0.35154226422309875
0.30297476053237915 0.31558138132095337
0.30198296904563904 0.31509435176849365
0.30221617221832275 0.3186406195163727
0.300479918718338 0.31657513976097107
0.30048325657844543 0.3287964165210724
0.3023712635040283 0.36320266127586365
0.3009522259235382 0.32510849833488464
0.2988709807395935 0.3307879865169525
0.2995468080043793 0.31619030237197876
0.2991611957550049 0.3907124400138855
0.2974827289581299 0.37079113721847534
0.2981502115726471 0.31611278653144836
0.30064260959625244 0.31494414806365967
0.298936128616333 0.31418901681900024
0.29874861240386963 0.33016136288642883
0.2974584102630615 0.3166412115097046
0.29878056049346924 0.32983139157295227
0.2957685589790344 0.3131271302700043
0.2976362109184265 0.3140891492366791
0.2962478995323181 0.3168744742870331
0.2969229221343994 0.30735933780670166
0.29583603143692017 0.3253117501735687
0.29668310284614563 0.32565006613731384
0.2975766956806183 0.30866459012031555
0.29547086358070374 0.30894145369529724
0.29748907685279846 0.3172231912612915
0.29551857709884644 0.31614789366722107
0.29612836241722107 0.3356567919254303
0.29612112045288086 0.31808507442474365
0.2958369553089142 0.31552061438560486
0.2968266010284424 0.3170550465583801
0.2962835729122162 0.3144301474094391
0.2968843877315521 0.32018908858299255
0.29476192593574524 0.30620497465133667
0.2944163978099823 0.37427711486816406
0.29275768995285034 0.3242931663990021
0.2930893301963806 0.3349924087524414
0.292420357465744 0.3408108353614807
0.29529130458831787 0.30929750204086304
0.29294833540916443 0.307844877243042
0.29326361417770386 0.3093152940273285
0.29241830110549927 0.32131072878837585
0.291733056306839 0.30706754326820374
0.2903251647949219 0.30892413854599
0.29161831736564636 0.3131367862224579
0.290320485830307 0.3055253028869629
0.2897813320159912 0.30594420433044434
0.29187914729118347 0.3493441939353943
0.2918376624584198 0.3072495758533478
0.2895829677581787 0.33543962240219116
0.28933462500572205 0.328082412481308
0.29033133387565613 0.3072843551635742
0.29196175932884216 0.30103009939193726
0.2905246615409851 0.3457569181919098
0.28883007168769836 0.3056774139404297
0.2908205986022949 0.3152507245540619
0.28883010149002075 0.3269631564617157
0.2887028455734253 0.3037126362323761
0.2888588309288025 0.30708006024360657
0.2886759340763092 0.32919731736183167
0.2895996868610382 0.31078067421913147
0.2878335118293762 0.31815433502197266
0.2889939844608307 0.3113141655921936
0.2878451347351074 0.35069528222084045
0.28756552934646606 0.30312398076057434
0.28881803154945374 0.32121041417121887
0.2852880656719208 0.33152806758880615
0.28673696517944336 0.30557820200920105
0.28654950857162476 0.34127265214920044
0.2859323024749756 0.3094669580459595
0.28641560673713684 0.3238200545310974
0.28517016768455505 0.3131949305534363
0.28469905257225037 0.29755720496177673
0.2856738865375519 0.31180694699287415
0.2853493392467499 0.3076121211051941
0.2829197645187378 0.31694260239601135
0.28377392888069153 0.31393107771873474
0.2839476466178894 0.30670854449272156
0.28475987911224365 0.29882651567459106
0.2854773998260498 0.3092113137245178
0.2836630046367645 0.33587321639060974
0.283079594373703 0.33942121267318726
0.2853144109249115 0.3035530745983124
0.28377026319503784 0.29967090487480164
0.28366222977638245 0.3300469219684601
0.2838655710220337 0.3313502371311188
0.2827206552028656 0.33584073185920715
0.2845514714717865 0.30103805661201477
0.2818918228149414 0.30464112758636475
0.28199103474617004 0.304410457611084
0.2825525403022766 0.3102664053440094
0.2817491888999939 0.31688594818115234
0.28291425108909607 0.30620044469833374
0.28098902106285095 0.3266734480857849
0.28033554553985596 0.3012182116508484
0.28121837973594666 0.34792444109916687
0.28011634945869446 0.3103363513946533
0.28029072284698486 0.3209899365901947
0.2807472348213196 0.3166053593158722
0.280923068523407 0.3060051202774048
0.27971237897872925 0.30094432830810547
0.2794419825077057 0.3101906180381775
0.2785400152206421 0.3761647641658783
0.2832193374633789 0.2922416627407074
0.2790139317512512 0.3180549144744873
0.2799721360206604 0.3071865439414978
0.2805202901363373 0.30007457733154297
0.279045045375824 0.3039933145046234
0.2784930467605591 0.29714715480804443
0.2809584438800812 0.31136879324913025
0.2778918147087097 0.3367340862751007
0.2774181067943573 0.31535831093788147
0.27922573685646057 0.3042060434818268
0.27771827578544617 0.30107808113098145
0.2799767255783081 0.3448389768600464
0.27870550751686096 0.31134092807769775
0.2781237065792084 0.3028776943683624
0.2778224050998688 0.29368510842323303
0.27701613306999207 0.3170505464076996
0.2780005931854248 0.32880860567092896
0.27687767148017883 0.3112018406391144
0.27825701236724854 0.3483315408229828
0.2769146263599396 0.29575374722480774
0.27908435463905334 0.3020302653312683
0.27640944719314575 0.31971031427383423
0.27709004282951355 0.3123759925365448
0.27908554673194885 0.3120924234390259
0.2767011821269989 0.3281638026237488
0.27832138538360596 0.3062532842159271
0.2748800814151764 0.344176709651947
0.27783870697021484 0.29732856154441833
0.2765043079853058 0.29895901679992676
0.27692264318466187 0.2891063392162323
0.27454107999801636 0.30225658416748047
0.277556836605072 0.307239830493927
0.2757886052131653 0.2911861836910248
0.2775551974773407 0.3037833869457245
0.2782563269138336 0.290211021900177
0.27610641717910767 0.293595552444458
0.2755015790462494 0.309821754693985
0.276486873626709 0.34783288836479187
0.27472934126853943 0.29420551657676697
0.27577245235443115 0.2939865291118622
0.2748866677284241 0.3052424192428589
0.27444323897361755 0.3102129399776459
0.2746637761592865 0.2971181869506836
0.2750004231929779 0.30992591381073
0.27492016553878784 0.3242255747318268
0.2746323049068451 0.3049701750278473
0.27405378222465515 0.2960074245929718
0.27228522300720215 0.29816198348999023
0.2729554772377014 0.32028546929359436
0.27365607023239136 0.29091566801071167
0.2725536823272705 0.32367977499961853
0.27424347400665283 0.29434654116630554
0.2731429636478424 0.29125717282295227
0.2730911672115326 0.29562804102897644
0.27260515093803406 0.289948046207428
0.2728736698627472 0.34508219361305237
0.2739802598953247 0.303629070520401
0.27061906456947327 0.30099254846572876
0.2712179124355316 0.29796102643013
0.27150222659111023 0.3014196455478668
0.2738548815250397 0.295634925365448
0.2705534100532532 0.3051990866661072
0.27206525206565857 0.31406277418136597
0.2726776599884033 0.3075566291809082
0.2714777886867523 0.31450432538986206
0.27147069573402405 0.34979331493377686
0.2702747583389282 0.2931014597415924
0.271343857049942 0.28561344742774963
0.2686525285243988 0.332268625497818
0.2743077576160431 0.29113391041755676
0.26998376846313477 0.29750940203666687
0.27100029587745667 0.2931225001811981
0.27020981907844543 0.30262818932533264
0.2721090316772461 0.29502972960472107
0.26959168910980225 0.31278109550476074
0.2692890465259552 0.31872791051864624
0.2700987458229065 0.2854555547237396
0.26696062088012695 0.28784823417663574
0.27095723152160645 0.2851351499557495
0.2694755494594574 0.31157320737838745
0.26868247985839844 0.288001149892807
0.26942431926727295 0.30453723669052124
0.26966893672943115 0.297622412443161
0.2676427960395813 0.3136618137359619
0.26945960521698 0.29003334045410156
0.26948222517967224 0.28558140993118286
0.26898860931396484 0.2993828356266022
0.26897987723350525 0.34031352400779724
0.2681059241294861 0.3082134425640106
0.2679843306541443 0.2959153950214386
0.26758873462677 0.2860625386238098
0.2683136463165283 0.2908329367637634
0.26933586597442627 0.2858828604221344
0.26814761757850647 0.29856154322624207
0.26805680990219116 0.2844083905220032
0.26724401116371155 0.30855339765548706
0.267483115196228 0.29070624709129333
0.26705437898635864 0.3054651618003845
0.26765456795692444 0.2839634120464325
0.26971495151519775 0.29982659220695496
0.26711881160736084 0.28844577074050903
0.265337735414505 0.3006063997745514
0.2677338421344757 0.28598740696907043
0.26581069827079773 0.28483837842941284
0.26803654432296753 0.3055863380432129
0.26615580916404724 0.2964029014110565
0.2644863724708557 0.33151283860206604
0.2652628719806671 0.2883606553077698
0.2680271863937378 0.28686121106147766
0.265971839427948 0.2952747642993927
0.26812639832496643 0.2985687255859375
0.2680254578590393 0.3037585914134979
0.26418769359588623 0.30333390831947327
0.2643347382545471 0.3062902092933655
0.26490285992622375 0.2931804358959198
0.26493632793426514 0.34924423694610596
0.2663426697254181 0.2853652536869049
0.264940083026886 0.2781233787536621
0.26448068022727966 0.3061690628528595
0.2661879360675812 0.29079318046569824
0.26433566212654114 0.3306881785392761
0.263373464345932 0.2974391579627991
0.264502614736557 0.2916170358657837
0.26294657588005066 0.3076799511909485
0.2660362720489502 0.3172876238822937
0.26488059759140015 0.29691287875175476
0.2632918655872345 0.31373533606529236
0.2651377022266388 0.30127042531967163
0.2634151577949524 0.33109310269355774
0.2629714608192444 0.3124386966228485
0.26458823680877686 0.30872419476509094
0.2631204426288605 0.3208596706390381
0.26368770003318787 0.28801849484443665
0.2658550441265106 0.3127876818180084
0.26449650526046753 0.292924165725708
0.26526007056236267 0.2884056866168976
0.2644519507884979 0.2909882962703705
0.2631777226924896 0.28491219878196716
0.26127925515174866 0.28589555621147156
0.26587381958961487 0.29312583804130554
0.26202598214149475 0.28660210967063904
0.2630161643028259 0.29420092701911926
0.26344045996665955 0.28473106026649475
0.2624703645706177 0.2844206392765045
0.26444926857948303 0.31013402342796326
0.2626689374446869 0.29110148549079895
0.2602781653404236 0.2947618365287781
0.26284509897232056 0.2838963270187378
0.26307275891304016 0.28685176372528076
0.2627714276313782 0.2885884940624237
0.26162487268447876 0.296176016330719
0.2636730968952179 0.3363029360771179
0.26112183928489685 0.295533686876297
0.26155510544776917 0.3054576814174652
0.26186078786849976 0.28829118609428406
0.2636559009552002 0.28933316469192505
0.26108697056770325 0.2756660580635071
0.2603554129600525 0.2895106077194214
0.2624947726726532 0.31134358048439026
0.26281437277793884 0.2938350439071655
0.26195400953292847 0.28296583890914917
0.26080751419067383 0.2967314124107361
0.261666864156723 0.31708818674087524
0.26020926237106323 0.2856360673904419
0.262906938791275 0.30213746428489685
0.26173901557922363 0.2823055386543274
0.26270997524261475 0.2901959717273712
0.2604633867740631 0.2960362434387207
0.259514719247818 0.28515923023223877
0.25960084795951843 0.29641976952552795
0.262876957654953 0.2833710312843323
0.2619262933731079 0.28764426708221436
0.2585829794406891 0.3548485040664673
0.26012206077575684 0.2855576276779175
0.2618200480937958 0.2883746027946472
0.26047560572624207 0.2797013819217682
0.2599913477897644 0.30690109729766846
0.2603464722633362 0.31716567277908325
0.26029282808303833 0.30428051948547363
0.25831887125968933 0.28594669699668884
0.25972750782966614 0.2839582860469818
0.25952672958374023 0.3140798807144165
0.2603573501110077 0.2852492928504944
0.2608850300312042 0.30279144644737244
0.2597699463367462 0.2831960618495941
0.2588077783584595 0.30225393176078796
0.26077699661254883 0.2930448353290558
0.2596871554851532 0.28787392377853394
0.259101927280426 0.2880277633666992
0.2591908574104309 0.3342604339122772
0.2594144344329834 0.2971992492675781
0.2604208290576935 0.2852858006954193
0.2583177983760834 0.28265687823295593
0.25972867012023926 0.28444379568099976
0.2578316330909729 0.2907339930534363
0.26059597730636597 0.31426554918289185
0.2598206400871277 0.3034030497074127
0.25893425941467285 0.29722627997398376
0.25944969058036804 0.2864105999469757
0.2577284276485443 0.28586623072624207
0.25893378257751465 0.3499245345592499
0.25948578119277954 0.296098917722702
0.25889378786087036 0.31778910756111145
0.2595549523830414 0.2812356948852539
0.25829899311065674 0.28086575865745544
0.25927895307540894 0.2854132354259491
0.2593519389629364 0.28074610233306885
0.25947701930999756 0.32872870564460754
0.2601895034313202 0.29317766427993774
0.25738200545310974 0.29237157106399536
0.2580331265926361 0.28253495693206787
0.2571912705898285 0.3345635235309601
0.25872838497161865 0.2948736250400543
0.2574433386325836 0.3111554980278015
0.2579399645328522 0.32724621891975403
0.2578231394290924 0.28358709812164307
0.25658780336380005 0.2893366515636444
0.2586498260498047 0.283383309841156
0.25669002532958984 0.30214032530784607
0.2583623230457306 0.29581451416015625
0.2571936547756195 0.31975191831588745
0.2560129165649414 0.29000386595726013
0.256584495306015 0.27937617897987366
0.25738561153411865 0.28347674012184143
0.2560563087463379 0.2841540277004242
0.25742027163505554 0.2854904532432556
0.25613099336624146 0.2806616723537445
0.2551087439060211 0.30270397663116455
0.25584593415260315 0.30953148007392883
0.2576363980770111 0.28453096747398376
0.25409412384033203 0.2915135324001312
0.2568261921405792 0.29208776354789734
0.2572561502456665 0.28306278586387634
0.2593129277229309 0.28443774580955505
0.2562205195426941 0.28219014406204224
0.25444909930229187 0.31085440516471863
0.2563017010688782 0.2903803884983063
0.25705286860466003 0.289789617061615
0.2570076882839203 0.28708741068840027
0.2561754882335663 0.29174715280532837
0.25570565462112427 0.29321426153182983
0.25542813539505005 0.3423423171043396
0.2553984522819519 0.30549922585487366
0.25480592250823975 0.31241172552108765
0.2566976249217987 0.308255136013031
0.25488099455833435 0.2983659505844116
