123.12312381284130 154.21312319249312
1.4912089109420776 1.5656558275222778
1.4747899770736694 1.5832055807113647
1.4421288967132568 1.151528000831604
0.6029229760169983 0.45623117685317993
0.3647376298904419 0.3406240940093994
0.31026196479797363 0.3473217189311981
0.2713097035884857 0.2777020335197449
0.2508000135421753 0.26224908232688904
0.2306937575340271 0.2189217060804367
0.22098514437675476 0.28004997968673706
0.20895561575889587 0.19681228697299957
0.2060607373714447 0.22480905055999756
0.19649295508861542 0.18989354372024536
0.1914575845003128 0.19374090433120728
0.18853870034217834 0.18232771754264832
0.18220238387584686 0.23124386370182037
0.18011078238487244 0.21281032264232635
0.17851102352142334 0.27831870317459106
0.17522892355918884 0.168068528175354
0.17286720871925354 0.1864023506641388
0.16933241486549377 0.2033580094575882
0.16609415411949158 0.20836536586284637
0.1664278507232666 0.24406319856643677
0.16355092823505402 0.16603481769561768
0.16118140518665314 0.15028609335422516
0.16080088913440704 0.1803636997938156
0.159267395734787 0.15022394061088562
0.15710224211215973 0.1653156578540802
0.15543442964553833 0.15482231974601746
0.15243181586265564 0.14906707406044006
0.15246440470218658 0.19122055172920227
0.15092764794826508 0.15124423801898956
0.149899423122406 0.14357076585292816
0.14800433814525604 0.1575298011302948
0.14736847579479218 0.15779724717140198
0.14610931277275085 0.1319977045059204
0.14499127864837646 0.1581282913684845
0.14346306025981903 0.14620523154735565
0.14277726411819458 0.1462182104587555
0.14144332706928253 0.14027470350265503
0.1397659033536911 0.12632092833518982
0.13959446549415588 0.13525566458702087
0.13791094720363617 0.13201525807380676
0.13570934534072876 0.1411595493555069
0.1350923776626587 0.13201244175434113
0.13334819674491882 0.14462774991989136
0.1332070678472519 0.1351153552532196
0.13167694211006165 0.14347109198570251
0.13089346885681152 0.15648263692855835
0.12972906231880188 0.15192891657352448
0.1296321153640747 0.12362002581357956
0.12944094836711884 0.14592251181602478
0.1269446313381195 0.12017770856618881
0.12715892493724823 0.14125806093215942
0.1271822601556778 0.1279429793357849
0.12489504367113113 0.11463306099176407
0.12559525668621063 0.13662849366664886
0.12467697262763977 0.15357886254787445
0.12449519336223602 0.15800604224205017
0.12315455079078674 0.11718665808439255
0.12262457609176636 0.152017742395401
0.12304233014583588 0.1361464262008667
0.12108226865530014 0.1462695598602295
0.12150024622678757 0.13971935212612152
0.12239562720060349 0.11145009100437164
0.12087878584861755 0.1154426857829094
0.11973904073238373 0.135379821062088
0.11967934668064117 0.13889583945274353
0.11822603642940521 0.13937526941299438
0.11741551011800766 0.11204759776592255
0.11828456819057465 0.10941900312900543
0.11764472723007202 0.2317308485507965
0.11700497567653656 0.12045308947563171
0.11631561815738678 0.1175420805811882
0.11634460836648941 0.12092434614896774
0.11814402043819427 0.12219557166099548
0.11584828048944473 0.20596247911453247
0.11529956012964249 0.12461625039577484
0.11642437428236008 0.11668597161769867
0.11586599797010422 0.15617674589157104
0.11581901460886002 0.1417587548494339
0.11507948487997055 0.11236762255430222
0.11443812400102615 0.10811861604452133
0.11465637385845184 0.12022127956151962
0.11483125388622284 0.13125847280025482
0.1133907362818718 0.13626235723495483
0.11410000920295715 0.11706876754760742
0.11367223411798477 0.11140143126249313
0.11276499181985855 0.1087932214140892
0.11370139569044113 0.134134441614151
0.11264915019273758 0.11783507466316223
0.11204301565885544 0.1882622390985489
0.11327354609966278 0.11241234838962555
0.11255329847335815 0.1348617523908615
0.11090414971113205 0.1251857578754425
0.11191702634096146 0.13263384997844696
0.11126575618982315 0.1164119765162468
0.11113645881414413 0.13541220128536224
0.11176387965679169 0.11591389030218124
0.11001647263765335 0.10880885273218155
0.11085490137338638 0.1169925332069397
0.10955709964036942 0.14413435757160187
0.10981973260641098 0.10775983333587646
0.11093654483556747 0.10820141434669495
0.10989051312208176 0.13508862257003784
0.11093595623970032 0.10903793573379517
0.10839386284351349 0.12210769951343536
0.11072893440723419 0.11258392781019211
0.10786166787147522 0.11363407224416733
0.10892081260681152 0.10938208550214767
0.10897887498140335 0.10841716080904007
0.10882417857646942 0.11840733140707016
0.10767561942338943 0.11340421438217163
0.1085171103477478 0.10558652877807617
0.1081136167049408 0.12227446585893631
0.10802656412124634 0.11082012951374054
0.10826988518238068 0.10893647372722626
0.107662133872509 0.11080830544233322
0.10796327143907547 0.1077200248837471
0.10783205181360245 0.12767145037651062
0.1075519248843193 0.10747800022363663
0.10684728622436523 0.15369610488414764
0.10785084962844849 0.10268338769674301
0.10824161022901535 0.15750084817409515
0.10709632933139801 0.10765610635280609
0.10642846673727036 0.1357305496931076
0.10770680010318756 0.10236546397209167
0.10725495964288712 0.11608271300792694
0.10747518390417099 0.11103076487779617
0.11037158221006393 0.10830730199813843
0.10622797906398773 0.2304292470216751
0.10729926079511642 0.11648410558700562
0.10637697577476501 0.11696791648864746
0.10602413862943649 0.15045487880706787
0.10561134666204453 0.12269832193851471
0.10642550140619278 0.10457237809896469
0.10620282590389252 0.10880345106124878
0.10743260383605957 0.1041053831577301
0.10566417872905731 0.10711786895990372
0.10596121847629547 0.11931408196687698
0.10474103689193726 0.10812921822071075
0.10603552311658859 0.11159614473581314
0.10573983192443848 0.10482004284858704
0.10552681237459183 0.10851142555475235
0.10545824468135834 0.11686113476753235
0.10535948723554611 0.1429673284292221
0.10596366971731186 0.1048959270119667
0.10666743665933609 0.14827165007591248
0.10349053889513016 0.10721570253372192
0.10406965762376785 0.13668374717235565
0.10496378690004349 0.11011065542697906
0.10478557646274567 0.1995316743850708
0.10499905049800873 0.12074397504329681
0.10562317818403244 0.10858455300331116
0.10474809259176254 0.13189499080181122
0.10545919835567474 0.1548318713903427
0.10464062541723251 0.12336477637290955
0.1044444888830185 0.16583114862442017
0.10325285792350769 0.11167791485786438
0.11505334824323654 0.10547200590372086
0.10457572340965271 0.12170032411813736
0.10419072955846786 0.11041145771741867
0.10415685921907425 0.1116451844573021
0.10335960984230042 0.10310782492160797
0.10436058044433594 0.1063210517168045
0.10351447761058807 0.10989478975534439
0.10269053280353546 0.10805635899305344
0.1080707460641861 0.212043896317482
0.10335428267717361 0.1256944090127945
0.10608890652656555 0.12898783385753632
0.10165531933307648 0.10306853801012039
0.10351624339818954 0.10429900884628296
0.10274885594844818 0.10544568300247192
0.1036786139011383 0.11690232902765274
0.10282045602798462 0.10795488953590393
0.10369300097227097 0.12421364337205887
0.1041015014052391 0.10497573763132095
0.1033952608704567 0.10972680896520615
0.10219086706638336 0.17711099982261658
0.10320450365543365 0.12666109204292297
0.10230641067028046 0.11871346086263657
0.10267490893602371 0.10221682488918304
0.10310431569814682 0.130937397480011
0.10195751488208771 0.10299894958734512
0.10242566466331482 0.11442481726408005
0.1016407236456871 0.10656198114156723
0.10322260856628418 0.10449863225221634
0.10107726603746414 0.11585260182619095
0.10283005982637405 0.12480785697698593
0.10245218873023987 0.09644417464733124
0.10202735662460327 0.1014670804142952
0.1015690267086029 0.11130473762750626
0.10170099884271622 0.12037985771894455
0.10179370641708374 0.09856966882944107
0.10239748656749725 0.1061599925160408
0.10198018699884415 0.13868355751037598
0.10260812193155289 0.1050972267985344
0.10194932669401169 0.10783497244119644
0.10296788066625595 0.12185885012149811
0.1015157401561737 0.1365618109703064
0.10174482315778732 0.13175901770591736
0.10211781412363052 0.10048443078994751
0.10079435259103775 0.11899717897176743
0.10100232064723969 0.1053430363535881
0.10095258057117462 0.11613412946462631
0.1013776957988739 0.17871473729610443
0.10214833170175552 0.1197819784283638
0.1005498394370079 0.11133512109518051
0.10123859345912933 0.1819985806941986
0.10130590945482254 0.12515640258789062
0.09953374415636063 0.09924999624490738
0.10098805278539658 0.11919540166854858
0.10037606209516525 0.11072555184364319
0.10044389963150024 0.12564969062805176
0.10062022507190704 0.1366826593875885
0.10054194182157516 0.11340072005987167
0.10121206194162369 0.10805191844701767
0.1002882719039917 0.1117878183722496
0.10035418719053268 0.11862439662218094
0.10161875188350677 0.09622731804847717
0.10030544549226761 0.10323532670736313
0.10096506029367447 0.10863254964351654
0.10041724145412445 0.10731225460767746
0.10143044590950012 0.11851663142442703
0.10094227641820908 0.103459432721138
0.09996597468852997 0.13198132812976837
0.10125114768743515 0.1291961967945099
0.09989305585622787 0.11763370037078857
0.10109351575374603 0.10027128458023071
0.09929583221673965 0.11015944182872772
0.10039525479078293 0.10393521189689636
0.10003497451543808 0.10265669226646423
0.10047204047441483 0.09656377136707306
0.09947151690721512 0.1241113618016243
0.1001729965209961 0.1535326987504959
0.10030559450387955 0.12907646596431732
0.09856042265892029 0.10914438217878342
0.10492315888404846 0.10439559072256088
0.09741956740617752 0.1083083525300026
0.09967967867851257 0.10062863677740097
0.09961235523223877 0.11578811705112457
0.10000935941934586 0.11290698498487473
0.09946975111961365 0.09978632628917694
0.10027139633893967 0.10009218752384186
0.10019117593765259 0.10550585389137268
0.09974408149719238 0.10029824078083038
0.09870526939630508 0.0983072966337204
0.09900961071252823 0.097416453063488
0.0999591052532196 0.09989779442548752
0.09932518750429153 0.10136006772518158
0.09956859052181244 0.11700241267681122
0.09828571230173111 0.09789028763771057
0.09972602874040604 0.12276475876569748
0.09907636046409607 0.09630394726991653
0.0993577092885971 0.12201794981956482
0.09871716052293777 0.10880513489246368
0.09878701716661453 0.11251863092184067
0.09848082065582275 0.10945964604616165
0.10323507338762283 0.1379641741514206
0.09766504913568497 0.10811720788478851
0.0982983186841011 0.10171175003051758
0.09885738044977188 0.09919331967830658
0.09949339181184769 0.10123704373836517
0.09923172742128372 0.1512436866760254
0.09864288568496704 0.10094909369945526
0.09836749732494354 0.1530473828315735
0.09970938414335251 0.11325027048587799
0.09854815155267715 0.11078505218029022
0.098349429666996 0.14771130681037903
0.09875353425741196 0.14597120881080627
0.09894824028015137 0.10131371766328812
0.09779443591833115 0.1024550199508667
0.09901181608438492 0.09579944610595703
0.09776507318019867 0.1258085072040558
0.10004954040050507 0.10047033429145813
0.09841613471508026 0.1039210632443428
0.0983743816614151 0.10641206055879593
0.09826887398958206 0.09954103827476501
0.09850535541772842 0.10191984474658966
0.09820124506950378 0.1044684424996376
0.09793578833341599 0.10747236758470535
0.09769748896360397 0.10108210146427155
0.09730086475610733 0.10079032927751541
0.09757554531097412 0.09640824794769287
0.09829282015562057 0.09586979448795319
0.09705112874507904 0.13625232875347137
0.09709957987070084 0.10941065102815628
0.0982104241847992 0.11533606052398682
0.09829745441675186 0.1827496737241745
0.09769513458013535 0.11318908631801605
0.09872445464134216 0.1044704020023346
0.09781213849782944 0.1279587745666504
0.09762241691350937 0.1346406638622284
0.09795818477869034 0.1086048036813736
0.09843355417251587 0.12956897914409637
0.09745247662067413 0.10938848555088043
0.09701059013605118 0.2050422579050064
0.09819016605615616 0.1153964027762413
0.09736122190952301 0.09716102480888367
0.09638294577598572 0.11150892823934555
0.09959984570741653 0.13680502772331238
0.0969279482960701 0.0968674048781395
0.09719336777925491 0.10722668468952179
0.09774641692638397 0.13094067573547363
0.09803391993045807 0.09784697741270065
0.09821812063455582 0.11918430775403976
0.09729228913784027 0.09494733810424805
0.09660623967647552 0.10981903970241547
0.09744622558355331 0.10394348949193954
0.09722098708152771 0.09996066987514496
0.09662249684333801 0.10057364404201508
0.09753446280956268 0.099159374833107
0.09670449793338776 0.1183287650346756
0.09762126952409744 0.0964340791106224
0.09763501584529877 0.09806197881698608
0.09707504510879517 0.11039677262306213
0.09719514101743698 0.09676782786846161
0.09691187739372253 0.1240161657333374
0.09668802469968796 0.10361576825380325
0.09640628099441528 0.1220289096236229
0.09720692038536072 0.09714119136333466
0.09657077491283417 0.09705188125371933
0.09649337828159332 0.10139711201190948
0.09649011492729187 0.10592702031135559
0.09633054584264755 0.10613229870796204
0.09700044989585876 0.10652310401201248
0.096089206635952 0.09437589347362518
0.09578032046556473 0.09971023350954056
0.09622754156589508 0.09687821567058563
0.09611058980226517 0.10131196677684784
0.09602661430835724 0.1294616162776947
0.09658024460077286 0.10926950722932816
0.0963425412774086 0.10213829576969147
0.09535419195890427 0.09677457064390182
0.09666327387094498 0.10927034169435501
0.09694641083478928 0.09790785610675812
0.09667331725358963 0.09944260120391846
0.09667631983757019 0.14724774658679962
0.09586183726787567 0.10041772574186325
0.09588267654180527 0.09487143158912659
0.0964926928281784 0.11145004630088806
0.09566668421030045 0.13438257575035095
0.09573648869991302 0.11372799426317215
0.09595827013254166 0.09809977561235428
0.0960581973195076 0.11571871489286423
0.09687844663858414 0.10489819198846817
0.09610956907272339 0.09833089262247086
0.09581949561834335 0.10089682787656784
0.09710876643657684 0.0990273654460907
0.09596414864063263 0.10114080458879471
0.0962289422750473 0.0935107097029686
0.09719503670930862 0.10476967692375183
0.09579577296972275 0.10209676623344421
0.09585190564393997 0.10574329644441605
0.09614402055740356 0.09491536766290665
0.09615093469619751 0.1257719248533249
0.09703110158443451 0.09900884330272675
0.09541483223438263 0.10665344446897507
0.09598571062088013 0.10131414234638214
0.09611186385154724 0.09744248539209366
0.09536901861429214 0.0950564369559288
0.09741109609603882 0.11178003996610641
0.0971217006444931 0.10711787641048431
0.09597714990377426 0.10250955820083618
0.09567547589540482 0.09903623163700104
0.09638902544975281 0.10053442418575287
0.09538481384515762 0.110744908452034
0.09554613381624222 0.11654223501682281
0.09515482187271118 0.1186707615852356
0.0955100804567337 0.1021476611495018
0.09511487931013107 0.101273313164711
0.09455439448356628 0.15345701575279236
0.09498494863510132 0.10111705213785172
0.09504617750644684 0.10570801049470901
0.09466100484132767 0.17961366474628448
0.0948060005903244 0.10662709176540375
0.09535239636898041 0.09833759814500809
0.09438783675432205 0.11368182301521301
0.09512615948915482 0.11940287053585052
0.09572399407625198 0.09743545204401016
0.09579719603061676 0.11486586928367615
0.0953967347741127 0.11922076344490051
0.0956607535481453 0.09621473401784897
0.09686555713415146 0.09751208871603012
0.09407849609851837 0.09373950213193893
0.09514326602220535 0.10121560096740723
0.09560433030128479 0.10853538662195206
0.09567147493362427 0.10015091300010681
0.09465756267309189 0.10236841440200806
0.09542703628540039 0.11029215902090073
0.09658460319042206 0.09671905636787415
0.09492659568786621 0.09752099961042404
0.09473016858100891 0.09471924602985382
0.09442461282014847 0.10302100330591202
0.09446585923433304 0.10258765518665314
0.0949404314160347 0.1065974086523056
0.09477777034044266 0.09254462271928787
0.09361645579338074 0.14689643681049347
0.09550893306732178 0.10363549739122391
0.09432436525821686 0.12937389314174652
0.09542745351791382 0.12571677565574646
0.09445944428443909 0.10569366812705994
0.09461523592472076 0.09645706415176392
0.09426028281450272 0.11880578100681305
0.09424605965614319 0.10510522872209549
0.10081779211759567 0.24089013040065765
0.096189945936203 0.09763098508119583
0.09409628063440323 0.12423071265220642
0.09398747235536575 0.11567628383636475
0.09542414546012878 0.12833468616008759
0.09476102888584137 0.10085640102624893
0.0951768085360527 0.1399061530828476
0.09477490931749344 0.09800400584936142
0.09493745118379593 0.0913715735077858
0.09386636316776276 0.13649646937847137
0.0944986566901207 0.095925472676754
0.0936184749007225 0.09280994534492493
0.09511805325746536 0.10072112083435059
0.09678498655557632 0.10970285534858704
0.09337369352579117 0.09717723727226257
0.09410709142684937 0.09498181194067001
0.09346805512905121 0.10683733969926834
0.09597763419151306 0.09519733488559723
0.09492644667625427 0.10325519740581512
0.09408174455165863 0.09409745037555695
0.09433475136756897 0.0967828556895256
0.09418917447328568 0.10833077877759933
0.09477261453866959 0.09493789076805115
0.09415224194526672 0.10509674996137619
0.09374658018350601 0.09698563814163208
0.09402693808078766 0.10089685022830963
0.09422793984413147 0.09527160227298737
0.09425294399261475 0.1287720948457718
0.09389756619930267 0.12017310410737991
0.10167593508958817 0.26273202896118164
0.0932629257440567 0.10361984372138977
0.09373508393764496 0.15087787806987762
0.09357460588216782 0.09961941838264465
0.0943501889705658 0.10986440628767014
0.09444855898618698 0.11741761118173599
0.0935840979218483 0.11390021443367004
0.09362848103046417 0.10974608361721039
0.0936933159828186 0.11688294261693954
0.0945708379149437 0.2516106367111206
0.09503314644098282 0.10011689364910126
0.09342212975025177 0.0952242985367775
0.09289409965276718 0.10315932333469391
0.09380663931369781 0.11697834730148315
0.09386780858039856 0.11313013732433319
0.09323159605264664 0.0949452668428421
0.09408964216709137 0.11296407133340836
0.09369812160730362 0.1128058061003685
0.0934538021683693 0.1029517725110054
0.09288419038057327 0.10121187567710876
0.09421957284212112 0.0960351899266243
0.09334032982587814 0.09792184084653854
0.09339230507612228 0.09981624782085419
0.09421877562999725 0.09333749860525131
0.09322851896286011 0.17632025480270386
0.09347862005233765 0.10574889928102493
0.09388639777898788 0.1009262278676033
0.09302645921707153 0.0985875278711319
0.09366627037525177 0.09875208139419556
0.09379628300666809 0.09382529556751251
0.09541510045528412 0.0973648875951767
0.09212001413106918 0.09206380695104599
0.09158776700496674 0.11354121565818787
0.09309786558151245 0.1014212816953659
0.09351378679275513 0.09617609530687332
0.0926830992102623 0.09256746619939804
0.09396029263734818 0.09940646588802338
0.09297475218772888 0.09564538300037384
0.09302765130996704 0.10824717581272125
0.09322911500930786 0.09523312002420425
0.09272600710391998 0.1202101856470108
0.09323585033416748 0.09660223871469498
0.09283003211021423 0.10320165753364563
0.09337901324033737 0.0933978259563446
0.09329528361558914 0.1109907254576683
0.09262590110301971 0.09222696721553802
0.09258756786584854 0.1082519143819809
0.09362425655126572 0.10440218448638916
0.09535323828458786 0.09119313210248947
0.09194349497556686 0.10229261219501495
0.09247133135795593 0.09424661844968796
0.09285465627908707 0.0919339507818222
0.09225260466337204 0.09322519600391388
0.09310229867696762 0.09748496860265732
0.09305116534233093 0.09446118772029877
0.09238017350435257 0.0938200056552887
0.09340208023786545 0.0925484299659729
0.09291644394397736 0.12212438881397247
0.09299103170633316 0.09247952699661255
0.09255462884902954 0.09649375081062317
0.09284704178571701 0.109848752617836
0.09268847107887268 0.09426140785217285
0.09251774847507477 0.10396431386470795
0.0922987088561058 0.12170695513486862
