1.4929805994033813 1.5145078897476196
1.4789988994598389 1.5058894157409668
1.4770771265029907 1.5390534400939941
1.4765644073486328 1.5018184185028076
1.4756547212600708 1.5037895441055298
1.475294589996338 1.5217775106430054
1.4755150079727173 1.4988296031951904
1.4749658107757568 1.5006685256958008
1.4748826026916504 1.4986423254013062
1.4755128622055054 1.5164114236831665
1.4746173620224 1.5176697969436646
1.4746092557907104 1.5062810182571411
1.4743924140930176 1.5156537294387817
1.4744477272033691 1.5171723365783691
1.4743664264678955 1.498910903930664
1.474489450454712 1.5127320289611816
1.47430419921875 1.498722791671753
1.4741761684417725 1.4994492530822754
1.4739898443222046 1.5020233392715454
1.474074363708496 1.5061966180801392
1.4738560914993286 1.50516939163208
1.4743449687957764 1.504388689994812
1.473859429359436 1.5102930068969727
1.473249077796936 1.5035035610198975
1.4728472232818604 1.5002713203430176
1.4678308963775635 1.4949947595596313
1.455841302871704 1.475292444229126
1.4474369287490845 1.4709209203720093
1.440719723701477 1.495314598083496
1.4320465326309204 1.4749855995178223
1.4275543689727783 1.4622533321380615
1.4231817722320557 1.4461816549301147
1.420508861541748 1.4428759813308716
1.417473316192627 1.4437775611877441
1.4147511720657349 1.440035343170166
1.4129542112350464 1.4358065128326416
1.4107660055160522 1.4674272537231445
1.4084316492080688 1.4358806610107422
1.4068089723587036 1.4503909349441528
1.4047529697418213 1.4417192935943604
1.403159737586975 1.4283831119537354
1.401116967201233 1.433056116104126
1.397971272468567 1.4247416257858276
1.3964534997940063 1.4196466207504272
1.3943678140640259 1.4244730472564697
1.3926762342453003 1.4177712202072144
1.3904142379760742 1.4179328680038452
1.3883638381958008 1.4167808294296265
1.3858474493026733 1.4387286901474
1.3841941356658936 1.423349380493164
1.3823331594467163 1.4079418182373047
1.380436658859253 1.4298607110977173
1.377859354019165 1.4004416465759277
1.373472809791565 1.4675681591033936
1.2280875444412231 1.176603078842163
1.1519324779510498 1.136915922164917
1.1098768711090088 1.0912717580795288
1.0880956649780273 1.117626667022705
1.0705502033233643 1.141140103340149
1.0492241382598877 1.0534868240356445
1.030472755432129 1.0210269689559937
1.0109033584594727 1.0929588079452515
0.9979991316795349 0.9992561340332031
0.9870402216911316 0.9842714071273804
0.9698038101196289 1.0000956058502197
0.9458023309707642 0.9502144455909729
0.9181778430938721 0.9033515453338623
0.894031286239624 0.9202125668525696
0.8610352873802185 0.844336748123169
0.844074547290802 0.8601380586624146
0.8356360197067261 0.816043496131897
0.8252954483032227 0.9395888447761536
0.8108282685279846 0.7958678603172302
0.8104592561721802 0.788861870765686
0.8039726614952087 0.7967826128005981
0.7917004823684692 0.7827889919281006
0.7892088294029236 0.8143047094345093
0.7796857357025146 0.8166502714157104
0.7763180732727051 0.7812985181808472
0.7654569149017334 0.7748615145683289
0.7481733560562134 0.7302000522613525
0.7251400351524353 0.7156445384025574
0.681467592716217 0.6563658714294434
0.6475958824157715 0.6208556294441223
0.6354886293411255 0.645146906375885
0.6252329349517822 0.6264885663986206
0.6168013215065002 0.6087033152580261
0.6099599003791809 0.6188938617706299
0.6010498404502869 0.5765929818153381
0.5917530059814453 0.6219525933265686
0.5887593030929565 0.5949960350990295
0.5816638469696045 0.6180894374847412
0.5757383108139038 0.5661703944206238
0.577133297920227 0.5635933876037598
0.5740135312080383 0.5591422319412231
0.569527804851532 0.5459485650062561
0.5715644955635071 0.5628805160522461
0.5685222744941711 0.6602619886398315
0.5633326768875122 0.6675207018852234
0.5648803114891052 0.5623607635498047
0.5639691948890686 0.5485196113586426
0.5581064224243164 0.5398820042610168
0.5665074586868286 0.5675995349884033
0.5578701496124268 0.5543463230133057
0.5574192404747009 0.5474823117256165
0.55894935131073 0.5629201531410217
0.5539725422859192 0.5493642687797546
0.552874743938446 0.5358835458755493
0.5509225726127625 0.5593357682228088
0.550597071647644 0.5597550868988037
0.550866425037384 0.678700864315033
0.5505818128585815 0.5381039977073669
0.5471807718276978 0.5591343641281128
0.5483814477920532 0.5376561284065247
0.5486063957214355 0.5270740985870361
0.5468435883522034 0.5760389566421509
0.5442638397216797 0.5800975561141968
0.5455245971679688 0.5444065928459167
0.5443304777145386 0.585476279258728
0.5440499186515808 0.5233468413352966
0.5422337651252747 0.5323962569236755
0.5440250635147095 0.5593074560165405
0.5453866124153137 0.5341998338699341
0.5404590368270874 0.5558008551597595
0.5407841205596924 0.5230268836021423
0.5434156060218811 0.5295787453651428
0.5369694232940674 0.553401529788971
0.5374356508255005 0.6519034504890442
0.5380683541297913 0.5190547108650208
0.5409074425697327 0.6719651222229004
0.535759449005127 0.5858678221702576
0.5368511080741882 0.5197980999946594
0.5342146158218384 0.545109748840332
0.5349535346031189 0.5222652554512024
0.5353294610977173 0.5174786448478699
0.5337569713592529 0.5187753438949585
0.5337778329849243 0.533811628818512
0.5319328308105469 0.5689036250114441
0.5317686200141907 0.5165585279464722
0.5329605340957642 0.5368726253509521
0.5330265164375305 0.5235429406166077
0.5306665897369385 0.5679672360420227
0.5299912691116333 0.5440835952758789
0.5313194394111633 0.5126296877861023
0.5308654308319092 0.5564483404159546
0.5328885316848755 0.5307637453079224
0.5318062901496887 0.5348413586616516
0.5376182794570923 0.5258505344390869
0.5269626975059509 0.518470287322998
0.5294950604438782 0.5121247172355652
0.5293928384780884 0.5700876712799072
0.5288498997688293 0.5168378949165344
0.5278064608573914 0.5214155912399292
0.52806556224823 0.50932776927948
0.5282056927680969 0.5694532990455627
0.5282813906669617 0.5253929495811462
0.5283650755882263 0.5103583931922913
0.5234717130661011 0.5820906162261963
0.5264777541160583 0.5367562174797058
0.5238476395606995 0.5183632373809814
0.5238974690437317 0.5179389715194702
0.5243592858314514 0.5440760254859924
0.5228680968284607 0.5104573369026184
0.5231989622116089 0.5223293304443359
0.5227436423301697 0.5126871466636658
0.5249947309494019 0.5128490328788757
0.5219851136207581 0.5386376976966858
0.5222001671791077 0.5225306749343872
0.5226628184318542 0.5571736097335815
0.5239114761352539 0.5117709636688232
0.5224809050559998 0.5271434187889099
0.5209552645683289 0.5147199630737305
0.5232319831848145 0.6272141933441162
0.5222671031951904 0.5157408714294434
0.5226936340332031 0.5488066077232361
0.5202937126159668 0.5117769241333008
0.5206486582756042 0.5057410001754761
0.5188866257667542 0.5376322865486145
0.5199633240699768 0.5375925898551941
0.5280837416648865 0.617491602897644
0.5209525227546692 0.5315304398536682
0.5195420384407043 0.5074633359909058
0.5152939558029175 0.5645621418952942
0.520500659942627 0.5264076590538025
0.5179427862167358 0.5909390449523926
0.5158662796020508 0.5068439245223999
0.517638623714447 0.5348018407821655
0.5153414011001587 0.5164154767990112
0.5168450474739075 0.6298037171363831
0.5183953046798706 0.507165789604187
0.5122033357620239 0.5095424652099609
0.5157935619354248 0.49990981817245483
0.5167962908744812 0.529896080493927
0.5141667723655701 0.5530247688293457
0.5138905048370361 0.5230952501296997
0.5149663686752319 0.5113359093666077
0.5166757702827454 0.5210866928100586
0.5182905197143555 0.5408112406730652
0.5154316425323486 0.5273588299751282
0.5120730400085449 0.5216436982154846
0.5178351402282715 0.5192559361457825
0.5117629170417786 0.5025697350502014
0.5143550634384155 0.5232352018356323
0.5130365490913391 0.5547319054603577
0.5134372115135193 0.5715503692626953
0.5140660405158997 0.5170862078666687
0.5120943188667297 0.5012953281402588
0.5128733515739441 0.5305849313735962
0.5119367241859436 0.5522394776344299
0.5114527940750122 0.5007019639015198
0.5130662322044373 0.5740528106689453
0.5109407901763916 0.5170433521270752
0.5153844952583313 0.5018932223320007
0.5108675360679626 0.5119452476501465
0.5091717839241028 0.5791339874267578
0.5151821970939636 0.6069156527519226
0.5116575360298157 0.49933695793151855
0.5135502815246582 0.5236205458641052
0.5109794735908508 0.5945473909378052
0.5120454430580139 0.5035299062728882
0.5105816721916199 0.5018842220306396
0.5085949301719666 0.5029205679893494
0.5103435516357422 0.5016250014305115
0.5112553834915161 0.4979570806026459
0.5087922215461731 0.5048884153366089
0.510461151599884 0.5429202318191528
0.5078577399253845 0.5607486367225647
0.509183943271637 0.5220420360565186
0.5084096193313599 0.5031347870826721
0.5090600252151489 0.500388503074646
0.5079382061958313 0.5311371684074402
0.5089296698570251 0.5127206444740295
0.505888819694519 0.5618850588798523
0.5054163932800293 0.529055118560791
0.507356584072113 0.5103985071182251
0.5086460709571838 0.5165156722068787
0.5077993273735046 0.498416543006897
0.5057740211486816 0.5145042538642883
0.5092863440513611 0.505609393119812
0.5067561864852905 0.4931285083293915
0.5087375640869141 0.5109962224960327
0.505824863910675 0.53093022108078
0.5036364197731018 0.49811193346977234
0.5057065486907959 0.5063575506210327
0.5050097703933716 0.4997669458389282
0.5052880048751831 0.5153418183326721
0.5066189169883728 0.5747631192207336
0.5057756304740906 0.5227487683296204
0.5036194920539856 0.5003973245620728
0.5034513473510742 0.5026878118515015
0.5014228820800781 0.5007107853889465
0.5024641156196594 0.5331134796142578
0.5076437592506409 0.5527328252792358
0.5025636553764343 0.5337356925010681
0.5045672655105591 0.5319611430168152
0.5048588514328003 0.5026986002922058
0.5028507113456726 0.5127313137054443
0.5060857534408569 0.5428207516670227
0.5025743246078491 0.5264229774475098
0.5023121237754822 0.4933193027973175
0.5022886991500854 0.5207998752593994
0.5010809302330017 0.517203688621521
0.5014765858650208 0.5238214731216431
0.501492440700531 0.5685052275657654
0.5006131529808044 0.510204017162323
0.4996044635772705 0.5756233334541321
0.4993946850299835 0.5017125010490417
0.5026466250419617 0.527696430683136
0.5001215934753418 0.5134944915771484
0.4985334873199463 0.5178816914558411
0.5000602602958679 0.49246570467948914
0.49969732761383057 0.4928427040576935
0.49950769543647766 0.5315473675727844
0.4998101592063904 0.5140456557273865
0.5028775334358215 0.5378355383872986
0.4992018938064575 0.497295081615448
0.4984234571456909 0.48932427167892456
0.49783408641815186 0.4940623641014099
0.49587905406951904 0.48845335841178894
0.4971883296966553 0.5159984827041626
0.4968591630458832 0.49351418018341064
0.4983583092689514 0.4931516647338867
0.49577611684799194 0.49257200956344604
0.4958990216255188 0.5239984393119812
0.4967601001262665 0.5587971806526184
0.499893456697464 0.4843903183937073
0.4960153102874756 0.5001878142356873
0.4952388405799866 0.5317869782447815
0.49488401412963867 0.48538848757743835
0.4953250586986542 0.5329012274742126
0.4942436218261719 0.4895198941230774
0.49519476294517517 0.5117525458335876
0.4931023120880127 0.49568918347358704
0.4937889277935028 0.49887338280677795
0.49195393919944763 0.5004397630691528
0.48961812257766724 0.4792599678039551
0.4927290678024292 0.4834256172180176
0.4914446771144867 0.48938897252082825
0.4905971884727478 0.4817512631416321
0.49335357546806335 0.4909142255783081
0.4918272793292999 0.48395001888275146
0.49102360010147095 0.4779563844203949
0.4907185435295105 0.6197011470794678
0.4908979833126068 0.4851282238960266
0.48897337913513184 0.48637571930885315
0.4891757667064667 0.5206215381622314
0.4896588623523712 0.4895504415035248
0.49025291204452515 0.5384424328804016
0.49165576696395874 0.5653400421142578
0.48832178115844727 0.4905150830745697
0.4904109835624695 0.5023931860923767
0.48885348439216614 0.48968374729156494
0.48700451850891113 0.4764765202999115
0.48638224601745605 0.5031704306602478
0.4875970780849457 0.4797564148902893
0.4887399673461914 0.4844762682914734
0.4860169589519501 0.4821041524410248
0.48659634590148926 0.5062967538833618
0.4863099157810211 0.5043909549713135
0.48511889576911926 0.4860435426235199
0.4881246089935303 0.49235060811042786
0.4859415888786316 0.5090392231941223
0.48387661576271057 0.5031433701515198
0.48444631695747375 0.48573777079582214
0.4849679470062256 0.4767196476459503
0.4835361838340759 0.5066418051719666
0.4846947193145752 0.47708314657211304
0.4842243790626526 0.5173824429512024
0.4823389947414398 0.47365865111351013
0.4844430983066559 0.4893878102302551
0.48347729444503784 0.4934808313846588
0.4832986295223236 0.495949387550354
0.4815461039543152 0.5125259757041931
0.48180538415908813 0.48077264428138733
0.4827403724193573 0.4812453091144562
0.48002949357032776 0.46868082880973816
0.4812316596508026 0.495573490858078
0.48109471797943115 0.476532518863678
0.47994911670684814 0.4775078296661377
0.4813925325870514 0.48679935932159424
0.48044803738594055 0.4834579527378082
0.47853997349739075 0.5431063771247864
0.4804553985595703 0.47884300351142883
0.48114627599716187 0.4716605842113495
0.48084530234336853 0.480623334646225
0.4791605770587921 0.47795340418815613
0.4790613055229187 0.47226932644844055
0.47860753536224365 0.47182226181030273
0.4775814116001129 0.4912385642528534
0.47999122738838196 0.47206205129623413
0.47825342416763306 0.5045976042747498
0.47904279828071594 0.49429336190223694
0.4793134927749634 0.47519034147262573
0.4778331518173218 0.4812641739845276
0.4754968285560608 0.4712429642677307
0.4763580858707428 0.477373331785202
0.4804570972919464 0.47333380579948425
0.47737807035446167 0.47962266206741333
0.4767429828643799 0.492846816778183
0.47742998600006104 0.48873069882392883
0.4776291847229004 0.5315915942192078
0.4762709438800812 0.4765862822532654
0.4779825210571289 0.5157219767570496
0.47579777240753174 0.4808397889137268
0.47507888078689575 0.4781092703342438
0.47688189148902893 0.540768563747406
0.47575339674949646 0.49329835176467896
0.4752423167228699 0.4746408462524414
0.4740432798862457 0.4866599440574646
0.4751438796520233 0.48650097846984863
0.4730887711048126 0.4677174687385559
0.4740026891231537 0.5237507820129395
0.47161203622817993 0.4796180725097656
0.4714324176311493 0.47512364387512207
0.4743531048297882 0.49876827001571655
0.4722723364830017 0.4933905303478241
0.47069621086120605 0.5613536834716797
0.4728516936302185 0.559005081653595
0.4763782322406769 0.5124908089637756
0.4735485911369324 0.4660957455635071
0.47439128160476685 0.475655734539032
0.47139984369277954 0.4729357957839966
0.472461074590683 0.480144202709198
0.47323402762413025 0.48494818806648254
0.47139886021614075 0.47441190481185913
0.4706136882305145 0.4678734242916107
0.4727911055088043 0.46631288528442383
0.4709150195121765 0.49129292368888855
0.4715452492237091 0.4783737063407898
0.47031548619270325 0.4659104645252228
0.4698795676231384 0.4706118404865265
0.4701763689517975 0.4707060754299164
0.46967071294784546 0.46792638301849365
0.46968546509742737 0.4739626348018646
0.4685850143432617 0.4834741950035095
0.46909597516059875 0.47893449664115906
0.46954861283302307 0.4890100061893463
0.4680442214012146 0.48336395621299744
0.47021761536598206 0.5165154337882996
0.4679378569126129 0.4912363588809967
0.4671756327152252 0.47751399874687195
0.4670446813106537 0.46034055948257446
0.46747124195098877 0.4791128635406494
0.466022253036499 0.4673216640949249
0.4667421877384186 0.5192779302597046
0.4673108458518982 0.48330098390579224
0.4666597843170166 0.488007515668869
0.4656442403793335 0.47415781021118164
0.4653453528881073 0.4593941569328308
0.46791160106658936 0.4588671028614044
0.4654989242553711 0.4753003418445587
0.46688318252563477 0.4703323245048523
0.4650823473930359 0.466643363237381
0.4646708369255066 0.470246821641922
0.4633185863494873 0.47640180587768555
0.46602508425712585 0.469002366065979
0.46317601203918457 0.46464428305625916
0.46384650468826294 0.4709225594997406
0.4629523754119873 0.4908103048801422
0.46443718671798706 0.49330586194992065
0.4623476564884186 0.46346303820610046
0.46553781628608704 0.48751699924468994
0.463841050863266 0.4692544937133789
0.46270889043807983 0.4763375520706177
0.46480563282966614 0.48157304525375366
0.4635647237300873 0.46432408690452576
0.4623323976993561 0.48939698934555054
0.4626462459564209 0.47983869910240173
0.46134060621261597 0.46495896577835083
0.4625060558319092 0.4810574948787689
0.4609690308570862 0.4566745460033417
0.461286723613739 0.4897238314151764
0.46365851163864136 0.4941313862800598
0.4606778621673584 0.4616183340549469
0.4630655348300934 0.47426366806030273
0.4614001214504242 0.46032053232192993
0.46091175079345703 0.48131686449050903
0.46065741777420044 0.45541974902153015
0.46015995740890503 0.4637032449245453
0.4625035524368286 0.4677082598209381
0.45922911167144775 0.4700447618961334
0.4602840542793274 0.46670615673065186
0.46069008111953735 0.49368083477020264
0.4608398675918579 0.463089257478714
0.4604490101337433 0.4699268937110901
0.46084120869636536 0.4769902229309082
0.459160715341568 0.4633341133594513
0.4585716724395752 0.46127593517303467
0.45713236927986145 0.45300599932670593
0.4594455659389496 0.5149464011192322
0.45773082971572876 0.4795295000076294
0.45870640873908997 0.4647746682167053
0.45811814069747925 0.47243624925613403
0.45852231979370117 0.46011608839035034
0.4573984146118164 0.46010950207710266
0.4570517838001251 0.4638015627861023
0.4559588134288788 0.460908979177475
0.4605709910392761 0.45762190222740173
0.4563944339752197 0.4605293273925781
0.4561691880226135 0.4951447546482086
0.4562796354293823 0.477387011051178
0.4565353989601135 0.46675798296928406
0.45694535970687866 0.4658525586128235
0.4607365131378174 0.5205333828926086
0.4547199308872223 0.47072237730026245
0.45711496472358704 0.48272809386253357
0.4554307162761688 0.4787103533744812
0.4546891450881958 0.47014909982681274
0.45511889457702637 0.45892515778541565
0.4556494951248169 0.4589686095714569
0.45650017261505127 0.4633448123931885
0.45571601390838623 0.4970848560333252
0.4530286490917206 0.46442484855651855
0.4541870355606079 0.45586150884628296
0.4556296169757843 0.45350971817970276
0.4541294276714325 0.5075429677963257
0.45352065563201904 0.5106135606765747
0.45423826575279236 0.44915297627449036
0.45429128408432007 0.45585253834724426
0.4532550275325775 0.4544006884098053
0.4529356360435486 0.4546911418437958
0.45318862795829773 0.46567943692207336
0.45236748456954956 0.4554985761642456
0.4543096125125885 0.4780968427658081
0.45332664251327515 0.4765007495880127
0.4516117572784424 0.45736753940582275
0.4520299434661865 0.45938143134117126
0.4523302912712097 0.47011470794677734
0.45338013768196106 0.4630225896835327
0.45198777318000793 0.44945481419563293
0.4520587921142578 0.4605308771133423
0.4500964283943176 0.4648153781890869
0.45081841945648193 0.453722208738327
0.4508153796195984 0.46040695905685425
0.449920654296875 0.45676249265670776
0.45014873147010803 0.46831685304641724
0.4509477913379669 0.47315195202827454
0.45129790902137756 0.4521249532699585
0.4508053660392761 0.45472124218940735
0.4494093060493469 0.4992026686668396
