2.3368687629699707 1.544670820236206
1.5090882778167725 1.5852251052856445
1.491539716720581 1.503302812576294
1.4832640886306763 1.5032724142074585
1.4789958000183105 1.5031423568725586
1.4775022268295288 1.4993884563446045
1.4762494564056396 1.5563396215438843
1.4759405851364136 1.504416584968567
1.475966215133667 1.4992430210113525
1.4747039079666138 1.5185896158218384
1.4744646549224854 1.4997597932815552
1.4749815464019775 1.5007033348083496
1.4734420776367188 1.502003788948059
1.464697003364563 1.482495903968811
1.4551576375961304 1.4869762659072876
1.4529943466186523 1.471985101699829
1.4427275657653809 1.4550626277923584
1.4353179931640625 1.458171010017395
1.4324347972869873 1.4524304866790771
1.4224492311477661 1.4333698749542236
1.4129246473312378 1.4469590187072754
1.4073395729064941 1.4146593809127808
1.3990206718444824 1.417482852935791
1.392554521560669 1.4263497591018677
1.391217827796936 1.428226351737976
1.3937947750091553 1.4174422025680542
1.3990318775177002 1.423478126525879
1.3894473314285278 1.4186992645263672
1.3926371335983276 1.4016554355621338
1.3889282941818237 1.439403772354126
1.386708378791809 1.3988118171691895
1.3864047527313232 1.4085047245025635
1.3947458267211914 1.418514370918274
1.3903183937072754 1.414720058441162
1.3877030611038208 1.4027420282363892
1.3843642473220825 1.3980433940887451
1.3797940015792847 1.3976116180419922
1.3395472764968872 1.3545798063278198
1.3172850608825684 1.3353580236434937
1.2809079885482788 1.297765851020813
1.274208903312683 1.3077785968780518
1.268669843673706 1.2663747072219849
1.263625979423523 1.2731852531433105
1.2523658275604248 1.2611621618270874
1.2178469896316528 1.2145951986312866
1.1430373191833496 1.1444913148880005
1.1137887239456177 1.1171400547027588
1.0957353115081787 1.0840445756912231
1.0856502056121826 1.0833227634429932
1.0715378522872925 1.0672459602355957
1.0666583776474 1.1326489448547363
1.0536118745803833 1.0832475423812866
1.0378944873809814 1.028265357017517
1.0258259773254395 1.0107057094573975
1.0096403360366821 0.9954484701156616
0.9935317635536194 0.9619241952896118
0.9581605792045593 0.8902812600135803
0.7590171098709106 0.6575704216957092
0.6245360970497131 0.583513081073761
0.5588132739067078 0.5299331545829773
0.5281077027320862 0.5520338416099548
0.5113719701766968 0.5267911553382874
0.5026704668998718 0.4937036335468292
0.4875240921974182 0.5106954574584961
0.4768439829349518 0.4682120680809021
0.4720671772956848 0.473826140165329
0.46592164039611816 0.4889635443687439
0.45861753821372986 0.45716068148612976
0.4536203444004059 0.465694397687912
0.44889193773269653 0.431945264339447
0.4463447332382202 0.4739188849925995
0.4395657777786255 0.43351393938064575
0.4396286606788635 0.4257538616657257
0.43478837609291077 0.42639240622520447
0.4308053255081177 0.4171326756477356
0.42691174149513245 0.4535270631313324
0.42694514989852905 0.42313891649246216
0.42308351397514343 0.4219299852848053
0.42002400755882263 0.4343370199203491
0.41476449370384216 0.4433349370956421
0.41249048709869385 0.42232564091682434
0.40889933705329895 0.47501340508461
0.44819092750549316 0.420585572719574
0.40235090255737305 0.3986784815788269
0.4033259451389313 0.42977774143218994
0.400297075510025 0.4198089838027954
0.39919549226760864 0.44313037395477295
0.3947092592716217 0.4077956974506378
0.39233776926994324 0.40187859535217285
0.39254775643348694 0.4163699448108673
0.39068862795829773 0.412776917219162
0.3918547034263611 0.3960583209991455
0.3902319371700287 0.38407498598098755
0.38731005787849426 0.39564448595046997
0.3857758939266205 0.39857369661331177
0.38552892208099365 0.37982723116874695
0.38139334321022034 0.40640348196029663
0.3842884600162506 0.3972700238227844
0.3820367455482483 0.4014526903629303
0.3843519389629364 0.40591827034950256
0.3792857825756073 0.38812369108200073
0.3855418264865875 0.37996312975883484
0.3779485821723938 0.36823761463165283
0.37561866641044617 0.3831295371055603
0.37563812732696533 0.38121989369392395
0.37513813376426697 0.3894648253917694
0.3847790062427521 0.3722594678401947
0.3771996796131134 0.39628833532333374
0.37493765354156494 0.39527323842048645
0.37384456396102905 0.38189035654067993
0.37203067541122437 0.38156259059906006
0.3699502646923065 0.3800103962421417
0.37068283557891846 0.3705618679523468
0.36971864104270935 0.40087661147117615
0.36831116676330566 0.3871971368789673
0.36853522062301636 0.37819793820381165
0.3681320250034332 0.36520397663116455
0.36592456698417664 0.3957735002040863
0.36568328738212585 0.37454384565353394
0.3658217191696167 0.3745943307876587
0.3643288016319275 0.35945042967796326
0.3653956949710846 0.362208753824234
0.3651379942893982 0.36126071214675903
0.3644896149635315 0.38738805055618286
0.3637163043022156 0.36083346605300903
0.36351507902145386 0.37305396795272827
0.36211392283439636 0.3621649146080017
0.3613210916519165 0.372295618057251
0.3614245057106018 0.37867626547813416
0.35983821749687195 0.3768458962440491
0.36119937896728516 0.38003724813461304
0.3604395091533661 0.3599914610385895
0.358759343624115 0.3693503141403198
0.3604719340801239 0.44689711928367615
0.3588334918022156 0.3650503158569336
0.3572162687778473 0.360273152589798
0.3562939167022705 0.3746638596057892
0.356794536113739 0.3771604299545288
0.35765931010246277 0.3488626778125763
0.3552214503288269 0.39367902278900146
0.35487282276153564 0.3509695827960968
0.35453087091445923 0.3606494963169098
0.354521244764328 0.36227983236312866
0.3548232316970825 0.35677745938301086
0.35352781414985657 0.3493196666240692
0.35596421360969543 0.3600492477416992
0.3559412360191345 0.35447418689727783
0.354570209980011 0.35325002670288086
0.3544456362724304 0.359899640083313
0.3530297875404358 0.358613520860672
0.35368117690086365 0.38352036476135254
0.35404080152511597 0.34868374466896057
0.3517386317253113 0.38194605708122253
0.35257455706596375 0.37141290307044983
0.3515782356262207 0.34776920080184937
0.351439893245697 0.3555507957935333
0.3524620234966278 0.38622158765792847
0.3531170189380646 0.3500056266784668
0.3518540561199188 0.3442309498786926
0.3499622642993927 0.3625822067260742
0.3509885370731354 0.355768620967865
0.35117393732070923 0.36835917830467224
0.34933584928512573 0.34969601035118103
0.35154542326927185 0.3408147394657135
0.34950485825538635 0.3496878743171692
0.3493233919143677 0.3696897327899933
0.34865984320640564 0.3701205849647522
0.3498270511627197 0.3463425040245056
0.34760984778404236 0.35303735733032227
0.34738898277282715 0.36836230754852295
0.34746062755584717 0.35566118359565735
0.34803828597068787 0.35903096199035645
0.3478454649448395 0.34798282384872437
0.3468687832355499 0.3458824157714844
0.3464643657207489 0.3465891182422638
0.34755101799964905 0.3432981073856354
0.3482460379600525 0.37035053968429565
0.34796062111854553 0.3533988893032074
0.34572502970695496 0.3419259786605835
0.3480490446090698 0.3492226004600525
0.3474563956260681 0.358710378408432
0.34719526767730713 0.3635013699531555
0.34524816274642944 0.3402741551399231
0.3464343845844269 0.3708253800868988
0.3454565107822418 0.3476705849170685
0.34766823053359985 0.34362682700157166
0.3451586365699768 0.36270666122436523
0.3453085422515869 0.3484986424446106
0.34614473581314087 0.36243921518325806
0.34504246711730957 0.39757412672042847
0.34685105085372925 0.3928009271621704
0.34497737884521484 0.35012903809547424
0.3471504747867584 0.34048163890838623
0.345051109790802 0.34281742572784424
0.34440645575523376 0.3450693190097809
0.34423890709877014 0.37222298979759216
0.3454514741897583 0.39048081636428833
0.3452049195766449 0.34808725118637085
0.3448614478111267 0.3462253212928772
0.3456345498561859 0.37715959548950195
0.3444713056087494 0.35699334740638733
0.34429842233657837 0.368989497423172
0.34337446093559265 0.4200182557106018
0.34306633472442627 0.3380470871925354
0.34121084213256836 0.3451825976371765
0.34413716197013855 0.34280458092689514
0.3408765196800232 0.34581294655799866
0.34188514947891235 0.35752367973327637
0.3417586088180542 0.350059449672699
0.34321147203445435 0.3486071527004242
0.3409682512283325 0.36499735713005066
0.3416328728199005 0.35945457220077515
0.3405497968196869 0.3684408664703369
0.3421313464641571 0.39635488390922546
0.34191349148750305 0.3537149131298065
0.34211266040802 0.35707584023475647
0.34170863032341003 0.3459306061267853
0.3405981957912445 0.3990520238876343
0.3419497609138489 0.35151609778404236
0.34042853116989136 0.3440767824649811
0.341945081949234 0.35791662335395813
0.34133151173591614 0.34180718660354614
0.340899795293808 0.3451124131679535
0.34131503105163574 0.3488076627254486
0.3396664559841156 0.35515066981315613
0.34118396043777466 0.42988479137420654
0.34044912457466125 0.3427604138851166
0.339345246553421 0.34174033999443054
0.348450630903244 0.34814631938934326
0.3391869366168976 0.3444669842720032
0.33823883533477783 0.3849312961101532
0.3399733304977417 0.33552029728889465
0.34184250235557556 0.3515913784503937
0.3381669819355011 0.33666881918907166
0.3386158347129822 0.3406238853931427
0.3383525311946869 0.37650641798973083
0.33837181329727173 0.3416650593280792
0.33777233958244324 0.36128881573677063
0.337994784116745 0.3360136151313782
0.33790960907936096 0.3433069884777069
0.33887162804603577 0.3407251536846161
0.33794036507606506 0.3580099046230316
0.3387618660926819 0.35309121012687683
0.3370659351348877 0.3457690179347992
0.33964070677757263 0.3395231366157532
0.3371863067150116 0.33398666977882385
0.3371151387691498 0.35140329599380493
0.34000176191329956 0.3380814790725708
0.33965036273002625 0.3378557562828064
0.3380669951438904 0.35096684098243713
0.34006789326667786 0.35298648476600647
0.3380413353443146 0.35807591676712036
0.3381040096282959 0.34726274013519287
0.3375121057033539 0.3353898525238037
0.3389907777309418 0.34083181619644165
0.33857184648513794 0.3425047695636749
0.33977481722831726 0.3360241651535034
0.337738960981369 0.37675952911376953
0.33698350191116333 0.34473180770874023
0.33725690841674805 0.345057874917984
0.3372271656990051 0.3415193557739258
0.3364885151386261 0.34338435530662537
0.3374810516834259 0.3565562963485718
0.3364580273628235 0.380880743265152
0.33592531085014343 0.3404833972454071
0.33638519048690796 0.3614409863948822
0.33570754528045654 0.37163636088371277
0.3367507755756378 0.3366401791572571
0.33645063638687134 0.3878799080848694
0.335170716047287 0.38361719250679016
0.33554452657699585 0.3343895971775055
0.3350219130516052 0.33533430099487305
0.3343281149864197 0.36184161901474
0.33617350459098816 0.33383992314338684
0.3343444764614105 0.3663541376590729
0.33569735288619995 0.3314589858055115
0.3341664969921112 0.334138423204422
0.33434271812438965 0.3343590199947357
0.3355490565299988 0.33254826068878174
0.33361688256263733 0.3845810294151306
0.3331232964992523 0.33899837732315063
0.33539554476737976 0.3385729193687439
0.33341312408447266 0.3343503773212433
0.3341046869754791 0.3424925208091736
0.33337074518203735 0.3513389527797699
0.3332691490650177 0.3357592225074768
0.3324747085571289 0.36100631952285767
0.3334898054599762 0.34455645084381104
0.3332047164440155 0.37896209955215454
0.3335901200771332 0.34061846137046814
0.33472147583961487 0.3365822434425354
0.3331601619720459 0.3356936573982239
0.33393651247024536 0.3697602152824402
0.3343880772590637 0.34245404601097107
0.33333003520965576 0.33621853590011597
0.3345254063606262 0.3812699019908905
0.33578139543533325 0.3362330198287964
0.33301520347595215 0.33467620611190796
0.33354538679122925 0.3563442528247833
0.3316555619239807 0.34069448709487915
0.3317529261112213 0.3354712426662445
0.3369191586971283 0.34886690974235535
0.33415448665618896 0.39343395829200745
0.3337439000606537 0.3367627263069153
0.33344000577926636 0.34597548842430115
0.33237412571907043 0.3654298186302185
0.33180129528045654 0.34891441464424133
0.33119064569473267 0.3398512899875641
0.331612765789032 0.3337773084640503
0.33238673210144043 0.3318847417831421
0.3327038288116455 0.3492962419986725
0.33043235540390015 0.3455427289009094
0.3322157859802246 0.338443398475647
0.3334363102912903 0.3365365266799927
0.33140021562576294 0.34022656083106995
0.3312116265296936 0.3506286144256592
0.3302205502986908 0.33864957094192505
0.3304431736469269 0.3323582112789154
0.33167576789855957 0.32926616072654724
0.33085742592811584 0.33665329217910767
0.3315093517303467 0.3332774043083191
0.3334013819694519 0.33691442012786865
0.3319742679595947 0.3334619998931885
0.33329540491104126 0.34140536189079285
0.33181270956993103 0.33669936656951904
0.3308953046798706 0.3509342074394226
0.3312768340110779 0.33850112557411194
0.3307890295982361 0.3326011598110199
0.3311651349067688 0.388592928647995
0.3290154039859772 0.3266507685184479
0.32949376106262207 0.3782733082771301
0.3294355571269989 0.3531465530395508
0.3290415108203888 0.3298731744289398
0.32808321714401245 0.35076606273651123
0.32986485958099365 0.3469308316707611
0.3288419544696808 0.3423645794391632
0.32811230421066284 0.3283088505268097
0.3289886713027954 0.3303109407424927
0.32908448576927185 0.34720084071159363
0.32885482907295227 0.3539685010910034
0.32690000534057617 0.3528902530670166
0.3268949091434479 0.3448779284954071
0.32753467559814453 0.33852821588516235
0.3283509612083435 0.3585345447063446
0.3271496891975403 0.3293003737926483
0.3268446624279022 0.35854750871658325
0.33046260476112366 0.32778990268707275
0.3263392746448517 0.34021690487861633
0.32616254687309265 0.3336518108844757
0.3262534737586975 0.3322547674179077
0.3265681266784668 0.32573437690734863
0.3260481059551239 0.3269493281841278
0.328007310628891 0.33735600113868713
0.32630786299705505 0.35530564188957214
0.3280884325504303 0.33284443616867065
0.3249393701553345 0.3444165587425232
0.32609522342681885 0.34344103932380676
0.32606324553489685 0.33105021715164185
0.3266153633594513 0.3363751769065857
0.3263087570667267 0.33985644578933716
0.328407347202301 0.3376145660877228
0.32519835233688354 0.36622002720832825
0.32620078325271606 0.3322836458683014
0.32697436213493347 0.32338178157806396
0.3257347345352173 0.3466021716594696
0.3263615369796753 0.3416445255279541
0.3247397243976593 0.3526657223701477
0.3257151246070862 0.3409288823604584
0.325441837310791 0.342477023601532
0.32495394349098206 0.3338836431503296
0.3240542411804199 0.3351815938949585
0.324588418006897 0.3478778004646301
0.3253815770149231 0.32766956090927124
0.324473112821579 0.3465879559516907
0.3235357105731964 0.3305900990962982
0.3237893283367157 0.34349748492240906
0.3229745626449585 0.3239496648311615
0.3238411545753479 0.32513296604156494
0.32299548387527466 0.3274146020412445
0.32292360067367554 0.3332674503326416
0.324564665555954 0.3404697775840759
0.32346850633621216 0.32876062393188477
0.3227708637714386 0.3295466899871826
0.3238071799278259 0.3338804543018341
0.3252016007900238 0.331316202878952
0.32299888134002686 0.3361482322216034
0.3242625594139099 0.33282598853111267
0.3228588104248047 0.32699811458587646
0.3225122094154358 0.338479220867157
0.3241601288318634 0.4106024503707886
0.322922945022583 0.38130995631217957
0.3237403333187103 0.3267056941986084
0.32400423288345337 0.3277380168437958
0.32249337434768677 0.3494337201118469
0.32309478521347046 0.332113116979599
0.32445767521858215 0.3407459557056427
0.32105791568756104 0.33322229981422424
0.3254813551902771 0.3610871434211731
0.3214028775691986 0.3235304057598114
0.3219444155693054 0.3301309645175934
0.32216256856918335 0.3282877504825592
0.3217073380947113 0.3332688808441162
0.3222300708293915 0.3318292498588562
0.32257455587387085 0.35212576389312744
0.32182538509368896 0.32459238171577454
0.32092493772506714 0.32701918482780457
0.3207035958766937 0.3301582932472229
0.32103607058525085 0.3346877098083496
0.3204149603843689 0.3270952105522156
0.3220248818397522 0.3843570053577423
0.3218567669391632 0.34456875920295715
0.3197915852069855 0.3263487219810486
0.32169267535209656 0.3239259421825409
0.32033252716064453 0.32618746161460876
0.3213626742362976 0.3398435711860657
0.31986677646636963 0.32141515612602234
0.32019132375717163 0.3315526843070984
0.319489449262619 0.32408833503723145
0.31946349143981934 0.32417944073677063
0.32039499282836914 0.3403956890106201
0.31968453526496887 0.33418008685112
0.3198624551296234 0.3241797983646393
0.3191066384315491 0.3387772738933563
0.3209550082683563 0.3227050006389618
0.3187733292579651 0.3521116375923157
0.32015472650527954 0.3532721996307373
0.3207267224788666 0.33058080077171326
0.3187541663646698 0.36997970938682556
0.31929120421409607 0.334297776222229
0.31993597745895386 0.330672025680542
0.3192776143550873 0.3198901414871216
0.3193995952606201 0.33247998356819153
0.32002466917037964 0.32728108763694763
0.32046008110046387 0.32851463556289673
0.31909462809562683 0.32149723172187805
0.31921935081481934 0.3373790681362152
0.32730552554130554 0.32671841979026794
0.31676873564720154 0.3248327672481537
0.3190426230430603 0.33037152886390686
0.31785935163497925 0.33079594373703003
0.32366111874580383 0.34185346961021423
0.31709879636764526 0.3289884328842163
0.32004401087760925 0.32480186223983765
0.31906965374946594 0.31986308097839355
0.32183384895324707 0.3208564221858978
0.31761544942855835 0.356376975774765
0.31803128123283386 0.3287655711174011
0.31764569878578186 0.32480210065841675
0.31838303804397583 0.3244974911212921
0.31834352016448975 0.3230520188808441
0.31782084703445435 0.32395830750465393
0.3186335563659668 0.33362576365470886
0.31716734170913696 0.33260101079940796
0.31866610050201416 0.33206769824028015
0.31630760431289673 0.3283810615539551
0.317598819732666 0.32102635502815247
0.31807973980903625 0.32671570777893066
0.31759512424468994 0.33494943380355835
0.31741607189178467 0.32239797711372375
0.3172943890094757 0.33234357833862305
0.31714481115341187 0.3308543264865875
0.32140210270881653 0.3503887355327606
0.316445529460907 0.31997185945510864
0.31681564450263977 0.3242174983024597
0.31681427359580994 0.32917410135269165
0.31767043471336365 0.3375159800052643
0.3216160833835602 0.32455310225486755
0.31516963243484497 0.36030313372612
0.31641271710395813 0.3262316882610321
0.3173222541809082 0.31935352087020874
0.3170397877693176 0.34161534905433655
0.3164941668510437 0.3314981460571289
0.31571856141090393 0.323667049407959
0.3198569118976593 0.3324832022190094
0.3145943880081177 0.34138238430023193
0.3178268074989319 0.32914021611213684
0.31544652581214905 0.32551461458206177
0.31559181213378906 0.325039803981781
0.3155132234096527 0.3246352970600128
0.31513988971710205 0.3971966803073883
0.31569671630859375 0.32408607006073
0.32703685760498047 0.3330131471157074
0.3151928186416626 0.36129140853881836
0.3160383999347687 0.33300554752349854
0.3152686655521393 0.32799243927001953
0.31486013531684875 0.33833450078964233
0.3150712549686432 0.3262205123901367
0.31439530849456787 0.33191660046577454
0.31533342599868774 0.34280070662498474
0.32091501355171204 0.3256893754005432
0.3138657808303833 0.3243449330329895
0.3150205612182617 0.3504560589790344
0.3164377212524414 0.3197219669818878
0.31904110312461853 0.3513297140598297
0.31398481130599976 0.32912957668304443
0.3149869441986084 0.3300536274909973
0.3149626553058624 0.3251323699951172
0.3140585720539093 0.3361506462097168
0.3144863545894623 0.3484363853931427
0.3154914081096649 0.3321067988872528
0.31440243124961853 0.3387492597103119
0.3155547082424164 0.33164334297180176
0.3143364489078522 0.3211597502231598
0.31432753801345825 0.3411163091659546
0.3142975866794586 0.32646098732948303
0.31347718834877014 0.3327358365058899
0.31363049149513245 0.347768634557724
0.31400442123413086 0.32113778591156006
0.31300875544548035 0.3260710835456848
0.31346142292022705 0.3432356119155884
0.3133794367313385 0.32611262798309326
0.3128169775009155 0.3288491666316986
0.31327348947525024 0.3467962145805359
0.31532806158065796 0.315974622964859
0.31331968307495117 0.34029263257980347
0.3132967948913574 0.3255106806755066
0.3129616677761078 0.3252647817134857
0.3137224316596985 0.3274722099304199
0.3131522536277771 0.32072943449020386
0.3130752742290497 0.31407055258750916
0.3122044503688812 0.31968072056770325
0.31255272030830383 0.3311291038990021
0.31280839443206787 0.32462167739868164
0.3125961422920227 0.3181941509246826
0.3127211332321167 0.3208542466163635
0.31269416213035583 0.35172712802886963
0.3125702142715454 0.3338127136230469
0.31287071108818054 0.3595443665981293
0.31202131509780884 0.3225127160549164
0.31292369961738586 0.3250929117202759
0.3129441440105438 0.33776989579200745
0.312984824180603 0.3209761083126068
0.312613844871521 0.3327699899673462
0.31249943375587463 0.3229665756225586
0.3126070499420166 0.3258742690086365
0.3122031092643738 0.3403390347957611
0.31201040744781494 0.32677480578422546
0.31418707966804504 0.3395983576774597
0.31200525164604187 0.3332582712173462
0.3129972219467163 0.321806937456131
0.3107130527496338 0.32100409269332886
0.3105159401893616 0.3199508488178253
0.311551958322525 0.3327910602092743
0.3113929033279419 0.3360384702682495
0.31023842096328735 0.3184404671192169
0.31872570514678955 0.4555712342262268
0.3235797584056854 0.31968268752098083
0.31155264377593994 0.3290659487247467
0.31070375442504883 0.36646226048469543
0.3110165596008301 0.3239809572696686
0.3111887276172638 0.3364752233028412
0.3103623688220978 0.31945255398750305
0.31778252124786377 0.3318859338760376
0.3105248510837555 0.3221214711666107
0.3105023205280304 0.32848531007766724
0.310863196849823 0.3187732398509979
0.31029510498046875 0.31931403279304504
0.3109182119369507 0.32107430696487427
0.3104282021522522 0.34798020124435425
0.31039392948150635 0.32986900210380554
0.3108571171760559 0.3220742642879486
0.31206533312797546 0.3296114504337311
0.3097067177295685 0.324752539396286
0.3127174973487854 0.3266040086746216
0.3105247914791107 0.3199421763420105
0.3106846511363983 0.32639527320861816
0.3108319044113159 0.31431397795677185
0.3102312982082367 0.31484830379486084
0.31169822812080383 0.31358444690704346
0.3118424117565155 0.33840855956077576
0.30883902311325073 0.32043027877807617
0.3101693391799927 0.32876622676849365
0.31017187237739563 0.34461551904678345
0.3093416392803192 0.31705546379089355
0.3092653155326843 0.3166777193546295
0.3108169436454773 0.31594428420066833
0.3099728524684906 0.316436231136322
0.3092755377292633 0.3291959762573242
0.3095022141933441 0.32339605689048767
0.3092186152935028 0.31482142210006714
0.30939459800720215 0.31711918115615845
0.3089575171470642 0.3342461884021759
0.307772159576416 0.33172470331192017
0.3088783025741577 0.3202197849750519
0.3095669448375702 0.32689666748046875
0.3082566261291504 0.3310120403766632
0.30935361981391907 0.32641902565956116
0.30914855003356934 0.32944953441619873
0.3088255822658539 0.3148227334022522
0.30766767263412476 0.31612762808799744
0.309154748916626 0.3148804306983948
0.3081580102443695 0.31850528717041016
0.31203609704971313 0.31663113832473755
0.30736714601516724 0.32328084111213684
0.30988532304763794 0.362300306558609
0.3079323470592499 0.32917341589927673
0.3090217709541321 0.3157532811164856
0.3088374435901642 0.3252018988132477
0.30804112553596497 0.32943013310432434
0.3082650601863861 0.3410983979701996
0.3085440695285797 0.32035624980926514
0.30804118514060974 0.32074403762817383
0.309048593044281 0.3179144859313965
0.3078218400478363 0.31683725118637085
0.3082559108734131 0.3323993682861328
0.30852535367012024 0.3381573259830475
0.3083716332912445 0.3272511959075928
0.3080947697162628 0.31639328598976135
0.3074615001678467 0.3237229883670807
0.306572288274765 0.32207345962524414
0.30804604291915894 0.3231930434703827
0.30702340602874756 0.32822951674461365
0.3063749372959137 0.311057448387146
0.30936968326568604 0.3175223171710968
0.3082146644592285 0.3133540749549866
0.3062889575958252 0.31914132833480835
0.30731818079948425 0.3371427655220032
0.3074987530708313 0.31392309069633484
0.3066132366657257 0.316616952419281
0.306754469871521 0.3110414147377014
0.3073086440563202 0.3212847411632538
0.3067275881767273 0.31613829731941223
0.30642828345298767 0.31254643201828003
0.3061605989933014 0.31967708468437195
0.3071275055408478 0.3169513940811157
0.30762195587158203 0.3319075405597687
0.306906133890152 0.3146199584007263
0.30680084228515625 0.32349061965942383
0.3064223527908325 0.32140854001045227
0.3058224618434906 0.3196643888950348
0.3062528371810913 0.322412371635437
0.30727890133857727 0.3138032853603363
0.3060446083545685 0.317634254693985
0.306752473115921 0.3213967978954315
0.30613842606544495 0.32163354754447937
0.3054962754249573 0.3269408047199249
0.3056718707084656 0.32889145612716675
0.30643394589424133 0.3202766180038452
0.3064383864402771 0.3313511312007904
0.3045569956302643 0.3163641095161438
0.3051958680152893 0.31977757811546326
0.30502641201019287 0.3145289421081543
0.30534130334854126 0.32039353251457214
0.3057207465171814 0.31579405069351196
0.3048509657382965 0.3209436535835266
0.30489423871040344 0.31151989102363586
0.31305357813835144 0.3206484615802765
0.30290326476097107 0.3273014426231384
0.3054766058921814 0.32868802547454834
0.3047601878643036 0.3110432028770447
0.3044566512107849 0.3184761703014374
0.3041898012161255 0.3157058656215668
0.3051064610481262 0.31564396619796753
0.3051304519176483 0.3192138373851776
0.3126693367958069 0.3152313828468323
0.30294331908226013 0.31637218594551086
0.30429044365882874 0.3111509680747986
0.30419081449508667 0.31741926074028015
0.3054625988006592 0.3126058876514435
0.31614917516708374 0.3133516311645508
0.30401724576950073 0.31353121995925903
0.30464643239974976 0.3140207827091217
0.3038409948348999 0.32291051745414734
0.3044661581516266 0.31529831886291504
0.3046381175518036 0.3158567249774933
0.3039512038230896 0.3147725760936737
0.3041859269142151 0.3157862722873688
0.30403298139572144 0.3133920133113861
0.30337661504745483 0.3282844126224518
0.30460840463638306 0.3142031133174896
0.3040333688259125 0.3294215798377991
0.3033650815486908 0.3204156458377838
0.3039734363555908 0.342803031206131
0.3031860291957855 0.33934229612350464
0.3040893077850342 0.31905072927474976
0.30312344431877136 0.31666773557662964
0.303245484828949 0.32145485281944275
0.3025975227355957 0.3158944845199585
0.30230438709259033 0.3135935068130493
0.30261319875717163 0.3117516040802002
0.30394113063812256 0.3118442893028259
0.3030836284160614 0.3201715052127838
0.3029850721359253 0.31072789430618286
0.3038046658039093 0.32073134183883667
0.30284231901168823 0.30923810601234436
0.3025175929069519 0.31668487191200256
0.3020574152469635 0.311929315328598
0.30333855748176575 0.3214772939682007
0.304359495639801 0.309171587228775
0.30259832739830017 0.308908075094223
0.3035365045070648 0.34253934025764465
0.3027813732624054 0.3226815164089203
0.3019630014896393 0.31422245502471924
0.30318015813827515 0.3141022026538849
0.302018404006958 0.31441253423690796
0.30227699875831604 0.3130524158477783
0.30282288789749146 0.32975998520851135
0.30187737941741943 0.32295122742652893
0.30266544222831726 0.31167522072792053
0.3016124963760376 0.3167766332626343
0.3028874099254608 0.31704476475715637
0.3026391565799713 0.31969693303108215
0.30279478430747986 0.31833136081695557
0.3014889657497406 0.3189757168292999
0.30254441499710083 0.31712836027145386
0.30240851640701294 0.31453514099121094
0.30275455117225647 0.31643515825271606
0.30150482058525085 0.31899091601371765
0.30097880959510803 0.3116317391395569
0.3013705313205719 0.3262571394443512
0.3016792833805084 0.3172423243522644
0.3011617660522461 0.3237892985343933
0.40047863125801086 0.4673984944820404
0.4185996353626251 0.4056880474090576
0.39125072956085205 0.3877590298652649
0.3803567886352539 0.3767494261264801
0.37117999792099 0.3550386428833008
0.36534205079078674 0.3843255937099457
0.364547461271286 0.3780321776866913
0.36141759157180786 0.351901113986969
0.35774165391921997 0.3699065148830414
0.3563779294490814 0.36258044838905334
0.3554449677467346 0.35776954889297485
0.35182324051856995 0.3472086787223816
0.35143575072288513 0.3547872006893158
0.3513258397579193 0.37238809466362
0.3516620695590973 0.3864872455596924
0.347385972738266 0.3957260549068451
0.34665700793266296 0.3476603329181671
0.3444260060787201 0.3592858612537384
0.34300804138183594 0.3466198146343231
0.340878427028656 0.3423914611339569
0.33985358476638794 0.3463717997074127
0.33879074454307556 0.3371320962905884
0.33870723843574524 0.3472079932689667
0.3381211459636688 0.34137240052223206
0.33759063482284546 0.34354183077812195
0.3359582722187042 0.3687419891357422
0.3348703682422638 0.33698177337646484
0.33435875177383423 0.3344722092151642
0.3338598310947418 0.32975009083747864
0.3344348669052124 0.33170878887176514
0.33366113901138306 0.3477141559123993
0.33129605650901794 0.3326471745967865
0.3324175775051117 0.3478943109512329
0.3315882086753845 0.3375988304615021
0.4650368392467499 0.38708439469337463
0.3747514486312866 0.4020654559135437
0.36037033796310425 0.36541393399238586
0.3527514636516571 0.3801090717315674
0.34757325053215027 0.3479267954826355
0.34461694955825806 0.34305378794670105
0.3427579700946808 0.34977009892463684
0.34209179878234863 0.3433375358581543
0.338996946811676 0.35389742255210876
0.3385566473007202 0.3413177728652954
0.33687835931777954 0.3448821008205414
0.3346480131149292 0.3341182768344879
0.33340150117874146 0.3585599958896637
0.33325499296188354 0.3324958384037018
0.3331378102302551 0.3402273952960968
0.33542078733444214 0.3342110812664032
0.32978555560112 0.33001428842544556
0.3312288820743561 0.33385613560676575
0.3315197229385376 0.3445725739002228
0.33041638135910034 0.3369182050228119
0.32975053787231445 0.34038078784942627
0.3302997946739197 0.3432631194591522
0.3289693295955658 0.3323456943035126
0.32806453108787537 0.3347930610179901
0.3279074728488922 0.344675213098526
0.32587504386901855 0.33300158381462097
0.3264508545398712 0.3290616571903229
0.32458844780921936 0.33336585760116577
0.3241446614265442 0.3263619542121887
0.3239581286907196 0.32643723487854004
0.3233787417411804 0.3251654803752899
0.3237113356590271 0.3245314359664917
0.3216743469238281 0.32796645164489746
0.32118356227874756 0.3414802551269531
0.32486456632614136 0.3521149456501007
0.32413604855537415 0.33102577924728394
0.32282981276512146 0.32302141189575195
0.32170894742012024 0.3227830231189728
0.3207548260688782 0.3530712127685547
0.32002702355384827 0.3219168782234192
0.31969544291496277 0.3312474191188812
0.3196260631084442 0.4023652672767639
0.31917139887809753 0.3201138973236084
0.31964606046676636 0.3485904932022095
0.3188423812389374 0.32356539368629456
0.3184938132762909 0.3534332513809204
0.31851881742477417 0.34101036190986633
0.31901034712791443 0.32064685225486755
0.3176038861274719 0.31624293327331543
0.3172760605812073 0.3258900046348572
0.3165513873100281 0.3173098862171173
0.31684964895248413 0.3224583566188812
0.31746602058410645 0.3196623921394348
0.3170291483402252 0.3247085213661194
