1.4821494817733765 1.487106442451477
0.9719464182853699 0.7228001356124878
0.472327321767807 0.42405346035957336
0.37562763690948486 0.3382304906845093
0.32162171602249146 0.31506428122520447
0.2997269332408905 0.3196130394935608
0.287386029958725 0.31642571091651917
0.27563369274139404 0.2816958427429199
0.2665480971336365 0.28084638714790344
0.2598467767238617 0.2634759247303009
0.25414180755615234 0.26435548067092896
0.24815410375595093 0.25254693627357483
0.2417420893907547 0.2809774577617645
0.2347334623336792 0.2402992993593216
0.22734522819519043 0.2272184193134308
0.21999967098236084 0.2285405844449997
0.2160869538784027 0.2234485149383545
0.2091035395860672 0.21672788262367249
0.20640616118907928 0.2115599811077118
0.20380669832229614 0.22491337358951569
0.1986609399318695 0.207611545920372
0.1944146454334259 0.20472535490989685
0.1910119652748108 0.1966307908296585
0.19061805307865143 0.1963300108909607
0.1871928721666336 0.18932482600212097
0.18305949866771698 0.2086770087480545
0.18255949020385742 0.19877879321575165
0.18096645176410675 0.17875735461711884
0.1792171150445938 0.2045033574104309
0.17672286927700043 0.17575059831142426
0.17557577788829803 0.1856309324502945
0.1751648187637329 0.17167417705059052
0.1723776012659073 0.17846423387527466
0.17173080146312714 0.429104208946228
0.1713191717863083 0.167430579662323
0.16786985099315643 0.22094868123531342
0.16865913569927216 0.1691698282957077
0.16768933832645416 0.16779223084449768
0.1657160371541977 0.23504963517189026
0.1642499715089798 0.17208097875118256
0.16640721261501312 0.19049474596977234
0.1640091985464096 0.1932324469089508
0.1628829389810562 0.1776656061410904
0.16278775036334991 0.16233721375465393
0.15971383452415466 0.1658760905265808
0.1603790521621704 0.26088500022888184
0.1583281010389328 0.33983731269836426
0.157972514629364 0.16147492825984955
0.15649022161960602 0.1591358780860901
0.157363623380661 0.1672227382659912
0.15569843351840973 0.15666291117668152
0.15485325455665588 0.1770491749048233
0.15559864044189453 0.16233806312084198
0.15483522415161133 0.1557205468416214
0.15562084317207336 0.24454186856746674
0.15379449725151062 0.15794561803340912
0.15166376531124115 0.15607088804244995
0.15212374925613403 0.16220958530902863
0.15179955959320068 0.17304201424121857
0.1517389863729477 0.16198846697807312
0.15156851708889008 0.16225019097328186
0.1520000696182251 0.1787206381559372
0.14990739524364471 0.1504087597131729
0.14827881753444672 0.1723356395959854
0.15034669637680054 0.17575624585151672
0.14850200712680817 0.14983782172203064
0.14791518449783325 0.15655235946178436
0.14586332440376282 0.14673194289207458
0.14639787375926971 0.15776249766349792
0.1470753252506256 0.16775742173194885
0.14524202048778534 0.15047965943813324
0.14584560692310333 0.15116488933563232
0.1460997611284256 0.15476536750793457
0.14564579725265503 0.15055757761001587
0.14446106553077698 0.16293294727802277
0.14565466344356537 0.14824748039245605
0.14441604912281036 0.15042948722839355
0.14538873732089996 0.15196627378463745
0.14294473826885223 0.1609736979007721
0.14229127764701843 0.1430937945842743
0.14441637694835663 0.15680544078350067
0.14272572100162506 0.15798702836036682
0.14235708117485046 0.14539121091365814
0.1420230120420456 0.14920490980148315
0.14200067520141602 0.15126647055149078
0.14204007387161255 0.14693622291088104
0.14157406985759735 0.14888322353363037
0.14273039996623993 0.15928754210472107
0.13990360498428345 0.1392357498407364
0.13927105069160461 0.15521930158138275
0.13883046805858612 0.1549612134695053
0.13971753418445587 0.1481049507856369
0.13869509100914001 0.15489590167999268
0.13902872800827026 0.164711132645607
0.13903409242630005 0.14219656586647034
0.13788601756095886 0.1516055315732956
0.1381431221961975 0.1633611023426056
0.1383553296327591 0.15372657775878906
0.13670022785663605 0.13763092458248138
0.13747690618038177 0.15257637202739716
0.13770343363285065 0.13521119952201843
0.13489285111427307 0.19545766711235046
0.13681644201278687 0.14408595860004425
0.1363973468542099 0.1379239559173584
0.1356332153081894 0.14503303170204163
0.13647904992103577 0.19351358711719513
0.1360868513584137 0.139849454164505
0.13595488667488098 0.15481559932231903
0.13439606130123138 0.143865704536438
0.1337500810623169 0.14085513353347778
0.13332408666610718 0.14308731257915497
0.13465167582035065 0.13376639783382416
0.13394472002983093 0.2172595113515854
0.13283924758434296 0.13868902623653412
0.13311360776424408 0.13377395272254944
0.1340528279542923 0.14989608526229858
0.13189907371997833 0.1541769802570343
0.13330887258052826 0.13638220727443695
0.13111762702465057 0.15166938304901123
0.1309102177619934 0.13703516125679016
0.13095340132713318 0.1280413568019867
0.1308399736881256 0.19881868362426758
0.13133414089679718 0.13533169031143188
0.1304314285516739 0.12984633445739746
0.13048511743545532 0.14251692593097687
0.13093075156211853 0.13470473885536194
0.12908408045768738 0.1399393379688263
0.13074009120464325 0.14721718430519104
0.13066232204437256 0.13809387385845184
0.1286258101463318 0.14552085101604462
0.1294134557247162 0.13510189950466156
0.12927740812301636 0.162774920463562
0.12817935645580292 0.13036486506462097
0.12935565412044525 0.13918547332286835
0.12896044552326202 0.15103895962238312
0.12724968791007996 0.13255800306797028
0.1272667795419693 0.1369677037000656
0.1271083801984787 0.15088775753974915
0.12805159389972687 0.13354577124118805
0.12659524381160736 0.14075885713100433
0.12715508043766022 0.1632416844367981
0.12577462196350098 0.14283116161823273
0.12549112737178802 0.12989313900470734
0.12602290511131287 0.13173413276672363
0.12610647082328796 0.13028749823570251
0.12587718665599823 0.1351999193429947
0.12570452690124512 0.1259775161743164
0.1257280707359314 0.1476898491382599
0.12478979676961899 0.18087732791900635
0.12528587877750397 0.15039321780204773
0.124563068151474 0.13887891173362732
0.12562689185142517 0.16557741165161133
0.12372445315122604 0.13366104662418365
0.1232231855392456 0.17493315041065216
0.12374532967805862 0.12382397055625916
0.12364332377910614 0.1393270045518875
0.12406349927186966 0.12418486177921295
0.12325876951217651 0.13277584314346313
0.12341386824846268 0.14013470709323883
0.12369053065776825 0.13458210229873657
0.12239187955856323 0.12726081907749176
0.12154592573642731 0.12271009385585785
0.12320192158222198 0.12140193581581116
0.1210690438747406 0.15532201528549194
0.12271808832883835 0.13014136254787445
0.12182669341564178 0.14031852781772614
0.12231486290693283 0.14986561238765717
0.12104707211256027 0.12844792008399963
0.12167822569608688 0.1290159970521927
0.12243303656578064 0.19926871359348297
0.12115181982517242 0.14161622524261475
0.12099277228116989 0.1244625598192215
0.12021268904209137 0.13052457571029663
0.119800865650177 0.12699662148952484
0.12019461393356323 0.1380954533815384
0.12023787945508957 0.13835163414478302
0.11994325369596481 0.1687890589237213
0.12020711600780487 0.12023469060659409
0.12018251419067383 0.14326930046081543
0.11992227286100388 0.1239481270313263
0.11969050765037537 0.1592586487531662
0.11871805787086487 0.11874135583639145
0.11909111589193344 0.12319649010896683
0.11954975128173828 0.12853793799877167
0.11936080455780029 0.1295986920595169
0.118392214179039 0.13633112609386444
0.11925999820232391 0.13228614628314972
0.11878341436386108 0.11890928447246552
0.11875699460506439 0.1375298947095871
0.11786273121833801 0.13399285078048706
0.11771640181541443 0.12225505709648132
0.11777572333812714 0.11959166079759598
0.1177082359790802 0.12367283552885056
0.11951319128274918 0.14517265558242798
0.11767230927944183 0.11671025305986404
0.11709877103567123 0.13007688522338867
0.11790939420461655 0.123822420835495
0.11718647927045822 0.12471141666173935
0.11742471903562546 0.1287999302148819
0.11673261225223541 0.15050910413265228
0.1176246702671051 0.12434746325016022
0.1172783225774765 0.12374120950698853
0.116627998650074 0.13228514790534973
0.11778504401445389 0.1226569339632988
0.11729564517736435 0.19215305149555206
0.11571571975946426 0.13362425565719604
0.11614703387022018 0.1203262060880661
0.11540979146957397 0.14606156945228577
0.11583581566810608 0.13232429325580597
0.11553162336349487 0.12175361067056656
0.1152273640036583 0.13886065781116486
0.11555728316307068 0.1230381652712822
0.11502586305141449 0.11914049088954926
0.11491169035434723 0.12284202873706818
0.11530596017837524 0.11598304659128189
0.11431635916233063 0.12199793756008148
0.11523821949958801 0.14515496790409088
0.11459450423717499 0.12193769216537476
0.11461770534515381 0.14931215345859528
0.1135735958814621 0.14164163172245026
0.11355745792388916 0.11670295894145966
0.11452651768922806 0.11270420998334885
0.1132785975933075 0.11997435986995697
0.11540243029594421 0.12054232507944107
0.11419320851564407 0.14602649211883545
0.11452899128198624 0.12645481526851654
0.1127040833234787 0.11986460536718369
0.11347486078739166 0.13168711960315704
0.11389409750699997 0.12325937300920486
0.11383374780416489 0.11477977782487869
0.11239266395568848 0.11783238500356674
0.11270320415496826 0.13470730185508728
0.11259574443101883 0.1521492302417755
0.11307895928621292 0.11366315931081772
0.11337961256504059 0.11902078986167908
0.11286094039678574 0.12071321904659271
0.11254800111055374 0.1266084909439087
0.11209940910339355 0.11554154008626938
0.11319249123334885 0.14574147760868073
0.11219140887260437 0.11638449877500534
0.1117829978466034 0.22769609093666077
0.11242324858903885 0.1118304505944252
0.1114979088306427 0.1258615404367447
0.11187149584293365 0.12018301337957382
0.1122206449508667 0.19621984660625458
0.11126460880041122 0.13351042568683624
0.1123734638094902 0.15049977600574493
0.11163387447595596 0.11403202265501022
0.11200679838657379 0.13572154939174652
0.1109599769115448 0.1163182407617569
0.11181487143039703 0.11192263662815094
0.11061035096645355 0.10920922458171844
0.1109752431511879 0.12694205343723297
0.11067640036344528 0.11740818619728088
0.11138559132814407 0.11234057694673538
0.11044593155384064 0.11487457901239395
0.11083003878593445 0.11834203451871872
0.11137498170137405 0.10991503298282623
0.1110491082072258 0.11748170852661133
0.10991249978542328 0.19974163174629211
0.1107613742351532 0.1135372593998909
0.11110386252403259 0.12061914056539536
0.10931121557950974 0.11338631063699722
0.11110334098339081 0.12288718670606613
0.11034899204969406 0.11333689093589783
0.11001113057136536 0.11524906009435654
0.10977448523044586 0.11755801737308502
0.10974624007940292 0.12004482746124268
0.10950662940740585 0.17076066136360168
0.10982941091060638 0.11444678902626038
0.10958468914031982 0.11221982538700104
0.10990778356790543 0.12230031192302704
0.10966280847787857 0.11316082626581192
0.11030513793230057 0.12425435334444046
0.10914503037929535 0.11264759302139282
0.10962757468223572 0.11760842055082321
0.10938595235347748 0.12082066386938095
0.10903027653694153 0.11559649556875229
0.10884784907102585 0.11105740070343018
0.11005188524723053 0.1325901299715042
0.10823767632246017 0.1347837597131729
0.10931069403886795 0.15989649295806885
0.10924394428730011 0.11115899682044983
0.10986259579658508 0.11676537245512009
0.10862427204847336 0.11395905911922455
0.10835220664739609 0.11396294832229614
0.10824127495288849 0.13892613351345062
0.10917604714632034 0.13051971793174744
0.10827341675758362 0.11140520870685577
0.1082906424999237 0.13684490323066711
0.10841813683509827 0.11437633633613586
0.10819756984710693 0.16411855816841125
0.10967668145895004 0.12371106445789337
0.10985714942216873 0.11205103993415833
0.10835333913564682 0.12349113076925278
0.10851683467626572 0.12183503806591034
0.10983610153198242 0.11744634807109833
0.10756120085716248 0.11492668837308884
0.10883951187133789 0.11496414989233017
0.10716764628887177 0.12291420251131058
0.10828892141580582 0.11205480247735977
0.10975472629070282 0.10960861295461655
0.10821272432804108 0.14531183242797852
0.10733330249786377 0.11303544789552689
0.10802413523197174 0.16117721796035767
0.10672867298126221 0.11154072731733322
0.10753776878118515 0.12293145060539246
0.10693028569221497 0.10890763998031616
0.10739879310131073 0.11022385209798813
0.10806690901517868 0.1155649721622467
0.1084974855184555 0.11609520763158798
0.10705003887414932 0.12539774179458618
0.1067177951335907 0.11185086518526077
0.10728468000888824 0.11339344829320908
0.1073237881064415 0.11996979266405106
0.107917919754982 0.10782069712877274
0.10623512417078018 0.11871305108070374
0.10706129670143127 0.13093264400959015
0.10709187388420105 0.12200233340263367
0.10649657249450684 0.11585047096014023
0.10725953429937363 0.11220727860927582
0.10648984462022781 0.11101118475198746
0.10698779672384262 0.10964618623256683
0.10695617645978928 0.11002838611602783
0.10709758847951889 0.11999733746051788
0.10576356202363968 0.14344608783721924
0.10697561502456665 0.11454186588525772
0.1062050387263298 0.12080609053373337
0.10639195144176483 0.12614426016807556
0.10655387490987778 0.11096552014350891
0.10645267367362976 0.1110985279083252
0.10629094392061234 0.12015509605407715
0.10574372857809067 0.13913391530513763
0.10682321339845657 0.10675346851348877
0.10591103881597519 0.11096915602684021
0.10612892359495163 0.11880816519260406
0.10568547993898392 0.10970037430524826
0.10619315505027771 0.11827079206705093
0.105680912733078 0.1111208125948906
0.10601308196783066 0.11184434592723846
0.10680755227804184 0.11503250896930695
0.10508361458778381 0.11695731431245804
0.10629375278949738 0.1212092712521553
0.10615532845258713 0.11645869165658951
0.10549739003181458 0.12162922322750092
0.10608862340450287 0.11219391971826553
0.10534702241420746 0.10660824924707413
0.10579584538936615 0.12481807917356491
0.10563745349645615 0.11175794154405594
0.10497060418128967 0.13364849984645844
0.10481389611959457 0.11042272299528122
0.10539329051971436 0.10744728893041611
0.1052260622382164 0.1153668612241745
0.10492819547653198 0.11248832941055298
0.10512245446443558 0.13193893432617188
0.10463877022266388 0.1428745537996292
0.10519103705883026 0.10872913897037506
0.10518673062324524 0.11177068948745728
0.10505277663469315 0.11393775045871735
0.1049739271402359 0.10827822238206863
0.10484573990106583 0.1092749536037445
0.10465025156736374 0.11537382006645203
0.10467375814914703 0.11565417051315308
0.10405884683132172 0.11953387409448624
0.10559617727994919 0.12490122765302658
0.10489990562200546 0.1186041608452797
0.10507342964410782 0.13001102209091187
0.10460501909255981 0.13028551638126373
0.10396499931812286 0.10929612070322037
0.10416585206985474 0.12392213195562363
0.1028905063867569 0.10590521991252899
0.10261839628219604 0.11103848367929459
0.10425068438053131 0.11714575439691544
0.10352833569049835 0.1107940599322319
0.10507448017597198 0.11553994566202164
0.10359755158424377 0.11416207998991013
0.10348493605852127 0.11981699615716934
0.10339842736721039 0.1112930104136467
0.10421357303857803 0.12894368171691895
0.10326908528804779 0.11200875788927078
0.10374351590871811 0.10458464175462723
0.10339906811714172 0.12072652578353882
0.10435070842504501 0.11557145416736603
0.10514754056930542 0.10881292819976807
0.10437558591365814 0.14486312866210938
0.10253846645355225 0.10917586088180542
0.10364668071269989 0.10661095380783081
0.10385487228631973 0.10768461972475052
0.10361561179161072 0.10856202244758606
0.10392273217439651 0.10926622152328491
0.10328704863786697 0.1312725841999054
0.10353885591030121 0.10578398406505585
0.1047409251332283 0.1269465684890747
0.10317026078701019 0.11209675669670105
0.10319807380437851 0.10824590176343918
0.10258793830871582 0.10894662886857986
0.10180754959583282 0.11155291646718979
0.10392443835735321 0.11281522363424301
0.10242407023906708 0.10589073598384857
0.10265592485666275 0.11971626430749893
0.10180061310529709 0.1063801720738411
0.10460879653692245 0.10846716910600662
0.10193227231502533 0.10971371084451675
0.10294503718614578 0.11266999691724777
0.10267142951488495 0.10708535462617874
0.10248075425624847 0.10734912753105164
0.1034737378358841 0.10669850558042526
0.10213374346494675 0.10674917697906494
0.10293301194906235 0.11259268969297409
0.10281989723443985 0.11517999321222305
0.1023358479142189 0.10654468089342117
0.1022462546825409 0.13214005529880524
0.10247054696083069 0.11129122227430344
0.10220140963792801 0.15548759698867798
0.10203125327825546 0.107392318546772
0.10335825383663177 0.11136594414710999
0.10215319693088531 0.10605500638484955
0.10279456526041031 0.12480702996253967
0.1014966294169426 0.10895633697509766
0.1024295911192894 0.11095621436834335
0.10129541158676147 0.10635901987552643
0.10205429792404175 0.10675861686468124
0.10168208926916122 0.11782929301261902
0.10277913510799408 0.13557566702365875
0.10245812684297562 0.10370506346225739
0.10122253000736237 0.11393909156322479
0.10117660462856293 0.13272199034690857
0.10219580680131912 0.11138603836297989
0.10206203907728195 0.12009083479642868
0.10221856087446213 0.11407893896102905
0.10094278305768967 0.10503820329904556
0.10189296305179596 0.1552126407623291
0.1011115089058876 0.12667474150657654
0.10162021964788437 0.12287741899490356
0.10040304064750671 0.10792333632707596
0.10221361368894577 0.11145497113466263
0.10124949365854263 0.1581561416387558
0.10182748734951019 0.12343959510326385
0.10183562338352203 0.10947056859731674
0.10038237273693085 0.10562422126531601
0.10118110477924347 0.14833377301692963
0.10176783800125122 0.10607045143842697
0.10151664912700653 0.1042824313044548
0.10076650232076645 0.10971380025148392
0.10075124353170395 0.11592350155115128
0.10000245273113251 0.10259762406349182
0.10135871917009354 0.10630316287279129
0.10025034099817276 0.13391293585300446
0.10212404280900955 0.11901426315307617
0.10089695453643799 0.1185617595911026
0.1008203849196434 0.11122781783342361
0.10029038786888123 0.1277083307504654
0.10057985782623291 0.11044576019048691
0.09971942007541656 0.1137654259800911
0.10117511451244354 0.10552900284528732
0.1012125015258789 0.10487321764230728
0.10046441853046417 0.1289847195148468
0.10123226791620255 0.10430510342121124
0.10029765218496323 0.12036916613578796
0.10062893480062485 0.10811545699834824
0.10088883340358734 0.10336243361234665
0.1003892570734024 0.11241267621517181
0.09936884790658951 0.1437690109014511
0.10111638158559799 0.1636403203010559
0.09992028772830963 0.10392012447118759
0.10081436485052109 0.11120457202196121
0.10040637105703354 0.11038398742675781
0.10164929926395416 0.11209604889154434
0.10026396811008453 0.10521101206541061
0.1002330556511879 0.11325512081384659
0.10069096833467484 0.11193978786468506
0.1006937026977539 0.12317664176225662
0.10001944750547409 0.10498790442943573
0.1004081517457962 0.11669957637786865
0.10004997998476028 0.11297344416379929
0.10095652937889099 0.11026530712842941
0.09981077909469604 0.109555184841156
0.0997815728187561 0.12113634496927261
0.09921285510063171 0.11810065060853958
0.10025777667760849 0.10876975208520889
0.09962721914052963 0.10684961825609207
0.10071621835231781 0.1365753412246704
0.09944423288106918 0.10629213601350784
0.10033878684043884 0.11012700945138931
0.09974402189254761 0.10420584678649902
0.09933183342218399 0.12766355276107788
0.09958776086568832 0.1142735481262207
0.09963567554950714 0.11142079532146454
0.10018912702798843 0.10627415776252747
0.1003827229142189 0.1150200292468071
0.1002485379576683 0.10344451665878296
0.09923695027828217 0.11020588874816895
0.09938430041074753 0.10443907231092453
0.09959601610898972 0.11865335702896118
0.09972210228443146 0.10560400038957596
0.09958816319704056 0.10873552411794662
0.10034655034542084 0.1318921446800232
0.09920680522918701 0.10836347937583923
0.09993845224380493 0.10847204178571701
0.09963740408420563 0.13559481501579285
0.09975999593734741 0.10420586168766022
0.09905330091714859 0.10376019030809402
0.10026714950799942 0.11445721238851547
0.09845706820487976 0.10988172888755798
0.09913840144872665 0.11093036085367203
0.09937817603349686 0.10299082100391388
0.09964747726917267 0.11563936620950699
0.09884094446897507 0.11492831259965897
0.0985102728009224 0.10973160713911057
0.09874404221773148 0.10532037168741226
0.0986216738820076 0.10716746002435684
0.09893656522035599 0.10286498069763184
0.09914765506982803 0.11106991022825241
0.09853203594684601 0.11861646920442581
0.09810119867324829 0.10673362761735916
0.09876339882612228 0.11067739874124527
0.09869663417339325 0.12778131663799286
0.0985671877861023 0.10157856345176697
0.0987207219004631 0.1115863099694252
0.09831089526414871 0.11809004843235016
0.09887044876813889 0.11397267132997513
0.09861073642969131 0.1209789514541626
0.09813226759433746 0.11683651804924011
0.09920071065425873 0.1251499205827713
0.09843411296606064 0.1190451979637146
0.09910407662391663 0.13458774983882904
0.09916211664676666 0.10802776366472244
0.09788478165864944 0.1218404546380043
0.09951364248991013 0.10527438670396805
0.09787490963935852 0.10415539145469666
0.09919150918722153 0.11630729585886002
0.09862767904996872 0.10852021723985672
0.09907945990562439 0.10370486974716187
0.09882242977619171 0.10576458275318146
0.09719116985797882 0.1059538945555687
0.0983208566904068 0.13475562632083893
0.09821595996618271 0.11527391523122787
0.09847413003444672 0.11884035170078278
0.0987178385257721 0.12455722689628601
0.09861020743846893 0.10483983904123306
0.09791664034128189 0.10195460170507431
0.09798937290906906 0.10467376559972763
0.09818378835916519 0.11681131273508072
0.09726601839065552 0.11015211045742035
0.0986071452498436 0.11939573287963867
0.09802021831274033 0.14571191370487213
0.0985889807343483 0.12520484626293182
0.09758210927248001 0.10591544955968857
0.09778612852096558 0.10207397490739822
0.09863591939210892 0.10932005196809769
0.09758520126342773 0.10172203183174133
0.09795377403497696 0.10584218800067902
0.09805357456207275 0.10792671144008636
0.09813766926527023 0.1078888326883316
0.09834259003400803 0.10392549633979797
0.0970480740070343 0.12063127011060715
0.0981631651520729 0.10890918970108032
0.09785507619380951 0.10953409969806671
0.0974932387471199 0.1053026095032692
0.09876449406147003 0.10579641163349152
0.09785649180412292 0.11154013127088547
0.09757617115974426 0.1002071350812912
0.09841048717498779 0.19213855266571045
0.0976930633187294 0.1139175146818161
0.09713570028543472 0.10557714104652405
0.09723026305437088 0.10860874503850937
0.09707485884428024 0.11778763681650162
0.097811758518219 0.10622937232255936
0.09710156917572021 0.10557679086923599
0.09768738597631454 0.11197938024997711
0.09704571962356567 0.13637955486774445
0.0987781211733818 0.10506656765937805
0.097625233232975 0.10916431248188019
0.09804652631282806 0.10392841696739197
0.09803188592195511 0.1296529769897461
0.09705078601837158 0.10960773378610611
0.09763185679912567 0.11109452694654465
0.09776737540960312 0.10986007750034332
0.09686566889286041 0.11518371105194092
0.09711293131113052 0.13372395932674408
0.0969761461019516 0.10899053514003754
0.09751749038696289 0.10172838717699051
0.09699302911758423 0.11449213325977325
0.09721445292234421 0.13652673363685608
0.09741044789552689 0.14721518754959106
0.0968034565448761 0.1211845874786377
0.09731359034776688 0.10535089671611786
0.09575644135475159 0.10717448592185974
0.09678265452384949 0.10653989762067795
0.09687148034572601 0.10291370749473572
0.09781297296285629 0.10283862054347992
0.09724566340446472 0.107068732380867
0.0958109050989151 0.1033502072095871
0.0969277173280716 0.10813402384519577
0.09621778130531311 0.23947179317474365
0.09682654589414597 0.10945098847150803
0.0964081808924675 0.10191655904054642
0.09724177420139313 0.1032482460141182
0.09660706669092178 0.11303963512182236
0.09749951958656311 0.10776539891958237
0.09632127732038498 0.10493367910385132
0.0959993228316307 0.1162775382399559
0.09664083272218704 0.13029545545578003
0.09751728177070618 0.10550696402788162
0.09688632935285568 0.10530311614274979
0.09612255543470383 0.12482557445764542
0.09654229134321213 0.10263677686452866
0.09656651318073273 0.12948955595493317
0.09655801206827164 0.12805472314357758
0.09678487479686737 0.10855459421873093
0.09611863642930984 0.10179129987955093
0.09609661996364594 0.10709913820028305
0.09637871384620667 0.11490843445062637
0.09681118279695511 0.11826707422733307
0.09623808413743973 0.102956123650074
0.09808623045682907 0.13437679409980774
0.09634270519018173 0.10126049816608429
0.09624078124761581 0.10417456924915314
0.09654490649700165 0.10465876758098602
0.09602276980876923 0.10029251128435135
0.09697795659303665 0.10995805263519287
0.09659793227910995 0.10036265105009079
0.0965365469455719 0.1009027361869812
0.09666166454553604 0.10726416110992432
0.09662022441625595 0.10503740608692169
0.09607280790805817 0.10861944407224655
0.09654811769723892 0.10823040455579758
0.09631071239709854 0.1043463721871376
0.0969817042350769 0.13451635837554932
0.09563237428665161 0.10422471165657043
0.09627040475606918 0.10319999605417252
0.09700240194797516 0.10164402425289154
0.09553661942481995 0.12722162902355194
0.09657563269138336 0.1088743731379509
0.09596831351518631 0.10732735693454742
0.09599226713180542 0.10525768995285034
0.09645608812570572 0.10359223186969757
0.09611010551452637 0.12852582335472107
0.09595660120248795 0.12263254076242447
0.0964779481291771 0.12494403123855591
0.09674866497516632 0.10829512774944305
0.09611282497644424 0.11450547724962234
0.0959760770201683 0.10774055868387222
0.09557024389505386 0.10605695098638535
0.09595541656017303 0.12055174261331558
0.09593765437602997 0.10127635300159454
0.09652774035930634 0.11368539184331894
0.09551338851451874 0.10367407649755478
0.09596623480319977 0.11328552663326263
0.0948415994644165 0.11388479918241501
0.09540950506925583 0.10266272723674774
0.09571509063243866 0.10131305456161499
0.09565567225217819 0.0995994284749031
0.09504728764295578 0.13393719494342804
0.09590938687324524 0.09985434263944626
0.0949857160449028 0.1076037585735321
0.09585519134998322 0.10299748927354813
0.095555379986763 0.10379717499017715
0.09517284482717514 0.1058649867773056
0.09620790928602219 0.14919574558734894
0.09604426473379135 0.10919535160064697
0.09550296515226364 0.1028187945485115
0.09590750932693481 0.10206183046102524
0.0955285131931305 0.11732961982488632
0.09563559293746948 0.10561522841453552
0.09479214251041412 0.1005953922867775
0.09563866257667542 0.10208494961261749
0.09514722973108292 0.1216445341706276
0.09586223214864731 0.10032080113887787
0.09595384448766708 0.10551544278860092
0.09602411091327667 0.13784347474575043
0.09486906230449677 0.10479772835969925
0.0959319919347763 0.11850617080926895
0.0952378362417221 0.1823870688676834
0.09623688459396362 0.10219978541135788
0.09471172839403152 0.12047463655471802
0.09481731802225113 0.11064502596855164
0.09490317851305008 0.10713030397891998
0.09612198919057846 0.10744631290435791
0.09537051618099213 0.10553194582462311
0.0954749807715416 0.10230553150177002
0.09598252922296524 0.11612052470445633
0.09553200751543045 0.0999721884727478
0.09560893476009369 0.10514555871486664
0.09509580582380295 0.1195635050535202
0.09512816369533539 0.10364682227373123
0.09406334906816483 0.10288392752408981
0.0944715291261673 0.1014862209558487
0.0957581102848053 0.10902838408946991
0.09422080218791962 0.10999032109975815
0.09541109204292297 0.1023755818605423
0.09457100927829742 0.11213479936122894
0.09454904496669769 0.10854614526033401
0.0941678062081337 0.10737032443284988
0.09472190588712692 0.11524330079555511
0.09486771374940872 0.10540773719549179
0.09560604393482208 0.10339432209730148
0.09497605264186859 0.11897414922714233
0.09524236619472504 0.11393538862466812
0.0958038717508316 0.10224651545286179
0.09510807693004608 0.10710208863019943
0.0939343050122261 0.12831716239452362
0.09439349919557571 0.10331995785236359
0.09478124231100082 0.10177507251501083
0.09470195323228836 0.11529653519392014
0.09451442956924438 0.1424989253282547
0.09591680020093918 0.10758029669523239
0.09413310885429382 0.1328040212392807
0.09464076906442642 0.10869287699460983
0.09525013715028763 0.10341472178697586
0.09430216252803802 0.10845845937728882
0.09389239549636841 0.10188683867454529
0.09411541372537613 0.11943751573562622
0.0941663384437561 0.10135456174612045
0.09469181299209595 0.1113552525639534
0.09414126724004745 0.1159096509218216
0.09440896660089493 0.10039477050304413
0.09384479373693466 0.10838967561721802
0.09416714310646057 0.10625427216291428
0.0939815416932106 0.10475589334964752
0.09430864453315735 0.13216900825500488
0.09418145567178726 0.10196090489625931
0.09381137043237686 0.15219759941101074
0.09401127696037292 0.14205525815486908
0.0945170447230339 0.09956998378038406
0.09422211349010468 0.1036556139588356
0.09498787671327591 0.10537847876548767
0.09420347213745117 0.10071448981761932
0.09423842281103134 0.10607047379016876
0.09396284818649292 0.10673120617866516
0.09477463364601135 0.1206679567694664
0.09363029152154922 0.1171417161822319
0.0941404178738594 0.1007179245352745
0.09475282579660416 0.10113003104925156
0.09344588220119476 0.09958986937999725
0.09390084445476532 0.11793942749500275
0.09487167745828629 0.1065455749630928
0.09379611909389496 0.10479537397623062
0.0947296991944313 0.12810304760932922
0.09429091960191727 0.10492587834596634
0.09371770173311234 0.10832666605710983
0.09427444636821747 0.0997636541724205
0.09452856332063675 0.1044890284538269
0.09373525530099869 0.10376957803964615
0.09461183100938797 0.10205691307783127
0.09386654943227768 0.1424509584903717
0.09381483495235443 0.10237637162208557
0.0933452770113945 0.12053956836462021
0.093769371509552 0.10410904139280319
0.09346214681863785 0.09942864626646042
0.09436913579702377 0.10576841980218887
0.09380029886960983 0.10748632997274399
0.09394848346710205 0.10472376644611359
0.09421137720346451 0.10286568105220795
0.09462584555149078 0.10114424675703049
0.09414546936750412 0.1175043061375618
0.09334851056337357 0.10591504722833633
0.09382996708154678 0.12941458821296692
0.09448552876710892 0.1196187362074852
0.09399775415658951 0.10403082519769669
0.09381761401891708 0.10897882282733917
0.09387598931789398 0.11111579835414886
0.0938010960817337 0.10623355209827423
0.0940384492278099 0.1087992787361145
0.09349865466356277 0.10755594819784164
0.09405782073736191 0.10056369751691818
0.09428617358207703 0.10053525120019913
0.09392726421356201 0.10385290533304214
0.09369270503520966 0.10733139514923096
0.09340103715658188 0.10083483159542084
0.09331036359071732 0.10047084093093872
0.09350080043077469 0.11407168209552765
0.09247098118066788 0.10290956497192383
0.0936891958117485 0.10712393373250961
0.0937783345580101 0.1214093342423439
0.09364020079374313 0.10133279114961624
0.09360643476247787 0.1029239073395729
0.09252917766571045 0.10411673784255981
0.09366185963153839 0.10706128180027008
0.09376168996095657 0.10142918676137924
0.09342540055513382 0.11178851872682571
0.0928586795926094 0.10704478621482849
0.09356702119112015 0.1324462890625
0.09385419636964798 0.13217923045158386
0.09345646947622299 0.1204880103468895
0.09326057136058807 0.11630381643772125
0.0938301607966423 0.13972826302051544
0.09322703629732132 0.09916040301322937
0.09346245974302292 0.1026531234383583
0.09318121522665024 0.10300229489803314
0.09314797073602676 0.11708729714155197
0.09379029273986816 0.11845637112855911
0.09374010562896729 0.10146892815828323
0.09327831864356995 0.10428578406572342
0.0931682288646698 0.10367168486118317
0.09379950165748596 0.10489941388368607
0.09314215928316116 0.10535316914319992
0.09286760538816452 0.1257365494966507
0.0934942439198494 0.1021651104092598
0.09289005398750305 0.10238988697528839
0.09356895089149475 0.09905068576335907
0.09280786663293839 0.10166037082672119
0.09438852965831757 0.11163204908370972
0.09301264584064484 0.10905955731868744
0.09399208426475525 0.10202166438102722
0.09230194985866547 0.10464748740196228
0.09331226348876953 0.10770342499017715
0.0937131941318512 0.1023082584142685
0.09363992512226105 0.10911888629198074
0.09227209538221359 0.10501561313867569
0.09294424951076508 0.10416457056999207
0.09375640004873276 0.09878835082054138
0.09290362149477005 0.12383722513914108
0.09375198930501938 0.13114790618419647
0.0927177146077156 0.10181033611297607
0.09249713271856308 0.11060351878404617
0.09332994371652603 0.10399633646011353
0.09402588754892349 0.10503558069467545
0.09258349984884262 0.1208856925368309
0.09297311305999756 0.1489320695400238
0.0940026268362999 0.12429499626159668
0.09233773499727249 0.11110236495733261
0.09410262107849121 0.12386514991521835
0.09321284294128418 0.14409139752388
0.09310588985681534 0.10061143338680267
0.09250839054584503 0.10257434099912643
0.092758409678936 0.09889029711484909
0.09273360669612885 0.11282140761613846
0.09251560270786285 0.11849181354045868
0.09311777353286743 0.09922276437282562
0.09350498765707016 0.10141206532716751
0.09336133301258087 0.10033159703016281
0.09246911108493805 0.12196830660104752
0.09225749224424362 0.10468028485774994
0.09333323687314987 0.10066959261894226
0.09273923188447952 0.16515082120895386
0.09270846098661423 0.11246100813150406
0.09248717874288559 0.10114791989326477
0.0926307663321495 0.10064368695020676
0.09341691434383392 0.11196156591176987
0.09250079840421677 0.1175289899110794
0.09298568964004517 0.1404338777065277
0.09271466732025146 0.11356496065855026
0.09221412241458893 0.10640811920166016
0.09401290863752365 0.1056789681315422
0.09242165088653564 0.10177191346883774
0.09243904054164886 0.10956830531358719
0.09245365113019943 0.10045603662729263
0.09241531044244766 0.123432956635952
0.09271277487277985 0.10617310553789139
0.09284280240535736 0.10793861746788025
0.0929076075553894 0.10142398625612259
0.09313368052244186 0.10068442672491074
0.09189479798078537 0.10280328243970871
0.09256964176893234 0.10662832856178284
0.09224840998649597 0.10254484415054321
0.09190786629915237 0.11719486117362976
0.0930931344628334 0.10175783187150955
0.09218458086252213 0.1043497771024704
0.09273580461740494 0.1108243465423584
0.09278984367847443 0.1048075407743454
0.09171348810195923 0.10501068830490112
0.09297498315572739 0.11374495178461075
0.09252095222473145 0.1259061098098755
0.09269936382770538 0.10306752473115921
0.09268303215503693 0.09947876632213593
0.09285645931959152 0.11392460018396378
0.09268756210803986 0.10145658254623413
0.0922626331448555 0.10698174685239792
0.0921793133020401 0.10108976811170578
0.09264915436506271 0.1189582347869873
0.0924529954791069 0.11936532706022263
0.09204191714525223 0.11844175308942795
0.09221908450126648 0.10205710679292679
0.09165691584348679 0.0994236022233963
0.09249736368656158 0.10023638606071472
0.09268868714570999 0.09939868003129959
0.09242590516805649 0.09883631020784378
0.09238113462924957 0.1106114462018013
0.09272459149360657 0.10492964088916779
0.0924685001373291 0.1054462119936943
0.09302219748497009 0.10073553025722504
0.09225929528474808 0.13133813440799713
0.09253830462694168 0.10062328726053238
0.09236913174390793 0.10751764476299286
0.09255141764879227 0.1519351750612259
0.09219051897525787 0.10022188723087311
0.09198173135519028 0.11942305415868759
0.09296922385692596 0.09973614662885666
0.09194059669971466 0.10267554223537445
0.09199266135692596 0.11045527458190918
0.09171298891305923 0.09946009516716003
0.09198419749736786 0.10358753055334091
0.09171129763126373 0.10540435463190079
0.09217997640371323 0.11509839445352554
0.09232883155345917 0.10795813053846359
0.0920824334025383 0.10903320461511612
0.0928877592086792 0.11257800459861755
0.09190497547388077 0.14046618342399597
0.09224997460842133 0.1050434485077858
0.09206549823284149 0.10075422376394272
0.09187658876180649 0.10114816576242447
0.0916035994887352 0.11007490754127502
0.09194723516702652 0.12233369797468185
0.09268981218338013 0.11222941428422928
0.09195774793624878 0.10346542298793793
0.09235087782144547 0.10496026277542114
0.0917765200138092 0.13585743308067322
0.09153629094362259 0.11110064387321472
0.09172460436820984 0.1054903194308281
0.09224021434783936 0.10207372903823853
0.09214814752340317 0.09929865598678589
0.09203820675611496 0.11968568712472916
0.0921822041273117 0.10522929579019547
0.09194615483283997 0.10251997411251068
0.09193140268325806 0.09760889410972595
0.09153382480144501 0.10477510094642639
0.09172096848487854 0.10273142904043198
0.09186507761478424 0.11129194498062134
0.09143328666687012 0.10228361934423447
0.09138383716344833 0.10381124168634415
0.09213948249816895 0.09859632700681686
0.09245821088552475 0.09917796403169632
0.09140914678573608 0.14139844477176666
0.09169822931289673 0.11567845940589905
0.09213525801897049 0.10868282616138458
0.09195588529109955 0.09993108361959457
0.09240467101335526 0.1230483427643776
0.09134837985038757 0.09949813783168793
0.09203527122735977 0.10996633768081665
0.09259027987718582 0.10349703580141068
0.09084875881671906 0.1022968739271164
0.09285732358694077 0.09992917627096176
0.09164115786552429 0.10849110037088394
0.0917990580201149 0.102104052901268
0.09130457043647766 0.09993422776460648
0.09159868210554123 0.10508434474468231
0.09168436378240585 0.10075842589139938
0.0915510281920433 0.13513727486133575
0.09135586768388748 0.10035672038793564
0.09154729545116425 0.12863272428512573
0.09180750697851181 0.11242977529764175
0.09217625111341476 0.09714234620332718
0.09196531027555466 0.13050146400928497
0.09173475205898285 0.10060884058475494
0.0919184610247612 0.1041816771030426
0.0918736383318901 0.10335424542427063
0.0914108082652092 0.1014280617237091
0.0922694131731987 0.11334482580423355
0.09127462655305862 0.11143861711025238
0.09171376377344131 0.1128542348742485
0.09226254373788834 0.10154949873685837
0.09136251360177994 0.10889100283384323
0.09172007441520691 0.10691557079553604
0.09109827876091003 0.11117531359195709
0.09159029275178909 0.10631246864795685
0.09186773002147675 0.10637667775154114
0.0930507555603981 0.1052134558558464
0.09142469614744186 0.10248983651399612
0.0916345939040184 0.1082727462053299
0.09077437222003937 0.11513188481330872
0.09207303076982498 0.11103536933660507
0.09154224395751953 0.10430892556905746
0.0918167382478714 0.12446963787078857
0.0914754867553711 0.0979643166065216
0.09122347831726074 0.11006110161542892
0.09159035980701447 0.10001508891582489
0.0914662703871727 0.09770842641592026
0.09167899936437607 0.10366442799568176
0.09111437946557999 0.0994485542178154
0.092021144926548 0.10399709641933441
0.09183616191148758 0.09868507087230682
0.09164944291114807 0.10502653568983078
0.090851791203022 0.11689253151416779
0.09093165397644043 0.10646206140518188
0.09182756394147873 0.10028968751430511
0.09076149761676788 0.09990239888429642
0.09106098860502243 0.10295634716749191
0.09160227328538895 0.0999421700835228
0.09066219627857208 0.11314907670021057
0.09199083596467972 0.13354310393333435
0.09169141948223114 0.10555523633956909
0.09135176986455917 0.10461923480033875
0.09065189957618713 0.10419832170009613
0.09108487516641617 0.13769017159938812
0.0910368263721466 0.09655547887086868
0.09042837470769882 0.11187052726745605
0.09140162914991379 0.10138244181871414
0.09115923941135406 0.1425730288028717
0.09157517552375793 0.09899869561195374
0.09049885720014572 0.12000755965709686
0.09170734882354736 0.10209718346595764
0.09092073142528534 0.10037367790937424
0.0910436362028122 0.10738225281238556
0.09084174036979675 0.14363069832324982
0.09160064160823822 0.10405275225639343
0.09063991904258728 0.09769017994403839
0.09120146930217743 0.10152179002761841
0.09200628101825714 0.09802715480327606
0.09028179198503494 0.10684993118047714
