1.643553376197815 1.5377719402313232
1.496332049369812 1.5370359420776367
1.491934061050415 1.539262294769287
1.490146517753601 1.535258412361145
1.48968505859375 1.5347942113876343
1.4893760681152344 1.5344212055206299
1.4886274337768555 1.5344644784927368
1.4885644912719727 1.5360406637191772
1.488348126411438 1.538733959197998
1.4883135557174683 1.5358977317810059
1.4882140159606934 1.534354567527771
1.4880582094192505 1.535895824432373
1.4879900217056274 1.5354118347167969
1.4879341125488281 1.5344911813735962
1.4878747463226318 1.5344945192337036
1.4878817796707153 1.534364938735962
1.4876539707183838 1.5349730253219604
1.4876593351364136 1.5349003076553345
1.4877233505249023 1.5343563556671143
1.4877516031265259 1.5343132019042969
1.4877586364746094 1.5393561124801636
1.4876251220703125 1.5345669984817505
1.4877057075500488 1.534295916557312
1.4876024723052979 1.5347908735275269
1.4877442121505737 1.5343122482299805
1.487640142440796 1.534432291984558
1.4875874519348145 1.5344290733337402
1.4876843690872192 1.5343014001846313
1.4875450134277344 1.536185622215271
1.48760986328125 1.5342940092086792
1.4875417947769165 1.5353139638900757
1.4876117706298828 1.5343923568725586
1.487573504447937 1.5343822240829468
1.4874424934387207 1.5343304872512817
1.4875582456588745 1.5345035791397095
1.4876513481140137 1.5344990491867065
1.4874024391174316 1.5356119871139526
1.4875688552856445 1.5344696044921875
1.4875106811523438 1.5346500873565674
1.487518310546875 1.5351554155349731
1.4874709844589233 1.53438401222229
1.4875483512878418 1.5343072414398193
1.487414836883545 1.5351208448410034
1.4875420331954956 1.5343083143234253
1.4873799085617065 1.5342990159988403
1.4874054193496704 1.5369174480438232
1.4873299598693848 1.534928798675537
1.4873223304748535 1.5342934131622314
1.4873075485229492 1.5355064868927002
1.4873906373977661 1.5343495607376099
1.4873017072677612 1.5344517230987549
1.4873285293579102 1.5343514680862427
1.487299919128418 1.5343847274780273
1.4872965812683105 1.534875512123108
1.4873807430267334 1.5343258380889893
1.4873158931732178 1.5345044136047363
1.487348198890686 1.5347261428833008
1.4872933626174927 1.5343542098999023
1.4873625040054321 1.5345689058303833
1.4872324466705322 1.5345851182937622
1.4873031377792358 1.5359193086624146
1.487266182899475 1.5348949432373047
1.4872856140136719 1.5346113443374634
1.4872126579284668 1.5343575477600098
1.4872876405715942 1.5355403423309326
1.4872626066207886 1.5348241329193115
1.4871786832809448 1.5363819599151611
1.4872783422470093 1.5343239307403564
1.4872673749923706 1.5374282598495483
1.4871960878372192 1.5346981287002563
1.487214207649231 1.5371408462524414
1.4872287511825562 1.534887433052063
1.4872416257858276 1.5344396829605103
1.4871430397033691 1.5344692468643188
1.4871238470077515 1.5343354940414429
1.4872498512268066 1.5344057083129883
1.4871606826782227 1.5343810319900513
1.487106204032898 1.5342981815338135
1.4871739149093628 1.5345077514648438
1.4871526956558228 1.534577488899231
1.4872499704360962 1.5343583822250366
1.4872270822525024 1.5342967510223389
1.4871692657470703 1.5344074964523315
1.4871344566345215 1.5343905687332153
1.4871513843536377 1.5354200601577759
1.4871506690979004 1.5345072746276855
1.4871292114257812 1.5343399047851562
1.487136721611023 1.5348225831985474
1.4872093200683594 1.5345450639724731
1.4871822595596313 1.5343042612075806
1.4872037172317505 1.5343395471572876
1.4871219396591187 1.5347025394439697
1.4871678352355957 1.5356290340423584
1.487183690071106 1.5344470739364624
1.4871665239334106 1.534765601158142
1.4872113466262817 1.5343143939971924
1.4870753288269043 1.535003423690796
1.4872022867202759 1.5387426614761353
1.4871331453323364 1.5361181497573853
1.48711097240448 1.534348726272583
1.4870517253875732 1.5344364643096924
1.487090826034546 1.5345045328140259
1.4871493577957153 1.5352028608322144
1.4871728420257568 1.5343493223190308
1.4870665073394775 1.534710168838501
1.4871892929077148 1.534449815750122
1.487184762954712 1.535381555557251
1.4871468544006348 1.5343044996261597
1.487192153930664 1.5344412326812744
1.4871826171875 1.534332513809204
1.487109899520874 1.5345234870910645
1.487080693244934 1.5342998504638672
1.487202525138855 1.5348206758499146
1.487091302871704 1.5344207286834717
1.487130880355835 1.5344287157058716
1.4870530366897583 1.5344784259796143
1.4870924949645996 1.534318447113037
1.4871244430541992 1.53436279296875
1.4871363639831543 1.5343607664108276
1.4871394634246826 1.5346474647521973
1.4870508909225464 1.5365010499954224
1.4871149063110352 1.534529685974121
1.4870331287384033 1.5349867343902588
1.4869964122772217 1.5344372987747192
1.4870485067367554 1.5364269018173218
1.48708176612854 1.53452467918396
1.487061858177185 1.534382700920105
1.487069845199585 1.5343776941299438
1.4870496988296509 1.5343983173370361
1.487046718597412 1.5345882177352905
1.4870498180389404 1.5343170166015625
1.4870878458023071 1.5343183279037476
1.4870874881744385 1.5351132154464722
1.4870588779449463 1.5361868143081665
1.4871207475662231 1.534537672996521
1.4870771169662476 1.5343482494354248
1.487073302268982 1.5351448059082031
1.4870706796646118 1.5343939065933228
1.4871467351913452 1.534303069114685
1.4870994091033936 1.5376877784729004
1.4871253967285156 1.534439206123352
1.4870010614395142 1.5345799922943115
1.4871872663497925 1.534491777420044
1.4870398044586182 1.534355640411377
1.4871246814727783 1.536312460899353
1.4870282411575317 1.5344429016113281
1.4871114492416382 1.534324049949646
1.4870527982711792 1.5345242023468018
1.486966848373413 1.5346057415008545
1.4870429039001465 1.5363308191299438
1.4870325326919556 1.5343207120895386
1.4870365858078003 1.5343244075775146
1.4870049953460693 1.5345431566238403
1.4870061874389648 1.5351043939590454
1.4870209693908691 1.5343996286392212
1.4869881868362427 1.5344759225845337
1.487106204032898 1.534659504890442
1.4871115684509277 1.534544587135315
1.4869651794433594 1.5349462032318115
1.487001895904541 1.5353816747665405
1.4870909452438354 1.534345030784607
1.4869951009750366 1.5345276594161987
1.487024188041687 1.5343780517578125
1.4870532751083374 1.5344728231430054
1.48699951171875 1.5358434915542603
1.4871203899383545 1.5344905853271484
1.4870496988296509 1.5343523025512695
1.4870035648345947 1.5351715087890625
1.4870070219039917 1.5344007015228271
1.4870108366012573 1.534543514251709
1.487070918083191 1.5358067750930786
1.487023949623108 1.5353652238845825
1.4870444536209106 1.5345425605773926
1.4869978427886963 1.5349034070968628
1.4870061874389648 1.535252571105957
1.4870761632919312 1.534387469291687
1.4869749546051025 1.5343685150146484
1.4870365858078003 1.534341812133789
1.487091302871704 1.5348546504974365
1.486994743347168 1.5346310138702393
1.4869933128356934 1.5343239307403564
1.4869509935379028 1.5351531505584717
1.4870123863220215 1.5352210998535156
1.4870116710662842 1.5343676805496216
1.4869853258132935 1.5344092845916748
1.4869568347930908 1.534626841545105
1.4870132207870483 1.534313678741455
1.4869495630264282 1.5344147682189941
1.4869451522827148 1.534688949584961
1.4869694709777832 1.5350033044815063
1.4870059490203857 1.5343996286392212
1.4870445728302002 1.534363031387329
1.4869707822799683 1.5343350172042847
1.4869625568389893 1.534589171409607
1.4869710206985474 1.5344897508621216
1.486979603767395 1.5350135564804077
1.486933946609497 1.5344057083129883
1.48697829246521 1.5347633361816406
1.4869402647018433 1.5347380638122559
1.4870176315307617 1.534352421760559
1.486974835395813 1.5349504947662354
1.4869476556777954 1.5343669652938843
1.4869492053985596 1.5344761610031128
1.4870452880859375 1.534299373626709
1.4869508743286133 1.5344558954238892
1.4869781732559204 1.5343703031539917
1.486958384513855 1.5349730253219604
1.486957311630249 1.534975290298462
1.4869937896728516 1.5345090627670288
1.4869961738586426 1.5343031883239746
1.4869567155838013 1.5348505973815918
1.4869710206985474 1.5343595743179321
1.4869693517684937 1.535360336303711
1.4869847297668457 1.5345275402069092
1.48698890209198 1.5351089239120483
1.4869818687438965 1.5344158411026
1.486976146697998 1.534588098526001
1.4870007038116455 1.5347565412521362
1.4869556427001953 1.5344898700714111
1.4869660139083862 1.5343304872512817
1.4869897365570068 1.53618323802948
1.4869399070739746 1.5345293283462524
1.4870084524154663 1.5343210697174072
1.4869372844696045 1.534313440322876
1.4870113134384155 1.5344363451004028
1.4869937896728516 1.5346852540969849
1.487005352973938 1.534293532371521
1.4869014024734497 1.5343025922775269
1.4870363473892212 1.5344538688659668
1.4869811534881592 1.5351544618606567
1.4869427680969238 1.5346534252166748
1.4869272708892822 1.5343679189682007
1.4869389533996582 1.5343115329742432
1.4868996143341064 1.5344154834747314
1.4869862794876099 1.5342950820922852
1.4869444370269775 1.5347414016723633
1.4869050979614258 1.5349355936050415
1.4869712591171265 1.5347528457641602
1.486933946609497 1.5368051528930664
1.4869592189788818 1.5347273349761963
1.4869263172149658 1.5346125364303589
1.4869626760482788 1.5370328426361084
1.4869258403778076 1.5344793796539307
1.4869307279586792 1.5343010425567627
1.4869176149368286 1.5343023538589478
1.4869234561920166 1.5351393222808838
1.4869232177734375 1.5343629121780396
1.4869017601013184 1.5344948768615723
1.4869235754013062 1.534379005432129
1.4868911504745483 1.5344738960266113
1.4869266748428345 1.5345841646194458
1.48686683177948 1.5343059301376343
1.4869327545166016 1.5342950820922852
1.486883521080017 1.534490704536438
1.4869208335876465 1.5343483686447144
1.4868977069854736 1.5345817804336548
1.4868566989898682 1.534722089767456
1.4869168996810913 1.534485101699829
1.4869102239608765 1.5376486778259277
1.4868122339248657 1.5343821048736572
1.4869495630264282 1.5342978239059448
1.4869287014007568 1.5344120264053345
1.4869142770767212 1.5344010591506958
1.486854076385498 1.5344396829605103
1.4869194030761719 1.5343347787857056
1.4868532419204712 1.5356699228286743
1.4869279861450195 1.534626841545105
1.4868615865707397 1.534518837928772
1.4869047403335571 1.5343111753463745
1.486867070198059 1.534478783607483
1.4868545532226562 1.534387469291687
1.4869215488433838 1.5343403816223145
1.4868968725204468 1.5343247652053833
1.4868577718734741 1.5343738794326782
1.4868825674057007 1.5343499183654785
1.4868980646133423 1.5345518589019775
1.4869070053100586 1.5342998504638672
1.4868651628494263 1.534355640411377
1.4868977069854736 1.5342978239059448
1.4868532419204712 1.5343109369277954
1.486852765083313 1.534598469734192
1.4868695735931396 1.5343849658966064
1.4868487119674683 1.534388542175293
1.4869145154953003 1.5345288515090942
1.4868435859680176 1.5345478057861328
1.4868555068969727 1.5351043939590454
1.4868576526641846 1.5351327657699585
1.4868661165237427 1.534293532371521
1.486893892288208 1.5343146324157715
1.486885905265808 1.534300446510315
1.4868168830871582 1.5347204208374023
1.4868566989898682 1.53433358669281
1.4868369102478027 1.5343005657196045
1.4868844747543335 1.534294605255127
1.4868903160095215 1.5342934131622314
1.4869261980056763 1.5342978239059448
1.48685622215271 1.5351821184158325
1.4869011640548706 1.5346640348434448
1.4868980646133423 1.5343220233917236
1.4868887662887573 1.5342971086502075
1.4868526458740234 1.5343363285064697
1.486855387687683 1.5344102382659912
1.4868662357330322 1.5343998670578003
1.4868453741073608 1.5343106985092163
1.4868829250335693 1.5345183610916138
1.4868905544281006 1.5345919132232666
1.4868097305297852 1.5346908569335938
1.4868038892745972 1.5349878072738647
1.4868764877319336 1.5353162288665771
1.4869221448898315 1.5343230962753296
1.4868220090866089 1.5346074104309082
1.4868661165237427 1.534786343574524
1.4869000911712646 1.5343284606933594
1.4868544340133667 1.5344409942626953
1.4868444204330444 1.5344563722610474
1.486880898475647 1.534297227859497
1.486857295036316 1.5343035459518433
1.486855149269104 1.5345818996429443
1.4868396520614624 1.5342963933944702
1.4868500232696533 1.5344116687774658
1.486872911453247 1.534434199333191
1.4868518114089966 1.5344187021255493
1.4869000911712646 1.5352487564086914
1.4868643283843994 1.534295678138733
1.4868277311325073 1.5343042612075806
1.4868526458740234 1.5347353219985962
1.4868773221969604 1.5346215963363647
1.4868115186691284 1.5344998836517334
1.4868977069854736 1.5351264476776123
1.486877202987671 1.5344632863998413
1.4868340492248535 1.535025954246521
1.4868828058242798 1.5345007181167603
1.4869097471237183 1.5343759059906006
1.4868712425231934 1.534482479095459
1.4868446588516235 1.5342986583709717
1.4868682622909546 1.53534996509552
1.4868507385253906 1.5352013111114502
1.486872911453247 1.5347224473953247
1.4868634939193726 1.5345561504364014
1.4868806600570679 1.5342981815338135
1.4868566989898682 1.5342978239059448
1.4868578910827637 1.5350924730300903
1.4868671894073486 1.534582257270813
1.48684823513031 1.534315586090088
1.4868308305740356 1.5343587398529053
1.486815333366394 1.534368634223938
1.486857533454895 1.534304141998291
1.486886739730835 1.5343754291534424
1.4868401288986206 1.5350282192230225
1.4868874549865723 1.5342981815338135
1.486876368522644 1.534425973892212
1.4868699312210083 1.5347214937210083
1.4868592023849487 1.53432297706604
1.486860752105713 1.5343037843704224
1.486858606338501 1.534708023071289
1.4868884086608887 1.5349997282028198
1.4868971109390259 1.534936547279358
1.4868521690368652 1.534455418586731
1.4868531227111816 1.535182237625122
1.4868650436401367 1.5344669818878174
1.4868766069412231 1.5343928337097168
1.4867987632751465 1.5342921018600464
1.4868582487106323 1.5342950820922852
1.4868625402450562 1.5342953205108643
1.4868521690368652 1.5342929363250732
1.4868319034576416 1.5342954397201538
1.4868638515472412 1.5346680879592896
1.4868483543395996 1.5352509021759033
1.4868285655975342 1.5342968702316284
1.4868475198745728 1.534628987312317
1.486803412437439 1.534362554550171
1.4868409633636475 1.5343456268310547
1.4867711067199707 1.5343506336212158
1.4868193864822388 1.5349012613296509
1.486830472946167 1.534577488899231
1.4868590831756592 1.5346494913101196
1.4868961572647095 1.5347191095352173
1.4868438243865967 1.5344454050064087
1.4868258237838745 1.5345680713653564
1.4868186712265015 1.5351719856262207
1.486839771270752 1.5344157218933105
1.4868439435958862 1.534299373626709
1.4868334531784058 1.5343831777572632
1.486870288848877 1.5343573093414307
1.4868067502975464 1.5343648195266724
1.4868528842926025 1.5343759059906006
1.4868268966674805 1.5344549417495728
1.4868682622909546 1.5347145795822144
1.4868149757385254 1.534397006034851
1.4868242740631104 1.5343928337097168
1.486889362335205 1.5343159437179565
1.4868836402893066 1.5343704223632812
1.4868468046188354 1.5346218347549438
1.4868392944335938 1.5347472429275513
1.48686945438385 1.5350884199142456
1.4868476390838623 1.5342968702316284
1.486850619316101 1.5343272686004639
1.4868645668029785 1.5346204042434692
1.4868309497833252 1.5343278646469116
1.4868440628051758 1.5347365140914917
1.48683500289917 1.534828782081604
1.4868499040603638 1.5347673892974854
1.4868329763412476 1.534759759902954
1.4868680238723755 1.5343087911605835
1.4868128299713135 1.5345836877822876
1.4868268966674805 1.534462571144104
1.4868451356887817 1.5346683263778687
1.486795425415039 1.534911036491394
1.4868510961532593 1.534315586090088
1.486810564994812 1.5345408916473389
1.4868032932281494 1.535288691520691
1.4868576526641846 1.5345155000686646
1.4868285655975342 1.5343488454818726
1.4868547916412354 1.5344626903533936
1.486822485923767 1.5343976020812988
1.486814260482788 1.534794569015503
1.486851453781128 1.5350234508514404
1.4868459701538086 1.5345655679702759
1.4867836236953735 1.5345404148101807
1.4868398904800415 1.534588098526001
1.4868125915527344 1.5342963933944702
1.4868627786636353 1.5343546867370605
1.4868372678756714 1.5342929363250732
1.486832618713379 1.5344974994659424
1.4868425130844116 1.5344232320785522
1.4867992401123047 1.5345749855041504
1.486845850944519 1.534907579421997
1.4868123531341553 1.5346096754074097
1.4868215322494507 1.5342991352081299
1.4868206977844238 1.5347278118133545
1.4868417978286743 1.5343513488769531
1.4868104457855225 1.5344263315200806
1.4868285655975342 1.5343546867370605
1.4868243932724 1.5343201160430908
1.486794114112854 1.5343652963638306
1.4868484735488892 1.5343074798583984
1.486802577972412 1.5342973470687866
1.4867945909500122 1.5344932079315186
1.4868448972702026 1.5343070030212402
1.4868122339248657 1.5345110893249512
1.4868154525756836 1.5344631671905518
1.4868260622024536 1.5343481302261353
1.4868226051330566 1.5342943668365479
1.4868062734603882 1.5347172021865845
1.4868338108062744 1.534326195716858
1.48685622215271 1.5343067646026611
1.4868465662002563 1.5342940092086792
1.486790657043457 1.5343079566955566
1.4868351221084595 1.5343683958053589
1.4868650436401367 1.534949541091919
1.4867990016937256 1.534301519393921
1.4867819547653198 1.5342954397201538
1.4868251085281372 1.5345772504806519
1.4867595434188843 1.5343137979507446
1.48678719997406 1.5345056056976318
1.486847162246704 1.5343818664550781
1.486807942390442 1.5343773365020752
1.4867932796478271 1.5345836877822876
1.4868289232254028 1.5344356298446655
1.486833095550537 1.5348379611968994
1.4868357181549072 1.5343092679977417
1.486830711364746 1.5349045991897583
1.4868204593658447 1.5343575477600098
1.4867792129516602 1.5344278812408447
1.4868241548538208 1.5344843864440918
1.4867922067642212 1.5349485874176025
1.4867990016937256 1.5346126556396484
1.486838698387146 1.5343239307403564
1.486789345741272 1.5343117713928223
1.486817717552185 1.5344806909561157
1.486840009689331 1.5346745252609253
1.486822485923767 1.5343202352523804
1.4868102073669434 1.5343202352523804
1.4867877960205078 1.5343060493469238
1.486830234527588 1.5342978239059448
1.4868429899215698 1.5347574949264526
1.4868186712265015 1.5348905324935913
1.4868003129959106 1.5342975854873657
1.4868030548095703 1.5343551635742188
1.4868180751800537 1.5343064069747925
1.486820101737976 1.5345271825790405
1.486838936805725 1.5343239307403564
1.4868146181106567 1.5348172187805176
1.486804485321045 1.5343520641326904
1.4868049621582031 1.5345808267593384
1.48682701587677 1.5343964099884033
1.4867993593215942 1.5343017578125
1.4868313074111938 1.534325122833252
1.4868404865264893 1.53452467918396
1.4868496656417847 1.5343058109283447
1.4867844581604004 1.534961462020874
1.4868202209472656 1.534309983253479
1.4867926836013794 1.5345311164855957
1.486798882484436 1.5344314575195312
1.4868277311325073 1.534766435623169
1.4868125915527344 1.5346240997314453
1.486832857131958 1.5345832109451294
1.4867993593215942 1.5344771146774292
1.4868110418319702 1.53437340259552
1.4868125915527344 1.534332513809204
1.4867981672286987 1.534318447113037
1.4867810010910034 1.5343281030654907
1.4868394136428833 1.5345674753189087
1.4868019819259644 1.5345544815063477
1.4868314266204834 1.5344750881195068
1.4868148565292358 1.5343434810638428
1.4867738485336304 1.5348211526870728
1.4868180751800537 1.5345522165298462
1.4867926836013794 1.53451406955719
1.4868448972702026 1.534511923789978
1.4868199825286865 1.534328579902649
1.4868247509002686 1.5348589420318604
1.48679518699646 1.5344343185424805
1.4868279695510864 1.5344057083129883
1.4868227243423462 1.5343289375305176
1.4868152141571045 1.5343283414840698
1.4867825508117676 1.5346144437789917
1.4868243932724 1.5343869924545288
1.4868440628051758 1.5344665050506592
1.486783504486084 1.5343085527420044
1.4868083000183105 1.5346521139144897
1.4868016242980957 1.5343796014785767
1.486817479133606 1.5343437194824219
1.4867745637893677 1.5343818664550781
1.4868144989013672 1.534334421157837
1.4868229627609253 1.5343141555786133
1.4867788553237915 1.5343334674835205
1.4867627620697021 1.534363865852356
1.4868152141571045 1.5343354940414429
1.4867593050003052 1.5344033241271973
1.4868004322052002 1.5343748331069946
1.4868316650390625 1.5343164205551147
1.4868271350860596 1.5343345403671265
1.4867868423461914 1.5345224142074585
1.4868133068084717 1.5350189208984375
1.4868429899215698 1.5344879627227783
1.4868141412734985 1.5345349311828613
1.4867714643478394 1.5346341133117676
1.486762285232544 1.5343340635299683
1.4867993593215942 1.5343602895736694
1.4868078231811523 1.5347751379013062
1.4868067502975464 1.5344332456588745
1.4867818355560303 1.5343533754348755
1.4867417812347412 1.5345823764801025
1.4868067502975464 1.5343350172042847
1.4867702722549438 1.534321904182434
1.4867901802062988 1.5344599485397339
1.4867950677871704 1.5343270301818848
1.4867874383926392 1.5343523025512695
1.4867960214614868 1.5343307256698608
1.4868212938308716 1.5343739986419678
1.4867885112762451 1.534391164779663
1.486802339553833 1.5343270301818848
1.4867969751358032 1.5344030857086182
1.4868053197860718 1.5343610048294067
1.4868113994598389 1.534339427947998
1.4867963790893555 1.5349140167236328
1.4868026971817017 1.534623146057129
1.4867947101593018 1.5344277620315552
1.486761212348938 1.5344938039779663
1.486785888671875 1.534340739250183
1.4867805242538452 1.5346649885177612
1.4868170022964478 1.5343122482299805
1.486804723739624 1.5343698263168335
1.486772060394287 1.5346763134002686
1.4868149757385254 1.534613013267517
1.4867985248565674 1.5343583822250366
1.4867815971374512 1.5345563888549805
1.4867885112762451 1.5344451665878296
1.486807107925415 1.534414529800415
1.4867985248565674 1.5349318981170654
1.4867509603500366 1.5346695184707642
1.4868004322052002 1.5347251892089844
1.4868016242980957 1.5344372987747192
1.4867886304855347 1.5343836545944214
1.486789584159851 1.5343409776687622
1.4867836236953735 1.5346726179122925
1.4867736101150513 1.5344234704971313
1.4867677688598633 1.534523367881775
1.4867849349975586 1.5344234704971313
1.4867883920669556 1.5367249250411987
1.4868152141571045 1.5344098806381226
1.4867793321609497 1.5347307920455933
1.4867769479751587 1.5344613790512085
1.4867607355117798 1.5348296165466309
1.4867833852767944 1.5347579717636108
1.4867686033248901 1.5343509912490845
1.486808180809021 1.5343708992004395
1.4867842197418213 1.5343679189682007
1.4867877960205078 1.5343304872512817
1.4868018627166748 1.5343661308288574
1.486778736114502 1.5343376398086548
1.4867786169052124 1.5344548225402832
1.4867719411849976 1.5343942642211914
1.4868024587631226 1.5344470739364624
1.4868096113204956 1.534325122833252
1.4867947101593018 1.5349714756011963
1.4868083000183105 1.5344663858413696
1.4867841005325317 1.5346641540527344
1.486756443977356 1.5346136093139648
1.4867749214172363 1.5343207120895386
1.4867949485778809 1.5344338417053223
1.4867759943008423 1.5343228578567505
1.4867734909057617 1.5344507694244385
1.486809253692627 1.5348405838012695
1.4867982864379883 1.5343202352523804
1.4867732524871826 1.5344876050949097
1.486770510673523 1.5343595743179321
1.4868080615997314 1.5343317985534668
1.4868000745773315 1.5343263149261475
1.4867584705352783 1.5343329906463623
1.486777663230896 1.5343552827835083
1.4868042469024658 1.534323811531067
1.4867596626281738 1.5344539880752563
1.486776351928711 1.5343142747879028
1.4867998361587524 1.5344998836517334
1.4867812395095825 1.5344150066375732
1.4867910146713257 1.5348756313323975
1.486743450164795 1.5343555212020874
1.4867722988128662 1.5343681573867798
1.4867676496505737 1.5348597764968872
1.4867814779281616 1.5344746112823486
1.4867942333221436 1.5343419313430786
1.4867769479751587 1.534399151802063
1.4867573976516724 1.5344558954238892
1.486781120300293 1.534335970878601
1.4867664575576782 1.5345494747161865
1.4867926836013794 1.534360647201538
1.486778736114502 1.534528136253357
1.486798644065857 1.534332036972046
1.486784815788269 1.534380316734314
1.4867823123931885 1.5344231128692627
1.4867819547653198 1.5343469381332397
1.4867746829986572 1.5343348979949951
1.4867808818817139 1.5343496799468994
1.4867762327194214 1.5344842672348022
1.4867860078811646 1.5344011783599854
1.486750602722168 1.5343796014785767
1.4867730140686035 1.5345007181167603
1.4867427349090576 1.5343221426010132
1.4867535829544067 1.534584641456604
1.4867931604385376 1.534425973892212
1.4867472648620605 1.5343501567840576
1.4867656230926514 1.5344489812850952
1.4867792129516602 1.5343610048294067
1.4867902994155884 1.5347282886505127
1.4867688417434692 1.534347653388977
1.4867572784423828 1.5348446369171143
1.486791729927063 1.5344337224960327
1.4868067502975464 1.5343364477157593
1.486769437789917 1.5344157218933105
1.4867790937423706 1.5344007015228271
1.486775279045105 1.534440279006958
1.4867621660232544 1.5345605611801147
1.4867159128189087 1.5343643426895142
1.4867444038391113 1.5348013639450073
1.4867674112319946 1.5346306562423706
1.4867497682571411 1.534462571144104
1.4867883920669556 1.5344041585922241
1.486757755279541 1.5343353748321533
1.4867990016937256 1.5343831777572632
1.4867806434631348 1.5343736410140991
1.4867981672286987 1.534584879875183
1.4867581129074097 1.5343202352523804
1.4867737293243408 1.534374475479126
1.4867793321609497 1.534719705581665
1.4867933988571167 1.534378170967102
1.4867620468139648 1.5343979597091675
1.486768126487732 1.5344741344451904
1.4867593050003052 1.53439462184906
1.486770749092102 1.5343711376190186
1.4867515563964844 1.534958839416504
1.486768126487732 1.5344228744506836
1.4867732524871826 1.5343965291976929
1.4867749214172363 1.5343676805496216
1.486757755279541 1.534665584564209
1.4867788553237915 1.534373164176941
1.4867721796035767 1.5345122814178467
1.486771583557129 1.5343316793441772
1.4867501258850098 1.5344922542572021
1.4867595434188843 1.5344098806381226
1.4867738485336304 1.534323811531067
1.4867483377456665 1.5343520641326904
1.4867759943008423 1.53475821018219
1.4867713451385498 1.5346980094909668
1.4867464303970337 1.5345265865325928
1.4867758750915527 1.5343788862228394
1.4867750406265259 1.534354329109192
1.4867693185806274 1.5345046520233154
1.4867582321166992 1.534652590751648
1.4867769479751587 1.5344175100326538
1.4867630004882812 1.534589171409607
1.4867628812789917 1.5344161987304688
1.4867730140686035 1.5343531370162964
1.4867686033248901 1.5343196392059326
1.4867820739746094 1.5343389511108398
1.4867346286773682 1.5347260236740112
1.486769676208496 1.5343151092529297
1.4867122173309326 1.5344773530960083
1.4867768287658691 1.5344282388687134
1.486739158630371 1.5343759059906006
1.4867466688156128 1.534508228302002
1.48677396774292 1.534423589706421
1.486769199371338 1.534407377243042
1.4867711067199707 1.5343247652053833
1.4867839813232422 1.5343692302703857
1.4867433309555054 1.5343670845031738
1.4867748022079468 1.5344388484954834
1.4867570400238037 1.53472101688385
1.486745834350586 1.5343143939971924
1.486761212348938 1.5345828533172607
1.4867537021636963 1.5346025228500366
1.4867476224899292 1.5344195365905762
1.48674476146698 1.5346230268478394
1.4867451190948486 1.5343095064163208
1.4867714643478394 1.5344692468643188
1.4867548942565918 1.5346022844314575
1.4867594242095947 1.534395694732666
1.4867531061172485 1.5343817472457886
1.486758828163147 1.5344692468643188
1.486741065979004 1.5343745946884155
1.48675537109375 1.534411072731018
1.4867569208145142 1.5344336032867432
1.4867384433746338 1.5343520641326904
1.4867500066757202 1.5347487926483154
1.4867565631866455 1.5343364477157593
1.486732840538025 1.534478783607483
1.4867262840270996 1.534358024597168
1.486742377281189 1.534407377243042
1.4867222309112549 1.5343198776245117
1.4867372512817383 1.5344626903533936
1.4867562055587769 1.534328579902649
1.4867297410964966 1.534335970878601
1.4867502450942993 1.5343729257583618
1.4867279529571533 1.5344127416610718
1.4867305755615234 1.5344269275665283
1.486769437789917 1.5345836877822876
1.486723780632019 1.5349141359329224
1.4867377281188965 1.5343596935272217
1.4867019653320312 1.5345348119735718
1.4867395162582397 1.5343674421310425
1.4867355823516846 1.5345486402511597
1.486735224723816 1.5345375537872314
1.4867594242095947 1.5344816446304321
1.4867323637008667 1.5343366861343384
1.4867397546768188 1.534502625465393
1.4867361783981323 1.5346421003341675
1.4867265224456787 1.5346193313598633
1.486717939376831 1.5344351530075073
1.4867463111877441 1.5344880819320679
1.4867312908172607 1.534726858139038
1.48673415184021 1.5344103574752808
1.4867477416992188 1.534401535987854
1.4866982698440552 1.5345301628112793
1.4867193698883057 1.5344700813293457
1.4867528676986694 1.5343488454818726
1.4866989850997925 1.5347849130630493
1.4867197275161743 1.53447425365448
1.4867302179336548 1.534318447113037
1.486688494682312 1.5343753099441528
1.486703634262085 1.5347260236740112
1.486710786819458 1.5348578691482544
1.4867445230484009 1.5343486070632935
1.4867414236068726 1.5343931913375854
1.4867429733276367 1.534575343132019
1.4867013692855835 1.5344189405441284
1.4867420196533203 1.5343353748321533
1.4867384433746338 1.5343867540359497
1.486729383468628 1.5343992710113525
1.4867360591888428 1.5353655815124512
1.4867277145385742 1.5345849990844727
1.4867311716079712 1.5345951318740845
1.4867303371429443 1.5343927145004272
1.4867326021194458 1.5343513488769531
1.4867243766784668 1.5343661308288574
1.4867132902145386 1.5344144105911255
1.4867271184921265 1.5343842506408691
1.4867180585861206 1.5343304872512817
1.4867291450500488 1.5345362424850464
1.4867398738861084 1.5345922708511353
1.4867374897003174 1.5346406698226929
1.4867312908172607 1.5347174406051636
1.4867384433746338 1.5346945524215698
1.4867212772369385 1.5344332456588745
1.486707091331482 1.534361481666565
1.4867260456085205 1.5344065427780151
1.486721158027649 1.5343793630599976
1.4866975545883179 1.534390926361084
1.486716628074646 1.5343389511108398
1.4867134094238281 1.5343902111053467
1.4867464303970337 1.534665584564209
1.4867275953292847 1.534385323524475
1.48673415184021 1.5343942642211914
1.4867132902145386 1.534611701965332
1.4867032766342163 1.5344513654708862
1.4867254495620728 1.534444808959961
1.4867265224456787 1.5343310832977295
1.4867485761642456 1.5345157384872437
1.4867302179336548 1.5346750020980835
1.4867252111434937 1.5344696044921875
