1.4979764223098755 1.5115094184875488
1.4461684226989746 1.4268977642059326
1.3987021446228027 1.4240868091583252
1.3873405456542969 1.4201250076293945
1.3823601007461548 1.4053376913070679
1.377478837966919 1.430208444595337
1.3264888525009155 1.3166254758834839
1.2682394981384277 1.241982102394104
1.1536972522735596 1.053229808807373
0.9788212180137634 0.935523271560669
0.8513430953025818 0.7881820797920227
0.7723560929298401 0.7341489195823669
0.7318125367164612 0.7567392587661743
0.7077776193618774 0.7020361423492432
0.6935619115829468 0.7248309254646301
0.6826203465461731 0.6754099130630493
0.669927716255188 0.682077944278717
0.6552491784095764 0.6483429670333862
0.6283583045005798 0.7006372809410095
0.5994130373001099 0.5998507738113403
0.575102686882019 0.657451868057251
0.5630121827125549 0.5498933792114258
0.5539360046386719 0.5590502023696899
0.5406018495559692 0.5309319496154785
0.5322176814079285 0.5366308093070984
0.5178000926971436 0.5403899550437927
0.5039702653884888 0.5218296051025391
0.4974415898323059 0.49684175848960876
0.48758935928344727 0.48888617753982544
0.4861759543418884 0.5627816319465637
0.47888630628585815 0.4890618324279785
0.4738052785396576 0.46360358595848083
0.46773776412010193 0.46264514327049255
0.4655417501926422 0.4638936221599579
0.4608210623264313 0.4526374340057373
0.4595297873020172 0.4478100538253784
0.4557008743286133 0.48571842908859253
0.45308446884155273 0.5013282299041748
0.45060285925865173 0.45481735467910767
0.45078521966934204 0.43538543581962585
0.44748827815055847 0.4382084608078003
0.4447874426841736 0.43438974022865295
0.44394469261169434 0.4600943624973297
0.4416237771511078 0.437447190284729
0.43832093477249146 0.4835614562034607
0.4360867738723755 0.42391687631607056
0.43719106912612915 0.4444744884967804
0.4331473708152771 0.4592258036136627
0.43008410930633545 0.432656854391098
0.4310113489627838 0.4370191693305969
0.4276374578475952 0.4339422583580017
0.42724722623825073 0.43158143758773804
0.42422768473625183 0.46510061621665955
0.4247099757194519 0.4303440451622009
0.42195817828178406 0.4142027795314789
0.42077377438545227 0.4300093948841095
0.41791054606437683 0.4259234070777893
0.4176739752292633 0.4643533229827881
0.4146762788295746 0.4423770308494568
0.4155133068561554 0.40829673409461975
0.4129676818847656 0.4159535765647888
0.4125067889690399 0.41981303691864014
0.41145262122154236 0.4384227693080902
0.4105451703071594 0.4090290069580078
0.4099929928779602 0.41339945793151855
0.408547580242157 0.4154042601585388
0.4074566960334778 0.43163371086120605
0.4057748019695282 0.4202137291431427
0.4053765535354614 0.4024069309234619
0.4048454761505127 0.4032866656780243
0.40380117297172546 0.4018916189670563
0.40337204933166504 0.4253600239753723
0.4029074013233185 0.43632280826568604
0.4029606878757477 0.42009973526000977
0.40171730518341064 0.40911775827407837
0.4005231559276581 0.40634042024612427
0.3981870412826538 0.41721969842910767
0.39931023120880127 0.40342071652412415
0.3987380266189575 0.39634740352630615
0.3975435793399811 0.3996679484844208
0.3964454233646393 0.40434935688972473
0.3982480764389038 0.3961813151836395
0.3959113657474518 0.4038572311401367
0.395711213350296 0.4200951159000397
0.39585790038108826 0.4158596396446228
0.39489322900772095 0.40307262539863586
0.39522042870521545 0.4011562168598175
0.3929539620876312 0.3921879529953003
0.3940657675266266 0.40528225898742676
0.3940761983394623 0.4021007716655731
0.39254313707351685 0.3978899121284485
0.39255577325820923 0.3913235366344452
0.3917030394077301 0.39215341210365295
0.3916776776313782 0.3875807523727417
0.39081764221191406 0.39778316020965576
0.3905360698699951 0.4068355858325958
0.3897556662559509 0.39281895756721497
0.3892275393009186 0.4097263813018799
0.38887837529182434 0.39672109484672546
0.3894331455230713 0.3997596204280853
0.38833823800086975 0.3864164352416992
0.3883166015148163 0.40365201234817505
0.38678452372550964 0.38543248176574707
0.3870021104812622 0.3936685621738434
0.38712653517723083 0.452171266078949
0.3861488103866577 0.42409640550613403
0.38571253418922424 0.39785680174827576
0.38513100147247314 0.38754209876060486
0.38537755608558655 0.3885257840156555
0.38540396094322205 0.41542738676071167
0.38485193252563477 0.3897224962711334
0.3836454451084137 0.3844600319862366
0.3842478394508362 0.3837113678455353
0.38457033038139343 0.4117470681667328
0.3834426701068878 0.4003199636936188
0.3825658857822418 0.38930270075798035
0.3824116885662079 0.39688852429389954
0.382832795381546 0.4042011797428131
0.38163670897483826 0.3861818015575409
0.38146257400512695 0.3933973014354706
0.3810867667198181 0.4157545566558838
0.38144057989120483 0.3886537253856659
0.38154566287994385 0.3925397992134094
0.38128599524497986 0.3847600817680359
0.3807758390903473 0.41297659277915955
0.3795888125896454 0.38531938195228577
0.37997740507125854 0.38193848729133606
0.38047856092453003 0.38188257813453674
0.3801558315753937 0.39170870184898376
0.37983402609825134 0.38665875792503357
0.3788350820541382 0.40142130851745605
0.37807342410087585 0.381547212600708
0.37804165482521057 0.38504281640052795
0.3781791627407074 0.38398972153663635
0.3784843385219574 0.39712363481521606
0.3772403299808502 0.38597699999809265
0.3773292899131775 0.3815326690673828
0.37707242369651794 0.3787739872932434
0.37745600938796997 0.3857825994491577
0.3768559694290161 0.38698235154151917
0.3767889738082886 0.38383835554122925
0.37606513500213623 0.37959805130958557
0.3758593797683716 0.38258570432662964
0.37713733315467834 0.3805015981197357
0.37598323822021484 0.3873381018638611
0.375465452671051 0.38945716619491577
0.3756330609321594 0.3799096643924713
0.3749929368495941 0.3791711628437042
0.37425142526626587 0.37901535630226135
0.37514621019363403 0.3829767107963562
0.37490314245224 0.379770964384079
0.37448444962501526 0.37753376364707947
0.37394165992736816 0.3818848133087158
0.3741060793399811 0.38478291034698486
0.37433919310569763 0.3782695531845093
0.37294888496398926 0.3785679042339325
0.3732781410217285 0.3806862235069275
0.3732038736343384 0.38384807109832764
0.372984915971756 0.3813333213329315
0.37251585721969604 0.3822097182273865
0.37303173542022705 0.37806177139282227
0.3723770081996918 0.3890875279903412
0.372053325176239 0.3830396234989166
0.372317910194397 0.40153831243515015
0.3720565736293793 0.37764033675193787
0.37155386805534363 0.38096970319747925
0.37187057733535767 0.378447562456131
0.3714538812637329 0.3768622577190399
0.3710756301879883 0.38697582483291626
0.3713652491569519 0.3772449791431427
0.3711646497249603 0.3882136940956116
0.37097886204719543 0.3779861629009247
0.37050217390060425 0.38336652517318726
0.370028018951416 0.3764755427837372
0.3705097734928131 0.37549513578414917
0.37012481689453125 0.3783509135246277
0.37006044387817383 0.3795401155948639
0.3695421814918518 0.3760742247104645
0.3700135350227356 0.3754239082336426
0.3695191740989685 0.3757912218570709
0.36993345618247986 0.37720856070518494
0.369693785905838 0.37763288617134094
0.36929041147232056 0.3815777897834778
0.36918875575065613 0.3836587965488434
0.3691403269767761 0.37869682908058167
0.36906182765960693 0.3759082555770874
0.3690861463546753 0.3819524347782135
0.36854779720306396 0.3757171034812927
0.36874210834503174 0.37853381037712097
0.36850231885910034 0.37767788767814636
0.36841872334480286 0.37973296642303467
0.3682473599910736 0.37538009881973267
0.36738160252571106 0.37834271788597107
0.36802810430526733 0.3882405459880829
0.3677186369895935 0.37525492906570435
0.3680330812931061 0.3801729083061218
0.3676950931549072 0.3770393431186676
0.36741358041763306 0.37923094630241394
0.367053359746933 0.3764461576938629
0.36717164516448975 0.3765369653701782
0.3671722114086151 0.3770430088043213
0.3669697642326355 0.3768111765384674
0.3668297529220581 0.37666696310043335
0.3665873408317566 0.379655659198761
0.3669498860836029 0.3771474063396454
0.36636123061180115 0.3738996386528015
0.3659607470035553 0.3750718832015991
0.36624032258987427 0.3758648931980133
0.36597496271133423 0.3763856887817383
0.3661341965198517 0.3765795826911926
0.366080641746521 0.3784271478652954
0.36599692702293396 0.3757888376712799
0.3657441735267639 0.3801206350326538
0.3656410574913025 0.3833431899547577
0.3653298616409302 0.3748796582221985
0.3653833270072937 0.3806678354740143
0.36542603373527527 0.3773094117641449
0.36518386006355286 0.3743705153465271
0.3652323782444 0.37410467863082886
0.3651657998561859 0.37407463788986206
0.3649502098560333 0.37910619378089905
0.3651127815246582 0.37393274903297424
0.3648839592933655 0.3743339776992798
0.3643529415130615 0.3734060823917389
0.3647820055484772 0.3727540373802185
0.36442404985427856 0.3802906572818756
0.36451345682144165 0.37253478169441223
0.36433839797973633 0.37332162261009216
0.3645046353340149 0.3743129074573517
0.3645077645778656 0.3748035728931427
0.36426323652267456 0.3746339976787567
0.36402657628059387 0.37191182374954224
0.3640288710594177 0.37635713815689087
0.36363399028778076 0.378438264131546
0.36357736587524414 0.3729392886161804
0.36385002732276917 0.3749551475048065
0.36361637711524963 0.3721257448196411
0.36352503299713135 0.3747956156730652
0.36343857645988464 0.37564554810523987
0.36339128017425537 0.37637385725975037
0.36328667402267456 0.3727087378501892
0.3632325232028961 0.37245264649391174
0.36311087012290955 0.3732389807701111
0.36320894956588745 0.37434303760528564
0.3629445731639862 0.37713977694511414
0.36298707127571106 0.37348058819770813
0.36285117268562317 0.37558257579803467
0.3627063035964966 0.37836840748786926
0.362799733877182 0.37309274077415466
0.3625725209712982 0.3722546100616455
0.3626561462879181 0.37699562311172485
0.362571120262146 0.37440943717956543
0.36254212260246277 0.37731078267097473
0.3623580038547516 0.373125821352005
0.3624085485935211 0.3750949800014496
0.36229419708251953 0.37278681993484497
0.3624449074268341 0.37156301736831665
0.362161785364151 0.37573349475860596
0.36197102069854736 0.37142109870910645
0.361891508102417 0.37461042404174805
0.3622167408466339 0.3719468116760254
0.3619743287563324 0.37363898754119873
0.36192598938941956 0.37604978680610657
0.3617844879627228 0.3724525272846222
0.36184391379356384 0.3727722764015198
0.3617536425590515 0.37660709023475647
0.36143767833709717 0.37237197160720825
0.3615233600139618 0.3714801073074341
0.36157602071762085 0.38031646609306335
0.3613812029361725 0.3729865550994873
0.36129117012023926 0.3715490698814392
0.3613666296005249 0.37191691994667053
0.3612764775753021 0.37548741698265076
0.36106806993484497 0.37066563963890076
0.36123567819595337 0.37205612659454346
0.36114561557769775 0.37155818939208984
0.3609917163848877 0.37246352434158325
0.3609612286090851 0.3733396828174591
0.36119309067726135 0.3719874620437622
0.3610757887363434 0.3789902329444885
0.3609084188938141 0.37209808826446533
0.360975444316864 0.3707752227783203
0.3606482148170471 0.3755410313606262
0.36080843210220337 0.37205901741981506
0.3607252538204193 0.3721369802951813
0.36074739694595337 0.37304797768592834
0.3604769706726074 0.37260109186172485
0.3606647253036499 0.3728753328323364
0.360566645860672 0.37179210782051086
0.3604779541492462 0.371035099029541
0.36044180393218994 0.3737221658229828
0.3604445159435272 0.37498095631599426
0.36034339666366577 0.3711490333080292
0.36032962799072266 0.3724871277809143
0.36042138934135437 0.3707197904586792
0.36035338044166565 0.37134620547294617
0.3602573871612549 0.37178030610084534
0.36004966497421265 0.3724999725818634
0.36006638407707214 0.373483806848526
0.3601323068141937 0.37191304564476013
0.3599550426006317 0.37261903285980225
0.359883576631546 0.3734124004840851
0.35998260974884033 0.37237128615379333
0.359848290681839 0.3702576160430908
0.3598687946796417 0.37198495864868164
0.3599013090133667 0.3712359666824341
0.35990601778030396 0.37193962931632996
0.3596063554286957 0.3714495301246643
0.35979872941970825 0.3707103431224823
0.3596627712249756 0.3712834119796753
0.35959336161613464 0.3712298274040222
0.3595177233219147 0.3722853362560272
0.3595595955848694 0.37059658765792847
0.35950881242752075 0.37143418192863464
0.35950544476509094 0.3709508776664734
0.3594661355018616 0.3722365200519562
0.35951727628707886 0.37031129002571106
0.3593108057975769 0.370404452085495
0.35932406783103943 0.3707290291786194
0.3594408929347992 0.37243759632110596
0.35926055908203125 0.370509535074234
0.3593670427799225 0.3703751862049103
0.35942232608795166 0.37105756998062134
0.35917267203330994 0.370833158493042
0.35925883054733276 0.37225353717803955
0.359120637178421 0.3702634572982788
0.35915040969848633 0.3733927607536316
0.3591409921646118 0.3703674376010895
0.35908496379852295 0.3720715343952179
0.3589938282966614 0.37113019824028015
0.35907137393951416 0.3723926842212677
0.35888659954071045 0.37155014276504517
0.3588429391384125 0.36998477578163147
0.35888946056365967 0.3701699674129486
0.35894060134887695 0.36987337470054626
0.3588965833187103 0.3709660768508911
0.3587897717952728 0.37212932109832764
0.35888010263442993 0.37018269300460815
0.3587449789047241 0.3703197240829468
0.35884395241737366 0.36973467469215393
0.3587488830089569 0.3703666627407074
0.35876893997192383 0.3709205985069275
0.3588390648365021 0.3703319728374481
0.3586224317550659 0.369830846786499
0.3585890233516693 0.37128570675849915
0.358600378036499 0.37083977460861206
0.35858234763145447 0.37171465158462524
0.3584359586238861 0.36977648735046387
0.35853397846221924 0.3709881603717804
0.35852929949760437 0.37094175815582275
0.3584238886833191 0.37066760659217834
0.3585246801376343 0.37074440717697144
0.3584393262863159 0.3707398474216461
0.35836437344551086 0.37062788009643555
0.35828137397766113 0.3707118630409241
0.3583153784275055 0.3696928918361664
0.35840389132499695 0.3705941140651703
0.3583346903324127 0.3698490560054779
0.3582232594490051 0.37001165747642517
0.3583553433418274 0.37029847502708435
0.3582736551761627 0.3700609803199768
0.3583451509475708 0.3712824583053589
0.3582284152507782 0.3713928461074829
0.35820525884628296 0.3717461824417114
0.35811829566955566 0.37049219012260437
0.35829171538352966 0.37066832184791565
0.35819798707962036 0.37148353457450867
0.3581809103488922 0.3728768527507782
0.3581816852092743 0.3714030086994171
0.35810309648513794 0.37010854482650757
0.35809266567230225 0.3704422116279602
0.3580554723739624 0.37041816115379333
0.35806530714035034 0.370531290769577
0.358018159866333 0.370098739862442
0.3579835295677185 0.3707508444786072
0.35797369480133057 0.3696289658546448
0.3580227196216583 0.37225809693336487
0.35797202587127686 0.3702056407928467
0.35791245102882385 0.3697264790534973
0.3579818606376648 0.370033323764801
0.35779836773872375 0.3720288574695587
0.35788893699645996 0.37035050988197327
0.35788485407829285 0.3705575168132782
0.35784274339675903 0.36956787109375
0.3579089045524597 0.3708576560020447
0.3578571677207947 0.37217873334884644
0.3578625023365021 0.3716506361961365
0.35777848958969116 0.3694502115249634
0.35782667994499207 0.37089207768440247
0.35772261023521423 0.37009957432746887
0.35781070590019226 0.3705247640609741
0.35767918825149536 0.37002041935920715
0.35779768228530884 0.3702402114868164
0.3576963245868683 0.3697597086429596
0.3576854169368744 0.3698347210884094
0.3577008545398712 0.37012577056884766
0.3576342463493347 0.3697983920574188
0.3576333522796631 0.3701341152191162
0.35774466395378113 0.37063801288604736
0.35764774680137634 0.37052592635154724
0.3575221598148346 0.37039393186569214
0.3576395809650421 0.3695727288722992
0.357639342546463 0.37124180793762207
0.35762086510658264 0.3698480725288391
0.35752585530281067 0.3701052665710449
0.35756564140319824 0.37137144804000854
0.3575188219547272 0.3700341582298279
0.3574923872947693 0.36996495723724365
0.3575459420681 0.3697032332420349
0.35754504799842834 0.3700506091117859
0.3574395477771759 0.3701593279838562
0.3575044274330139 0.3703029751777649
0.3574950397014618 0.3697354197502136
0.3574513792991638 0.3694212734699249
0.35750988125801086 0.36942431330680847
0.3574162721633911 0.3698757290840149
0.3574455976486206 0.36978602409362793
0.3573955297470093 0.370079904794693
0.35742679238319397 0.369306743144989
0.35739240050315857 0.36957699060440063
0.35741540789604187 0.36965349316596985
0.3574051856994629 0.36955568194389343
0.3573884069919586 0.3703080415725708
0.35731765627861023 0.3693142533302307
0.35732322931289673 0.36990299820899963
0.35737642645835876 0.369660347700119
0.35732346773147583 0.370146781206131
0.3573562204837799 0.3701198697090149
0.35728996992111206 0.37136971950531006
0.3573002219200134 0.3702296316623688
0.35733363032341003 0.3699580430984497
0.35735517740249634 0.3695824444293976
0.357226699590683 0.36994507908821106
0.3573378622531891 0.36958083510398865
0.3571981191635132 0.36990654468536377
0.3572565019130707 0.3701322376728058
0.3572467863559723 0.37146154046058655
0.3572114408016205 0.3709411919116974
0.35721060633659363 0.3693087100982666
0.35713502764701843 0.37021970748901367
0.3571767210960388 0.36947473883628845
0.35721632838249207 0.3710789084434509
0.357210248708725 0.36976948380470276
0.3571614921092987 0.3695231080055237
0.3571907579898834 0.36966848373413086
0.3571426272392273 0.3695389926433563
0.35714149475097656 0.3698886036872864
0.3571377098560333 0.36937934160232544
0.3571310043334961 0.3702109158039093
0.3570999205112457 0.3706890642642975
0.35717248916625977 0.3698124289512634
0.3570941388607025 0.3697068691253662
0.3570733368396759 0.37025395035743713
0.35714012384414673 0.36938390135765076
0.35708746314048767 0.37159550189971924
0.3570668399333954 0.3698919117450714
0.3570830225944519 0.3695448935031891
0.35707002878189087 0.3695792853832245
0.357030987739563 0.36997678875923157
0.35706138610839844 0.37009596824645996
0.35706818103790283 0.370047003030777
0.3570873439311981 0.36934176087379456
0.35706692934036255 0.3693985939025879
0.3570132553577423 0.3713415265083313
0.35702893137931824 0.37091076374053955
0.35701584815979004 0.36949166655540466
0.3569941818714142 0.36963343620300293
0.357015997171402 0.36920201778411865
0.35697034001350403 0.36914798617362976
0.35699477791786194 0.36966702342033386
0.35696256160736084 0.3689939081668854
0.3569588363170624 0.36939945816993713
0.35702550411224365 0.369891881942749
0.3569071888923645 0.36972320079803467
0.35696327686309814 0.36955729126930237
0.35696589946746826 0.3696042001247406
0.3569156527519226 0.36959630250930786
0.35697805881500244 0.3698623478412628
0.35694384574890137 0.37033355236053467
0.35694384574890137 0.3697199821472168
0.35692721605300903 0.36907675862312317
0.35692715644836426 0.36961621046066284
0.35692769289016724 0.3698536455631256
0.3568691313266754 0.3692217469215393
0.35694390535354614 0.3696172833442688
0.35688522458076477 0.3696308434009552
0.3569146394729614 0.36971738934516907
0.35693246126174927 0.36971569061279297
0.35689935088157654 0.3696271479129791
0.3568369746208191 0.3698657751083374
0.35690128803253174 0.3692757487297058
0.35688304901123047 0.3691348731517792
0.35687971115112305 0.370306134223938
0.3568561375141144 0.36964479088783264
0.35680705308914185 0.36936575174331665
0.35689109563827515 0.3702918291091919
0.3568525016307831 0.36957430839538574
0.35683199763298035 0.36947202682495117
0.356855571269989 0.3692706227302551
0.3568503260612488 0.3698573410511017
