1.4877715110778809 1.502317190170288
1.4785456657409668 1.5002814531326294
1.4772369861602783 1.5070366859436035
1.476406216621399 1.5009554624557495
1.4760018587112427 1.50850510597229
1.47536039352417 1.5017063617706299
1.475264310836792 1.500525951385498
1.4751431941986084 1.5184745788574219
1.4748049974441528 1.4983577728271484
1.4749172925949097 1.5071460008621216
1.4748202562332153 1.5069715976715088
1.4744501113891602 1.498344898223877
1.4746365547180176 1.5021381378173828
1.4746158123016357 1.5025434494018555
1.4742815494537354 1.5007710456848145
1.474189043045044 1.5500651597976685
1.474180817604065 1.5234897136688232
1.474276065826416 1.5000433921813965
1.4740670919418335 1.5036464929580688
1.4740428924560547 1.5084444284439087
1.4740873575210571 1.501842975616455
1.474065899848938 1.5019981861114502
1.4742451906204224 1.5115712881088257
1.474085807800293 1.5248684883117676
1.4738290309906006 1.4992214441299438
1.474029302597046 1.499644160270691
1.4739924669265747 1.517187237739563
1.4739264249801636 1.5029592514038086
1.4739798307418823 1.5019688606262207
1.473815679550171 1.4997711181640625
1.473918080329895 1.5082582235336304
1.4737324714660645 1.5126590728759766
1.4740140438079834 1.513911485671997
1.4737190008163452 1.5091137886047363
1.4738495349884033 1.504111886024475
1.473714828491211 1.5133134126663208
1.4737212657928467 1.5184956789016724
1.473758339881897 1.5067087411880493
1.473656177520752 1.5000101327896118
1.4737374782562256 1.507653832435608
1.473809003829956 1.5061777830123901
1.4737298488616943 1.4991822242736816
1.4736716747283936 1.5114494562149048
1.4737787246704102 1.4993668794631958
1.4735383987426758 1.5057826042175293
1.4736582040786743 1.500774621963501
1.4736766815185547 1.500319480895996
1.4736144542694092 1.5034748315811157
1.4736381769180298 1.5011307001113892
1.4736005067825317 1.5017118453979492
1.4736052751541138 1.5137734413146973
1.4735417366027832 1.5078362226486206
1.473565697669983 1.5072654485702515
1.4736415147781372 1.502139687538147
1.473580002784729 1.5074658393859863
1.473623514175415 1.501484751701355
1.4735076427459717 1.5055888891220093
1.4735201597213745 1.5078563690185547
1.4734444618225098 1.5082993507385254
1.4734303951263428 1.5051665306091309
1.473509430885315 1.5023411512374878
1.4735044240951538 1.5001007318496704
1.4734559059143066 1.5011409521102905
1.4735348224639893 1.5050030946731567
1.4735528230667114 1.5064729452133179
1.4735743999481201 1.5038259029388428
1.4735370874404907 1.5132311582565308
1.4733413457870483 1.5090252161026
1.4734790325164795 1.5057579278945923
1.4735187292099 1.513630747795105
1.473329782485962 1.5084197521209717
1.4734028577804565 1.5009914636611938
1.4733630418777466 1.4999083280563354
1.4734232425689697 1.5069139003753662
1.473495364189148 1.5043296813964844
1.4733859300613403 1.5016748905181885
1.4733881950378418 1.5013328790664673
1.4734389781951904 1.5025718212127686
1.4735075235366821 1.5080111026763916
1.473441481590271 1.5008491277694702
1.4733521938323975 1.5025323629379272
1.4734776020050049 1.5022530555725098
1.473289132118225 1.499026894569397
1.473296880722046 1.5003870725631714
1.44820237159729 1.4212760925292969
1.3833762407302856 1.3996855020523071
1.3752224445343018 1.4018311500549316
1.370215654373169 1.3898580074310303
1.3672332763671875 1.3858516216278076
1.365714192390442 1.3958057165145874
1.3647613525390625 1.3981221914291382
1.3644263744354248 1.400459885597229
1.3638617992401123 1.3925186395645142
1.3632736206054688 1.391445517539978
1.363122582435608 1.3843683004379272
1.3631579875946045 1.3878105878829956
1.3625292778015137 1.3987840414047241
1.3622478246688843 1.4025524854660034
1.3619076013565063 1.4248896837234497
1.3617280721664429 1.3857544660568237
1.361313819885254 1.3854516744613647
1.3610693216323853 1.3891048431396484
1.361171841621399 1.3927775621414185
1.3606783151626587 1.3894002437591553
1.3602532148361206 1.3890957832336426
1.3594858646392822 1.3939954042434692
1.3591787815093994 1.385824203491211
1.3591206073760986 1.3799996376037598
1.3588674068450928 1.3844925165176392
1.357861876487732 1.3825323581695557
1.3581839799880981 1.3837597370147705
1.3578864336013794 1.3861266374588013
1.357384204864502 1.3787217140197754
1.356646180152893 1.3800835609436035
1.3566937446594238 1.3880267143249512
1.3570963144302368 1.3826638460159302
1.3563790321350098 1.3804806470870972
1.3563047647476196 1.381318211555481
1.355826497077942 1.3837475776672363
1.3558310270309448 1.3835541009902954
1.3555094003677368 1.3865814208984375
1.35525381565094 1.3751064538955688
1.3541738986968994 1.378631591796875
1.3521698713302612 1.3764663934707642
1.3385720252990723 1.3382728099822998
1.3058900833129883 1.3030394315719604
1.28126859664917 1.3010485172271729
1.2545101642608643 1.2966461181640625
1.233421802520752 1.2550486326217651
1.2079298496246338 1.1969958543777466
1.1822490692138672 1.1839560270309448
1.1629080772399902 1.1705663204193115
1.1463953256607056 1.1488369703292847
1.1344404220581055 1.1625243425369263
1.1207246780395508 1.1266288757324219
1.1080222129821777 1.1219557523727417
1.0949370861053467 1.1012998819351196
1.0699284076690674 1.0779056549072266
1.0426759719848633 1.0343825817108154
0.9812803864479065 0.9314680099487305
0.9051433205604553 0.8702011704444885
0.8496196269989014 0.8240422606468201
0.817747950553894 0.8195381760597229
0.7946320176124573 0.7817416787147522
0.7771522402763367 0.7709358334541321
0.760679304599762 0.7651943564414978
0.7462117671966553 0.7525539398193359
0.7318519353866577 0.7195326685905457
0.7206447124481201 0.716403603553772
0.7089505195617676 0.6902069449424744
0.69797682762146 0.7089841961860657
0.6886642575263977 0.669963002204895
0.6810120344161987 0.6676831245422363
0.6683609485626221 0.6475729942321777
0.6566573977470398 0.6605159044265747
0.6179027557373047 0.5879877209663391
0.574233889579773 0.5467289090156555
0.5452897548675537 0.5171794891357422
0.5205480456352234 0.5776398777961731
0.49968287348747253 0.5102882385253906
0.48460131883621216 0.4900832176208496
0.47340428829193115 0.4643513262271881
0.46381017565727234 0.4509338438510895
0.45634815096855164 0.44597840309143066
0.45183536410331726 0.4793589413166046
0.4443683326244354 0.4546259641647339
0.43937933444976807 0.4422645568847656
0.4348433315753937 0.4440389573574066
0.4335576593875885 0.44220635294914246
0.4295825660228729 0.4190845787525177
0.42702093720436096 0.4086066484451294
0.4237494170665741 0.4752587378025055
0.4222780466079712 0.404732346534729
0.416268527507782 0.4060437083244324
0.42519980669021606 0.589214563369751
0.4149945080280304 0.4799935221672058
0.4123171865940094 0.4769342243671417
0.4116330146789551 0.40520572662353516
0.41364723443984985 0.3986787796020508
0.40610218048095703 0.40918293595314026
0.4075154960155487 0.39174124598503113
0.4059716463088989 0.394621342420578
0.4018864333629608 0.42311233282089233
0.40151259303092957 0.41587406396865845
0.39917823672294617 0.4085107445716858
0.4006182849407196 0.38582226634025574
0.39677906036376953 0.4082128703594208
0.3984925448894501 0.3924561142921448
0.39560791850090027 0.3751954734325409
0.39898481965065 0.3968521058559418
0.3933399021625519 0.4195501208305359
0.39399468898773193 0.3853757679462433
0.39545828104019165 0.399874746799469
0.39235731959342957 0.3949456512928009
0.3908120095729828 0.38442346453666687
0.3922620415687561 0.38994595408439636
0.3920671343803406 0.37431466579437256
0.38841575384140015 0.3823884129524231
0.38814714550971985 0.5172988772392273
0.3898935616016388 0.5082507729530334
0.39016756415367126 0.41349396109580994
0.38687950372695923 0.3794404864311218
0.3870263397693634 0.37453386187553406
0.3826793432235718 0.3746807873249054
0.3859354257583618 0.3911176919937134
0.385324627161026 0.3862638473510742
0.38353461027145386 0.40986746549606323
0.3824821412563324 0.3743010461330414
0.38137951493263245 0.36964496970176697
0.38434916734695435 0.3702560365200043
0.3826823830604553 0.3671116828918457
0.3831625282764435 0.3979771137237549
0.3825835883617401 0.3881177306175232
0.37868669629096985 0.38140425086021423
0.3776535093784332 0.40758636593818665
0.3781445622444153 0.3757116496562958
0.37828943133354187 0.42910078167915344
0.37782517075538635 0.37792274355888367
0.3751705288887024 0.381229043006897
0.3760450780391693 0.4167461395263672
0.37607342004776 0.44035080075263977
0.37415891885757446 0.38760706782341003
0.3735428750514984 0.4040907919406891
0.37479275465011597 0.37828636169433594
0.37602630257606506 0.38617050647735596
0.37564900517463684 0.3646529018878937
0.37392672896385193 0.36595627665519714
0.37437373399734497 0.3805610239505768
0.37386417388916016 0.36730173230171204
0.3746955990791321 0.37522566318511963
0.3725053369998932 0.367570698261261
0.3710598647594452 0.37573304772377014
0.37213292717933655 0.3672339916229248
0.3690236806869507 0.40575987100601196
0.3697437345981598 0.3568878173828125
0.37023472785949707 0.35979893803596497
0.37041208148002625 0.3843093812465668
0.36907345056533813 0.35832417011260986
0.3784470856189728 0.37400591373443604
0.3661515414714813 0.3673376142978668
0.3680381774902344 0.39989301562309265
0.3658379018306732 0.40859368443489075
0.36783987283706665 0.38724103569984436
0.3645631670951843 0.3594161868095398
0.36579635739326477 0.36982083320617676
0.3664082884788513 0.38254857063293457
0.3667711019515991 0.38017845153808594
0.3650442957878113 0.3544941246509552
0.36332786083221436 0.3686048984527588
0.36456966400146484 0.49359750747680664
0.36278319358825684 0.368666410446167
0.36305147409439087 0.3870345950126648
0.36353209614753723 0.37055546045303345
0.3622579276561737 0.37815260887145996
0.3642204999923706 0.3559298813343048
0.3616997003555298 0.3636266589164734
0.3636341989040375 0.3650254011154175
0.3596304655075073 0.3885948956012726
0.3611801266670227 0.36367055773735046
0.36005690693855286 0.3543773591518402
0.358626127243042 0.36179739236831665
0.36019861698150635 0.3708256483078003
0.361253023147583 0.3800831139087677
0.35919690132141113 0.3806053102016449
0.3586537837982178 0.3564782738685608
0.3589191138744354 0.35068827867507935
0.35881417989730835 0.35302168130874634
0.3587318956851959 0.38468804955482483
0.35755476355552673 0.36165568232536316
0.35631075501441956 0.3550935387611389
0.36346542835235596 0.3598174452781677
0.3556593060493469 0.4722544848918915
0.3571040630340576 0.3491060435771942
0.35652077198028564 0.36233392357826233
0.35964444279670715 0.3528565764427185
0.35568967461586 0.362917423248291
0.3573680818080902 0.3506403863430023
0.356614887714386 0.36336448788642883
0.3559454679489136 0.4891226291656494
0.3545510768890381 0.35698771476745605
0.3567802906036377 0.38416022062301636
0.35766369104385376 0.351011723279953
0.3554493188858032 0.36263495683670044
0.353110134601593 0.3993997573852539
0.3536856770515442 0.34610188007354736
0.3555753827095032 0.3472336232662201
0.3575105667114258 0.3810622990131378
0.3538851737976074 0.3593817949295044
0.35388514399528503 0.3655366897583008
0.3539339303970337 0.3722327947616577
0.3537682890892029 0.35662931203842163
0.3547697067260742 0.3682067096233368
0.35560405254364014 0.35891351103782654
0.35291123390197754 0.3470863401889801
0.35478806495666504 0.38863277435302734
0.35265079140663147 0.34795835614204407
0.35079285502433777 0.4240354299545288
0.3529764413833618 0.35039815306663513
0.352774053812027 0.3664064109325409
0.35841304063796997 0.3867776095867157
0.35123211145401 0.3487379550933838
0.3519277572631836 0.38149648904800415
0.3514680564403534 0.35862529277801514
0.3519217371940613 0.3518991768360138
0.3513110876083374 0.34716564416885376
0.3516702353954315 0.3592756688594818
0.3539867103099823 0.3464512526988983
0.3500709533691406 0.3418981432914734
0.35153111815452576 0.3439466655254364
0.35168492794036865 0.4063693583011627
0.3515041470527649 0.3459587097167969
0.35016992688179016 0.37432748079299927
0.3506576120853424 0.344195157289505
0.3514651954174042 0.34756967425346375
0.3497829735279083 0.3489016592502594
0.35012680292129517 0.34761717915534973
0.3536564111709595 0.3608104884624481
0.3516232967376709 0.3448396921157837
0.34981173276901245 0.3715606927871704
0.350187212228775 0.3423054814338684
0.3487212657928467 0.3588445484638214
0.3490177392959595 0.3549048900604248
0.35191619396209717 0.3634127974510193
0.3496110737323761 0.34080925583839417
0.3510744571685791 0.3619611859321594
0.35154303908348083 0.35404786467552185
0.3485846519470215 0.35938283801078796
0.34965723752975464 0.3947301506996155
0.34764477610588074 0.3474282920360565
0.3486083745956421 0.3523080050945282
0.3544362783432007 0.35170385241508484
0.3466186821460724 0.361348956823349
0.3483949303627014 0.3433694541454315
0.34854626655578613 0.34891313314437866
0.3489765226840973 0.34543952345848083
0.3494056761264801 0.35741543769836426
0.34941408038139343 0.3612489700317383
0.3495391607284546 0.37111055850982666
0.34689047932624817 0.4289492070674896
0.3467938303947449 0.3993414044380188
0.348269522190094 0.34296244382858276
0.3468639850616455 0.34424349665641785
0.347233384847641 0.3424929976463318
0.34797120094299316 0.35184821486473083
0.346219003200531 0.35391026735305786
0.3536030054092407 0.3556499183177948
0.3472815752029419 0.3770042955875397
0.3455474078655243 0.34043794870376587
0.34562838077545166 0.3472321927547455
0.34836381673812866 0.37612631916999817
0.34730762243270874 0.3435900807380676
0.34686195850372314 0.3598523736000061
0.3482302129268646 0.3458484709262848
0.3498136103153229 0.37111330032348633
0.3458784818649292 0.3499595820903778
0.34696340560913086 0.34992995858192444
0.34733086824417114 0.3403319716453552
0.3472445607185364 0.405327707529068
0.3462512791156769 0.3568403720855713
0.34585607051849365 0.34282946586608887
0.3446624279022217 0.3748105764389038
0.34839028120040894 0.35167741775512695
0.3445967435836792 0.3877429962158203
0.3443795144557953 0.35983967781066895
0.345220685005188 0.34850987792015076
0.3444642424583435 0.34090694785118103
0.3457450270652771 0.3487056791782379
0.34479618072509766 0.3537274897098541
0.34541234374046326 0.3464634418487549
0.34407758712768555 0.3800727128982544
0.3429270088672638 0.3452780246734619
0.3505353331565857 0.36972135305404663
0.34394946694374084 0.33890920877456665
0.3443479537963867 0.3410951793193817
0.34455767273902893 0.3591964542865753
0.3425886034965515 0.35001692175865173
0.342768132686615 0.35261866450309753
0.3453213572502136 0.41865700483322144
0.3425202965736389 0.3449057638645172
0.35059458017349243 0.349906861782074
0.3424554169178009 0.3788847029209137
0.34316033124923706 0.33741894364356995
0.34328657388687134 0.36555272340774536
0.34312814474105835 0.3426225185394287
0.34290093183517456 0.34407898783683777
0.3429624140262604 0.3595091700553894
0.3430255651473999 0.3773750364780426
0.3436385989189148 0.3506869375705719
0.3443683385848999 0.34789466857910156
0.3441181480884552 0.3541317880153656
0.3416963517665863 0.3691197633743286
0.3449804484844208 0.3552549481391907
0.3436117470264435 0.35033872723579407
0.3442605137825012 0.3437833786010742
0.3433558940887451 0.34339842200279236
0.34410974383354187 0.37241291999816895
0.34170275926589966 0.36686599254608154
0.3442763686180115 0.36230188608169556
0.34198319911956787 0.361834317445755
0.34370437264442444 0.34866273403167725
0.3427332043647766 0.34353822469711304
0.34313562512397766 0.34205132722854614
0.3411613702774048 0.34419503808021545
0.3415875732898712 0.34297648072242737
0.3405400216579437 0.33809053897857666
0.3429539203643799 0.37287473678588867
0.3415605425834656 0.35262706875801086
0.3394942283630371 0.3789827823638916
0.3399980962276459 0.3700237274169922
0.3405689597129822 0.37731119990348816
0.34173110127449036 0.34269851446151733
0.34094715118408203 0.34029990434646606
0.34061115980148315 0.40883755683898926
0.342422217130661 0.34349575638771057
0.3417312204837799 0.3589887320995331
0.34053534269332886 0.36717915534973145
0.3407217264175415 0.34033137559890747
0.3429917097091675 0.3478377163410187
0.3402808606624603 0.35878098011016846
0.3409915864467621 0.3698408305644989
0.34162381291389465 0.3436923325061798
0.3406538665294647 0.3609088361263275
0.3382766842842102 0.3529709577560425
0.3405437171459198 0.3723532557487488
0.33937370777130127 0.33510613441467285
0.33845803141593933 0.33464035391807556
0.3409636318683624 0.3529278039932251
0.33970993757247925 0.3464046120643616
0.33935487270355225 0.34439703822135925
0.33886998891830444 0.3417918086051941
0.3397541344165802 0.3380184471607208
0.3396987318992615 0.3425412178039551
0.33848556876182556 0.3446768820285797
0.33916622400283813 0.33366483449935913
0.34066256880760193 0.3445093333721161
0.3386566638946533 0.339481383562088
0.33916476368904114 0.35249483585357666
0.3395746946334839 0.35552865266799927
0.3423953354358673 0.34340524673461914
0.3390897214412689 0.3395164906978607
0.33875077962875366 0.35288476943969727
0.3391285240650177 0.368793249130249
0.3385670781135559 0.40032684803009033
0.338308721780777 0.35681965947151184
0.3364066183567047 0.342399924993515
0.33908674120903015 0.3499946892261505
0.34222957491874695 0.35451361536979675
0.3394775688648224 0.35750651359558105
0.33831843733787537 0.33976832032203674
0.33659759163856506 0.35498687624931335
0.3379327654838562 0.33509501814842224
0.3373090326786041 0.38558247685432434
0.34089767932891846 0.3481990098953247
0.3381393253803253 0.34641221165657043
0.33790162205696106 0.3409915566444397
0.33687615394592285 0.3531641364097595
0.33621934056282043 0.33501529693603516
0.3379441797733307 0.3459073007106781
0.33711037039756775 0.35205787420272827
0.3373148441314697 0.3412318825721741
0.3373750150203705 0.37234213948249817
0.33865463733673096 0.34143921732902527
0.33529552817344666 0.3489203453063965
0.3364652991294861 0.3375716507434845
0.33677229285240173 0.34259799122810364
0.3356773555278778 0.33400818705558777
0.3380132019519806 0.3468073606491089
0.33548665046691895 0.3546226918697357
0.3373349905014038 0.33784955739974976
0.3365088999271393 0.36036592721939087
0.3361870348453522 0.33814698457717896
0.3352353870868683 0.3453955054283142
0.3356039822101593 0.33503860235214233
0.33644264936447144 0.34079134464263916
0.334378719329834 0.3395299017429352
0.33464348316192627 0.3506474196910858
0.3349761366844177 0.3972630500793457
0.33748823404312134 0.334536075592041
0.33473506569862366 0.3391145169734955
0.33565500378608704 0.33278143405914307
0.3357023000717163 0.33748602867126465
0.336801677942276 0.33058372139930725
0.3346409797668457 0.33955416083335876
0.3363100290298462 0.3525860607624054
0.33420833945274353 0.3364388346672058
0.3346363306045532 0.3556250035762787
0.3372133672237396 0.33170849084854126
0.3338125944137573 0.3776616156101227
0.3341091275215149 0.35194131731987
0.3365384042263031 0.33309051394462585
0.3324141800403595 0.3460546135902405
0.3378080725669861 0.35396870970726013
0.33501335978507996 0.3831713795661926
0.3345540463924408 0.3327743411064148
0.33563655614852905 0.3393290340900421
0.33404603600502014 0.34256672859191895
0.3350468873977661 0.3332577347755432
0.33350205421447754 0.34245315194129944
0.3352610170841217 0.344767689704895
0.33512166142463684 0.3339032530784607
0.33398693799972534 0.33780065178871155
0.33803337812423706 0.3889909088611603
0.33295607566833496 0.3320643901824951
0.3366743326187134 0.339648574590683
0.3327241539955139 0.33976510167121887
0.3347436785697937 0.3498661518096924
0.33467480540275574 0.35301995277404785
0.33232420682907104 0.34428128600120544
0.3334956169128418 0.34499460458755493
0.33297112584114075 0.3333685100078583
0.33413490653038025 0.33783915638923645
0.3343045115470886 0.34918296337127686
0.3325859606266022 0.34283316135406494
0.33273768424987793 0.3355063796043396
0.3331942558288574 0.33287397027015686
0.33336248993873596 0.33532533049583435
0.3322063386440277 0.3516140580177307
0.3330436944961548 0.33084195852279663
0.3319312036037445 0.3369811177253723
0.33261439204216003 0.34605035185813904
0.33165696263313293 0.3548578917980194
0.33285194635391235 0.35249438881874084
0.3345927894115448 0.34274187684059143
0.3310745656490326 0.3310791850090027
0.3345005214214325 0.3354927599430084
0.33150267601013184 0.3572196662425995
0.3310903012752533 0.3341335356235504
0.33234307169914246 0.33847466111183167
0.33236056566238403 0.34767475724220276
0.3328617811203003 0.36547142267227173
0.33071812987327576 0.33121007680892944
0.33126193284988403 0.32725149393081665
0.3326016962528229 0.3268388509750366
0.3305560052394867 0.3319636285305023
0.33033278584480286 0.34512612223625183
0.3320787847042084 0.33649319410324097
0.33108311891555786 0.34669703245162964
0.3314759433269501 0.37687140703201294
0.33152341842651367 0.3483421802520752
0.33116579055786133 0.331227570772171
0.3318368196487427 0.3517543375492096
0.3310004770755768 0.34010565280914307
0.3311113715171814 0.32947543263435364
0.3320867717266083 0.3379942774772644
0.32991328835487366 0.3287573456764221
0.3310369849205017 0.3574897050857544
0.32924842834472656 0.34060853719711304
0.3317470848560333 0.3961527645587921
0.33074259757995605 0.329778790473938
0.33187875151634216 0.36229535937309265
0.32863491773605347 0.3595461845397949
0.33076661825180054 0.3305400609970093
0.3289300203323364 0.3325170576572418
0.33162978291511536 0.34916409850120544
0.32996460795402527 0.38467302918434143
0.33145010471343994 0.32775551080703735
0.3300790786743164 0.43755462765693665
0.330722451210022 0.3454993665218353
0.32972046732902527 0.35754501819610596
0.32979249954223633 0.3316456973552704
0.32963812351226807 0.3323287069797516
0.3295392692089081 0.3607475459575653
0.33050546050071716 0.33765944838523865
0.33069509267807007 0.3398974537849426
0.3310468792915344 0.3644537925720215
0.32889673113822937 0.34252285957336426
0.3289918005466461 0.34916844964027405
0.32833796739578247 0.3492993712425232
0.3303278684616089 0.3705406188964844
0.32755622267723083 0.33541756868362427
0.3284153640270233 0.32784557342529297
0.3294845521450043 0.3319709599018097
0.32849040627479553 0.3341309130191803
0.32830214500427246 0.34364810585975647
0.3312973976135254 0.33352118730545044
0.328689306974411 0.34526464343070984
0.3284759819507599 0.3330170512199402
0.3294619023799896 0.36087197065353394
0.3297834098339081 0.3362474739551544
0.32903146743774414 0.3261883556842804
0.3289910852909088 0.3382529318332672
0.33017614483833313 0.35029417276382446
0.3286409378051758 0.32945725321769714
0.32926076650619507 0.33302196860313416
0.33057695627212524 0.3594653308391571
0.32799404859542847 0.3409777283668518
0.3284342586994171 0.329905241727829
0.32795992493629456 0.3369559645652771
0.32709813117980957 0.32788118720054626
0.3299148678779602 0.3952523171901703
0.32838886976242065 0.3260679543018341
0.3271169662475586 0.3387002944946289
0.32811832427978516 0.3337272107601166
0.3266109228134155 0.36151695251464844
0.32685500383377075 0.33140864968299866
0.32797667384147644 0.34452953934669495
0.32738617062568665 0.33171316981315613
0.32918068766593933 0.3357011377811432
0.32834434509277344 0.3298749029636383
0.3279911279678345 0.32835128903388977
0.32647424936294556 0.3322738707065582
0.3280467987060547 0.33587729930877686
0.3281029164791107 0.32478994131088257
0.3293732702732086 0.3313484191894531
0.32629695534706116 0.34442901611328125
0.32899209856987 0.34727048873901367
0.3275201916694641 0.34196028113365173
0.33087339997291565 0.32701990008354187
0.3265742063522339 0.3581497073173523
0.3266350030899048 0.3351038694381714
0.32646703720092773 0.326728880405426
0.3273177146911621 0.3334933817386627
0.32796651124954224 0.3461313843727112
0.3276161849498749 0.3379768431186676
0.32647043466567993 0.33799973130226135
0.3279889225959778 0.3637528419494629
0.32719001173973083 0.33706697821617126
0.3263419270515442 0.32719215750694275
0.32570549845695496 0.32855528593063354
0.3265746533870697 0.3357522785663605
0.32700595259666443 0.33084636926651
0.3252692222595215 0.36533066630363464
0.3268984854221344 0.33637896180152893
0.32588520646095276 0.39173153042793274
0.3254421651363373 0.3394690454006195
0.32689228653907776 0.346060186624527
0.32620036602020264 0.3591017425060272
0.32677382230758667 0.34126314520835876
0.32836198806762695 0.33629679679870605
0.3260915279388428 0.3278810977935791
0.3258216083049774 0.3417537808418274
0.32489562034606934 0.3306679427623749
0.3253963887691498 0.3555700182914734
0.3243257403373718 0.34782642126083374
0.32733339071273804 0.3405216336250305
0.32618993520736694 0.33983319997787476
0.32641538977622986 0.3378464877605438
0.32470300793647766 0.34449827671051025
0.3271106481552124 0.3288670480251312
0.3253820240497589 0.32792702317237854
0.3243863582611084 0.41805198788642883
0.326102614402771 0.34967002272605896
0.3253660500049591 0.32730546593666077
0.3268090784549713 0.3365042507648468
0.3249862492084503 0.36155804991722107
0.32584166526794434 0.39185452461242676
0.3246634304523468 0.3271106779575348
0.3278074860572815 0.3334510028362274
0.3264167308807373 0.33402392268180847
0.3250463902950287 0.3389648199081421
0.3237854540348053 0.3342550992965698
0.32633209228515625 0.3280045688152313
0.32481059432029724 0.33250635862350464
0.3252076208591461 0.3330601751804352
0.32645756006240845 0.35469725728034973
0.3270697593688965 0.32881051301956177
0.3245187997817993 0.3354010283946991
0.32437899708747864 0.32833242416381836
0.32427796721458435 0.3828827738761902
0.32496947050094604 0.327499121427536
0.3258459270000458 0.32432088255882263
0.3249697983264923 0.4046017527580261
0.3252325654029846 0.36836978793144226
0.32327234745025635 0.3402178883552551
0.32501885294914246 0.35714012384414673
0.3237726390361786 0.34094640612602234
0.3242117762565613 0.380204975605011
0.32504990696907043 0.32293638586997986
0.3229786157608032 0.33687669038772583
0.32437488436698914 0.32572582364082336
0.3255939483642578 0.3406102955341339
0.32411158084869385 0.34878039360046387
0.3234865963459015 0.36431992053985596
0.3250778019428253 0.33388203382492065
0.32611608505249023 0.3456393778324127
0.32267311215400696 0.335623562335968
0.3246150016784668 0.3446883261203766
0.324169784784317 0.34826552867889404
0.3242442011833191 0.3245546817779541
0.32564231753349304 0.3327520191669464
0.32378748059272766 0.32297828793525696
0.3240286111831665 0.3496515154838562
0.3252096474170685 0.33164167404174805
0.32358789443969727 0.3351711928844452
0.32435697317123413 0.433199405670166
0.32340216636657715 0.32968559861183167
0.3227740228176117 0.3505632281303406
0.323825865983963 0.34906482696533203
0.32398882508277893 0.3619993329048157
0.32438355684280396 0.32432103157043457
0.3239903450012207 0.3401741087436676
0.32333678007125854 0.34445998072624207
0.3239498734474182 0.3430829644203186
0.32373762130737305 0.3533155024051666
0.32305365800857544 0.3263571262359619
0.32285165786743164 0.32859399914741516
0.3234477639198303 0.3271825313568115
0.32280802726745605 0.32588547468185425
0.3222282826900482 0.3484337329864502
0.32310330867767334 0.3385281264781952
0.32437536120414734 0.3312065303325653
0.32453063130378723 0.32622629404067993
0.32450568675994873 0.32613712549209595
0.32398897409439087 0.34423068165779114
0.3239840269088745 0.3399544954299927
0.3231704831123352 0.32511797547340393
0.32203951478004456 0.3342721164226532
0.3222576975822449 0.33386701345443726
0.3215177655220032 0.33554160594940186
0.32184624671936035 0.3341268002986908
0.3229950964450836 0.374916136264801
0.3223511278629303 0.35026583075523376
0.3227648437023163 0.32727691531181335
0.3251027762889862 0.3339061141014099
0.3223300576210022 0.33410578966140747
0.3217359483242035 0.3259756863117218
0.32237738370895386 0.3467237651348114
0.3219779133796692 0.3279454708099365
0.32261765003204346 0.36647990345954895
0.3224385380744934 0.32995665073394775
0.3226167559623718 0.3297802805900574
0.32161328196525574 0.3327033221721649
0.3265131711959839 0.33583351969718933
0.3196602761745453 0.3337748944759369
0.32342153787612915 0.32454976439476013
0.3228241801261902 0.3340925872325897
0.3211924135684967 0.3440572917461395
0.3222929835319519 0.332165390253067
0.32341980934143066 0.3507509231567383
0.3235294818878174 0.3250335454940796
0.325424462556839 0.33070504665374756
0.32461392879486084 0.3256773054599762
0.3240776062011719 0.33452609181404114
0.3234281539916992 0.3273782432079315
0.3217746615409851 0.3230876922607422
0.3223242461681366 0.3292102515697479
0.32314950227737427 0.3358590602874756
0.3227011561393738 0.322179913520813
0.32258957624435425 0.3586108088493347
0.3213556408882141 0.3227880597114563
0.32275766134262085 0.34468352794647217
0.3226199150085449 0.3627300560474396
0.3227824568748474 0.33655261993408203
0.32299500703811646 0.32631585001945496
0.3208187520503998 0.3281136155128479
0.3211587369441986 0.37448549270629883
0.32307156920433044 0.3330955505371094
0.3212448060512543 0.32315683364868164
0.32004299759864807 0.34115657210350037
0.32073643803596497 0.32368186116218567
0.3222943842411041 0.33593907952308655
0.3200599253177643 0.38692885637283325
0.3226349651813507 0.3284304440021515
0.3209689259529114 0.3330664336681366
0.3212507367134094 0.3539585769176483
0.3202129900455475 0.34161272644996643
0.32075801491737366 0.33226943016052246
0.3221396803855896 0.33340829610824585
0.31990373134613037 0.3351953327655792
0.3213444650173187 0.33337774872779846
0.32096582651138306 0.3324432969093323
0.32060444355010986 0.3289039731025696
0.31953081488609314 0.32669204473495483
0.3205077052116394 0.3490872085094452
0.3203902840614319 0.3289114832878113
0.3231642544269562 0.32284146547317505
0.32115283608436584 0.3566989004611969
0.32115256786346436 0.32660168409347534
0.3209523856639862 0.3306213915348053
0.3212335705757141 0.3261008858680725
0.32171630859375 0.32478758692741394
0.3220955729484558 0.3267989754676819
0.3207988440990448 0.3394129276275635
0.3204364478588104 0.3272603750228882
0.3213714361190796 0.3353109359741211
0.3196653425693512 0.33601367473602295
0.3206278383731842 0.32367485761642456
0.32015711069107056 0.3209212124347687
0.32131391763687134 0.32612594962120056
0.3197243809700012 0.33210229873657227
0.31997689604759216 0.34010717272758484
0.3205198347568512 0.32074496150016785
0.3198060095310211 0.3438253104686737
0.31891581416130066 0.328932523727417
0.3195137679576874 0.32470548152923584
0.3202730417251587 0.337242990732193
0.3210847079753876 0.32568010687828064
0.3195287585258484 0.3398993909358978
0.32007497549057007 0.3254210352897644
0.3193603754043579 0.32553085684776306
0.3199848234653473 0.3240295946598053
0.3200344145298004 0.3212394416332245
0.31932973861694336 0.3256164491176605
0.3194348216056824 0.3295362591743469
0.3192097842693329 0.3357987105846405
0.32026636600494385 0.32869768142700195
0.31780850887298584 0.33382123708724976
0.3198760151863098 0.3245384395122528
0.32137641310691833 0.33905065059661865
0.31856274604797363 0.3442869186401367
0.31878283619880676 0.3472420573234558
0.31846097111701965 0.3348011076450348
0.3200182318687439 0.3494355380535126
0.3202572762966156 0.33765730261802673
0.31967100501060486 0.32531946897506714
0.3193545639514923 0.3334888517856598
0.3190501928329468 0.32963886857032776
0.31996268033981323 0.326192170381546
0.318447470664978 0.33763039112091064
0.3187061548233032 0.3219837546348572
0.32027745246887207 0.33825117349624634
0.31853604316711426 0.3445048928260803
0.31874963641166687 0.3217826187610626
0.3204614222049713 0.33333054184913635
0.3184998333454132 0.33784112334251404
0.31754061579704285 0.3204959034919739
0.3197315037250519 0.32779502868652344
0.31838861107826233 0.3320910930633545
0.31863945722579956 0.33219248056411743
0.3195488154888153 0.32674476504325867
0.3174898326396942 0.32291725277900696
0.317792147397995 0.32750752568244934
0.31926387548446655 0.3209783434867859
0.31801870465278625 0.3278685212135315
0.3188275694847107 0.32811078429222107
0.31870973110198975 0.34150081872940063
0.3183392584323883 0.3235221207141876
0.3179596960544586 0.33284226059913635
0.3190622627735138 0.32201123237609863
0.31874772906303406 0.3349335491657257
0.31754183769226074 0.32775846123695374
0.318423867225647 0.3398662805557251
0.31736791133880615 0.32601240277290344
0.31784963607788086 0.327350914478302
0.3192977011203766 0.32281017303466797
0.3199223577976227 0.3236497640609741
0.31764400005340576 0.3612843453884125
0.31876012682914734 0.34658852219581604
0.31807711720466614 0.32190385460853577
0.3178182542324066 0.3335748016834259
0.3186107277870178 0.34086284041404724
0.31845906376838684 0.35196101665496826
0.3181566894054413 0.35108518600463867
0.31713807582855225 0.3521259129047394
0.3160027265548706 0.32747209072113037
0.31693097949028015 0.3357223570346832
0.3188631236553192 0.35181522369384766
0.3170863091945648 0.32633739709854126
0.31693994998931885 0.3197653293609619
0.3170498311519623 0.33084747195243835
0.31545358896255493 0.369034081697464
0.3191359043121338 0.3216431438922882
0.31744545698165894 0.31966540217399597
0.31700876355171204 0.3336421251296997
0.3176456093788147 0.33780762553215027
0.3159445524215698 0.33618369698524475
0.3169264495372772 0.324821412563324
0.3183281421661377 0.3231924772262573
0.31608447432518005 0.3396782875061035
0.3174511194229126 0.3599015772342682
0.3179387152194977 0.3271965980529785
0.31794601678848267 0.33544084429740906
0.3174218535423279 0.3227596879005432
0.31738853454589844 0.3434215486049652
0.3164251446723938 0.3242062032222748
0.31716015934944153 0.32734259963035583
0.3175038695335388 0.3294540345668793
0.31590938568115234 0.34372222423553467
0.3165345788002014 0.3333478569984436
0.3170609474182129 0.324019193649292
0.3156852126121521 0.3520457148551941
0.3173443377017975 0.31913045048713684
0.31926441192626953 0.3219432830810547
0.31663474440574646 0.32055699825286865
0.31627923250198364 0.3196161985397339
0.31729811429977417 0.3428480625152588
0.317513644695282 0.3210076689720154
0.3158736824989319 0.3313962519168854
0.31757381558418274 0.36519116163253784
0.3156917691230774 0.3649805188179016
0.31641843914985657 0.32381418347358704
0.31508979201316833 0.32491040229797363
0.3178700804710388 0.3339636027812958
0.3157724142074585 0.3258345127105713
0.31579071283340454 0.32897070050239563
0.3162391483783722 0.3649046719074249
0.31769105792045593 0.33489513397216797
0.3171612322330475 0.3288116753101349
0.31627345085144043 0.33165469765663147
0.3161671459674835 0.3206835389137268
0.31628790497779846 0.3196089267730713
0.31438061594963074 0.31949901580810547
0.3163847029209137 0.326252818107605
0.31585654616355896 0.34128448367118835
0.3162387013435364 0.338897168636322
0.31583109498023987 0.3383268415927887
0.3158445954322815 0.3375025987625122
0.3159891963005066 0.35785290598869324
0.31614747643470764 0.32822683453559875
0.31512436270713806 0.3389911651611328
0.31655430793762207 0.3214210569858551
0.3165174722671509 0.3212519586086273
0.31599336862564087 0.3563298285007477
0.3150618076324463 0.35132336616516113
0.3158923387527466 0.3575340807437897
0.31638413667678833 0.32417231798171997
0.3159201145172119 0.33620867133140564
0.31507542729377747 0.3232121169567108
0.31611168384552 0.3255983591079712
0.31548842787742615 0.3246581554412842
0.3149034380912781 0.3321710228919983
0.31718501448631287 0.3550134599208832
0.3147072494029999 0.3328585922718048
0.3155755400657654 0.3191837966442108
0.31612318754196167 0.3319321274757385
0.3161148428916931 0.32741865515708923
0.3157428801059723 0.3418727219104767
0.31679069995880127 0.36186715960502625
0.3147265315055847 0.34737205505371094
0.31540408730506897 0.3284112215042114
0.31488221883773804 0.32646527886390686
0.3154202997684479 0.3222740590572357
0.3166328966617584 0.3244834542274475
0.3151377737522125 0.32329973578453064
0.3144899308681488 0.3210548758506775
0.31527671217918396 0.34823301434516907
0.3152509331703186 0.3222101926803589
0.3151402771472931 0.324750691652298
0.31610456109046936 0.3405545651912689
0.3165774941444397 0.3341914713382721
0.31595879793167114 0.33385494351387024
0.31416070461273193 0.325723260641098
0.31408625841140747 0.34218311309814453
0.3155098557472229 0.32357046008110046
0.3146301209926605 0.3248649537563324
0.3164082467556 0.3205951750278473
0.31359589099884033 0.3192136883735657
0.31446927785873413 0.3365445137023926
0.3152107000350952 0.32676270604133606
0.31488701701164246 0.3306228220462799
0.31538522243499756 0.32432821393013
0.31417039036750793 0.34413230419158936
0.3167678117752075 0.3317951560020447
0.3141624331474304 0.3402605950832367
0.31457552313804626 0.318203330039978
0.31518834829330444 0.3284265398979187
0.3137144148349762 0.3440319299697876
0.31343144178390503 0.328192800283432
0.31553828716278076 0.3442029654979706
0.3139142692089081 0.3201267421245575
0.314312607049942 0.3505082130432129
0.31467577815055847 0.3262724280357361
0.3144012689590454 0.3261896073818207
0.31681016087532043 0.32373642921447754
0.31533604860305786 0.3271139860153198
0.31180617213249207 0.32524773478507996
0.3157460391521454 0.3494510054588318
0.3146640956401825 0.3317382037639618
0.3147113025188446 0.3201233744621277
0.31404373049736023 0.3619573712348938
0.31301718950271606 0.3569788634777069
0.3131553828716278 0.3364431858062744
0.31356510519981384 0.3209661543369293
0.312684565782547 0.3217773139476776
0.3153259754180908 0.3196462392807007
0.3146751821041107 0.3270654082298279
0.31228190660476685 0.3217632472515106
0.3133644163608551 0.37045493721961975
0.3134183883666992 0.3186991810798645
0.31368911266326904 0.3223547637462616
0.31533461809158325 0.3313048481941223
0.3132857084274292 0.3196583688259125
0.3142813444137573 0.31872183084487915
0.31355804204940796 0.31900444626808167
0.31503933668136597 0.3446277379989624
0.3133358657360077 0.32169249653816223
0.3133622407913208 0.322756290435791
0.3148138225078583 0.3209216594696045
0.31232547760009766 0.32628852128982544
0.31509435176849365 0.3230762481689453
0.31258371472358704 0.33939793705940247
0.31381332874298096 0.32193249464035034
0.3125629723072052 0.31960436701774597
0.3129722476005554 0.3171619772911072
0.31318214535713196 0.31950053572654724
0.3125323951244354 0.3437395393848419
0.3145384192466736 0.32138749957084656
0.3135126233100891 0.3206228017807007
0.31325262784957886 0.3282816708087921
0.3129727244377136 0.3201591968536377
0.3131101131439209 0.3301631808280945
0.31401526927948 0.32001546025276184
0.31262579560279846 0.3329113721847534
0.31445077061653137 0.32811155915260315
0.3137352466583252 0.31790271401405334
0.3141211271286011 0.35615110397338867
0.3142728805541992 0.3374246060848236
0.313107430934906 0.32488059997558594
0.313400536775589 0.3316410481929779
0.31265929341316223 0.31730395555496216
