1.4976928234100342 1.5005837678909302
1.4801117181777954 1.5246407985687256
1.4780750274658203 1.5008058547973633
1.4795643091201782 1.5417181253433228
1.4739336967468262 1.4910365343093872
1.4648733139038086 1.4947701692581177
1.4531391859054565 1.505962610244751
1.4359567165374756 1.4372344017028809
1.12165105342865 0.851586639881134
0.7539295554161072 0.7387226223945618
0.6704033017158508 0.6729803681373596
0.6312141418457031 0.6397085785865784
0.6004835963249207 0.600046694278717
0.5810359120368958 0.5691570043563843
0.5671242475509644 0.562211275100708
0.5524718761444092 0.5904086828231812
0.545643150806427 0.5418972969055176
0.5339404344558716 0.521097719669342
0.5271852612495422 0.5357188582420349
0.5218806266784668 0.5395022630691528
0.5139598846435547 0.539954423904419
0.5102362036705017 0.4988383948802948
0.5088284015655518 0.48471730947494507
0.5021860599517822 0.5201691389083862
0.4971131980419159 0.5094307065010071
0.49265581369400024 0.484663188457489
0.48949944972991943 0.4792862832546234
0.48530322313308716 0.4772244989871979
0.4802279472351074 0.5074787139892578
0.47772017121315 0.47926291823387146
0.47451546788215637 0.4780943989753723
0.4711429178714752 0.46635568141937256
0.4679383337497711 0.46624934673309326
0.46591436862945557 0.45986244082450867
0.46349865198135376 0.4713682532310486
0.46046876907348633 0.47295284271240234
0.4583369493484497 0.46708017587661743
0.45676520466804504 0.44535377621650696
0.45477095246315 0.48676401376724243
0.4562910199165344 0.47796010971069336
0.45388099551200867 0.4465510845184326
0.45287030935287476 0.46022656559944153
0.44774681329727173 0.47378984093666077
0.44763466715812683 0.45418840646743774
0.4444449245929718 0.4372215270996094
0.4445968270301819 0.4400377571582794
0.44532129168510437 0.45159509778022766
0.4428143799304962 0.45396584272384644
0.44235628843307495 0.4566550552845001
0.44029590487480164 0.4550306499004364
0.43778467178344727 0.44035032391548157
0.4385998249053955 0.44549283385276794
0.4381750822067261 0.430105596780777
0.434320867061615 0.45984524488449097
0.4345468580722809 0.43958744406700134
0.4336412847042084 0.4184374511241913
0.43393635749816895 0.4284885823726654
0.429489403963089 0.43343207240104675
0.42999449372291565 0.4353516399860382
0.4313206374645233 0.4390439987182617
0.42836982011795044 0.4607546329498291
0.4297156035900116 0.4128873348236084
0.4255603551864624 0.43613389134407043
0.4253729283809662 0.46583786606788635
0.4247915744781494 0.4222791790962219
0.4227845370769501 0.4321465790271759
0.4225350022315979 0.41217395663261414
0.4203488528728485 0.42455795407295227
0.41797664761543274 0.422807514667511
0.42034071683883667 0.4308150112628937
0.4178743064403534 0.4243137836456299
0.4172716438770294 0.4341435432434082
0.4156007468700409 0.45135241746902466
0.4134557545185089 0.4082220494747162
0.4123677909374237 0.4155937731266022
0.4145042598247528 0.47096356749534607
0.41372162103652954 0.4521283507347107
0.4103766083717346 0.44625797867774963
0.41176027059555054 0.41172081232070923
0.4099993407726288 0.419831782579422
0.40811687707901 0.41301992535591125
0.407147616147995 0.4234209358692169
0.40663278102874756 0.40621688961982727
0.406504362821579 0.4279005229473114
0.4049146771430969 0.397296279668808
0.4028039872646332 0.4058740437030792
0.40399569272994995 0.39929401874542236
0.40261179208755493 0.4159022271633148
0.3999340236186981 0.4714370667934418
0.39925703406333923 0.4457319378852844
0.4011012315750122 0.46710333228111267
0.3992635905742645 0.38959604501724243
0.3989512622356415 0.40320226550102234
0.4001602530479431 0.4219537079334259
0.39823591709136963 0.39555495977401733
0.39575690031051636 0.40027958154678345
0.39861008524894714 0.3955203890800476
0.3956155478954315 0.4550567865371704
0.3947438597679138 0.4362824857234955
0.3939118981361389 0.40637293457984924
0.3924712836742401 0.3840360641479492
0.39166581630706787 0.3841609060764313
0.3887505829334259 0.4381004869937897
0.3894343078136444 0.3882109224796295
0.38794949650764465 0.41553786396980286
0.38929376006126404 0.42329341173171997
0.38817715644836426 0.40083691477775574
0.38710641860961914 0.40515708923339844
0.3869914412498474 0.3873007297515869
0.38526248931884766 0.3967360556125641
0.3852015733718872 0.391896516084671
0.3843603730201721 0.3744373917579651
0.38387763500213623 0.3821965157985687
0.38405540585517883 0.39737606048583984
0.3830224275588989 0.43612831830978394
0.38333433866500854 0.37794890999794006
0.383084774017334 0.37877127528190613
0.3827081024646759 0.37182536721229553
0.38237038254737854 0.38890597224235535
0.38034969568252563 0.3783367872238159
0.38038134574890137 0.3841017782688141
0.3776746988296509 0.4151865243911743
0.3805377781391144 0.40547531843185425
0.37742364406585693 0.4316486716270447
0.37774816155433655 0.3802436590194702
0.3767823576927185 0.3779871463775635
0.37816551327705383 0.3838772475719452
0.3769943118095398 0.3782467544078827
0.37634211778640747 0.4240085184574127
0.3762456178665161 0.39792588353157043
0.3749094307422638 0.3738274574279785
0.37560489773750305 0.3826087415218353
0.37585943937301636 0.3745008111000061
0.37486210465431213 0.39189016819000244
0.37442004680633545 0.3694038689136505
0.37200337648391724 0.38980498909950256
0.3718574643135071 0.390813410282135
0.37163862586021423 0.39915215969085693
0.37018534541130066 0.3720345199108124
0.37086036801338196 0.3782212436199188
0.37082868814468384 0.37484365701675415
0.3701331913471222 0.3756263554096222
0.368915319442749 0.38104718923568726
0.3694002628326416 0.36870893836021423
0.3695950508117676 0.4085215926170349
0.36946019530296326 0.37570303678512573
0.36940860748291016 0.4046750068664551
0.36766695976257324 0.3831905424594879
0.36747369170188904 0.384609580039978
0.36716988682746887 0.3840286433696747
0.36732813715934753 0.40023544430732727
0.3668769896030426 0.3715486228466034
0.36741146445274353 0.3686408996582031
0.36519938707351685 0.3597090244293213
0.36678004264831543 0.3746435344219208
0.36656367778778076 0.3738105893135071
0.3644266426563263 0.3611219525337219
0.3646146357059479 0.3745846152305603
0.36409029364585876 0.3794975280761719
0.364708811044693 0.3642292022705078
0.36384260654449463 0.3726477026939392
0.3647182285785675 0.378292441368103
0.3636094033718109 0.3573247790336609
0.3648185729980469 0.36931949853897095
0.3643859326839447 0.36514630913734436
0.36152541637420654 0.3669470250606537
0.3645103871822357 0.36031633615493774
0.36461341381073 0.35596469044685364
0.36165574193000793 0.38029855489730835
0.3620755970478058 0.3825579583644867
0.36152228713035583 0.378172367811203
0.36118069291114807 0.3790638744831085
0.36118441820144653 0.35767248272895813
0.35979628562927246 0.37523409724235535
0.3603086769580841 0.3645503520965576
0.3617623746395111 0.37087705731391907
0.3584737181663513 0.36288973689079285
0.3603377342224121 0.3702368140220642
0.3603876233100891 0.42339152097702026
0.3591643273830414 0.372639536857605
0.3577035665512085 0.3678673207759857
0.3596416115760803 0.38328468799591064
0.35895511507987976 0.36663344502449036
0.36081254482269287 0.35848289728164673
0.35994231700897217 0.3691140413284302
0.35981547832489014 0.35443809628486633
0.3586629033088684 0.35560929775238037
0.3579659163951874 0.3660333454608917
0.4262210428714752 0.5577352046966553
0.4593719244003296 0.4237380623817444
0.4048027992248535 0.39155545830726624
0.3857213854789734 0.38085344433784485
0.3766615092754364 0.35979852080345154
0.3723476827144623 0.38620662689208984
0.3702361583709717 0.3799135088920593
0.3678748607635498 0.35561588406562805
0.36595457792282104 0.36182135343551636
0.3657444417476654 0.37156999111175537
0.36134111881256104 0.354837030172348
0.36208003759384155 0.36134088039398193
0.36003321409225464 0.36081236600875854
0.3601095378398895 0.35093432664871216
0.35807040333747864 0.3508506417274475
0.35806983709335327 0.3787442445755005
0.3575814366340637 0.35721296072006226
0.3573205769062042 0.34827467799186707
0.3555298149585724 0.3538353443145752
0.35573822259902954 0.38146212697029114
0.355397492647171 0.3483491837978363
0.3557248115539551 0.381207138299942
0.35461363196372986 0.3696896731853485
0.3524683117866516 0.3988841772079468
0.35275861620903015 0.35856157541275024
0.3525559902191162 0.3660908341407776
0.3519997298717499 0.365194708108902
0.3494216203689575 0.3529449999332428
0.3513430058956146 0.36641040444374084
0.35164496302604675 0.35857683420181274
0.34969282150268555 0.37635546922683716
0.35009923577308655 0.3465382754802704
0.3494568169116974 0.3374720513820648
0.348711758852005 0.3601257801055908
0.3482852578163147 0.34176328778266907
0.34836411476135254 0.3496949374675751
0.34767946600914 0.34142768383026123
0.34856775403022766 0.35273677110671997
0.34710466861724854 0.41903361678123474
0.34772273898124695 0.3507017195224762
0.3480631411075592 0.3714916706085205
0.34775304794311523 0.37258273363113403
0.3476708233356476 0.34290003776550293
0.3456372320652008 0.3391262888908386
0.3458154499530792 0.3827735185623169
0.3465704619884491 0.35422179102897644
0.3451349437236786 0.3498581647872925
0.34472477436065674 0.39240506291389465
0.3446195423603058 0.3473750352859497
0.344363808631897 0.35357561707496643
0.3450412452220917 0.33942195773124695
0.3439432382583618 0.3438105881214142
0.3432660698890686 0.35293734073638916
0.3439563512802124 0.3496004343032837
0.34557458758354187 0.35546234250068665
0.3435644209384918 0.38008570671081543
0.3439735174179077 0.33821001648902893
0.3429638147354126 0.3570064604282379
0.34255263209342957 0.339979887008667
0.34265393018722534 0.3588767349720001
0.3435775637626648 0.35598623752593994
0.341185063123703 0.3544784188270569
0.3417055308818817 0.3478235900402069
0.34114158153533936 0.3840519189834595
0.34218189120292664 0.33670321106910706
0.34242692589759827 0.35576868057250977
0.342521607875824 0.34052354097366333
0.3422508239746094 0.33541610836982727
0.3407554030418396 0.3430980145931244
0.3414822220802307 0.3469204008579254
0.3406919836997986 0.33686161041259766
0.34144270420074463 0.3602191209793091
0.34080642461776733 0.3443809747695923
0.33954936265945435 0.33178386092185974
0.3409445881843567 0.3531683087348938
0.3397512137889862 0.3864601254463196
0.3406888544559479 0.34908074140548706
0.33976849913597107 0.33791086077690125
0.3398881256580353 0.34122583270072937
0.33967646956443787 0.37254324555397034
0.33943772315979004 0.3544085621833801
0.3378183841705322 0.3711017072200775
0.3395254611968994 0.3361637592315674
0.33914655447006226 0.3620532155036926
0.337442010641098 0.3811132609844208
0.33786502480506897 0.37079620361328125
0.33808717131614685 0.3550161123275757
0.3363765776157379 0.3393534719944
0.3379666209220886 0.33596283197402954
0.33735954761505127 0.3390994668006897
0.337525874376297 0.3383767008781433
0.3358510136604309 0.3376215100288391
0.33791235089302063 0.3515433669090271
0.33498871326446533 0.34663891792297363
0.3371632695198059 0.33371108770370483
0.33599984645843506 0.3396831154823303
0.3379053771495819 0.3398573696613312
0.3357603847980499 0.3341989815235138
0.336186945438385 0.36403635144233704
0.33720752596855164 0.34918147325515747
0.336169958114624 0.3400498032569885
0.33581963181495667 0.3900239169597626
0.3358563780784607 0.3433009088039398
0.3366275131702423 0.33493772149086
0.3350631296634674 0.3360837697982788
0.3344918489456177 0.34930524230003357
0.33468756079673767 0.3398585319519043
0.33520787954330444 0.3338034451007843
0.3362049162387848 0.351505309343338
0.33422166109085083 0.3308713436126709
0.3347266912460327 0.33647793531417847
0.33554959297180176 0.36185070872306824
0.334673136472702 0.3676174581050873
0.3357703387737274 0.335043340921402
0.3355056047439575 0.35653170943260193
0.3331364691257477 0.40890491008758545
0.33262088894844055 0.34592896699905396
0.33359384536743164 0.4024770259857178
0.33490854501724243 0.3342103064060211
0.3340061902999878 0.3579759895801544
0.3333840072154999 0.36367958784103394
0.33383867144584656 0.3517322242259979
0.3322407007217407 0.335813969373703
0.33270102739334106 0.345184326171875
0.33319032192230225 0.395511656999588
0.33271393179893494 0.35371527075767517
0.3304283320903778 0.3450614809989929
0.33161288499832153 0.35849031805992126
0.33217522501945496 0.34382006525993347
0.33231624960899353 0.34116581082344055
0.3321600556373596 0.34006938338279724
0.33155426383018494 0.33484259247779846
0.3301340937614441 0.3380660116672516
0.33268630504608154 0.35350191593170166
0.33224958181381226 0.33023694157600403
0.33144351840019226 0.3319586217403412
0.33108097314834595 0.3731880187988281
0.33231478929519653 0.34281131625175476
0.33107972145080566 0.35188302397727966
0.33079975843429565 0.3342553675174713
0.333028644323349 0.34148669242858887
0.3311257064342499 0.3360790014266968
0.32957014441490173 0.3444097936153412
0.33275726437568665 0.3434422016143799
0.3319603502750397 0.3482491672039032
0.33094674348831177 0.33246803283691406
0.3321341872215271 0.37068623304367065
0.3311857581138611 0.3455582559108734
0.33112847805023193 0.3506639897823334
0.3298201858997345 0.3448277711868286
0.329358845949173 0.3372679054737091
0.3294615149497986 0.34912043809890747
0.329345703125 0.3350846767425537
0.3297080993652344 0.3272673487663269
0.32858091592788696 0.3467501103878021
0.3301524817943573 0.34258899092674255
0.3283635675907135 0.3372982144355774
0.32914116978645325 0.3366748094558716
0.3289317488670349 0.3382497727870941
0.32867321372032166 0.35255488753318787
0.3281247317790985 0.3801526427268982
0.3289938271045685 0.3356667160987854
0.32908713817596436 0.3569678068161011
0.328777939081192 0.35635823011398315
0.32779309153556824 0.3438014090061188
0.32871147990226746 0.3409329950809479
0.32841309905052185 0.41125625371932983
0.32818883657455444 0.3386146128177643
0.32783111929893494 0.4079107344150543
0.3280896842479706 0.35893458127975464
0.32710716128349304 0.3425137996673584
0.32840749621391296 0.332256555557251
0.328068345785141 0.32769379019737244
0.32646119594573975 0.3370501697063446
0.32867100834846497 0.3645276725292206
0.32764187455177307 0.3678084909915924
0.32728248834609985 0.32926979660987854
0.3280908465385437 0.3392089307308197
0.3281664550304413 0.34326985478401184
0.3271775543689728 0.38435912132263184
0.32824137806892395 0.33783072233200073
0.3270235061645508 0.35513755679130554
0.3276377320289612 0.3812935948371887
0.3259155750274658 0.3411554992198944
0.3275209963321686 0.33370959758758545
0.32596883177757263 0.33173123002052307
0.32555657625198364 0.34314194321632385
0.32584935426712036 0.34479668736457825
0.3258300721645355 0.33316460251808167
0.32657068967819214 0.339616060256958
0.32531702518463135 0.32934513688087463
0.3258568346500397 0.3372490406036377
0.32573801279067993 0.3288378119468689
0.3247168958187103 0.36184394359588623
0.3252940773963928 0.3380029499530792
0.3243735432624817 0.3336493968963623
0.3251989483833313 0.330546110868454
0.32423222064971924 0.3280949890613556
0.32468804717063904 0.3287927806377411
0.32527291774749756 0.3401212692260742
0.32502585649490356 0.3392113745212555
0.3244018852710724 0.3490446209907532
0.32529571652412415 0.3356814980506897
0.3244358003139496 0.3358440697193146
0.32592347264289856 0.34698137640953064
0.32481318712234497 0.33295968174934387
0.3247826099395752 0.3676726818084717
0.32632383704185486 0.32791873812675476
0.3241084814071655 0.3349766135215759
0.324546217918396 0.3497559428215027
0.32426536083221436 0.3359086811542511
0.3244818449020386 0.3397948741912842
0.3241839110851288 0.3541490137577057
0.32488909363746643 0.32515445351600647
0.3244122564792633 0.329027384519577
0.3239125907421112 0.3342824876308441
0.3240192234516144 0.34830352663993835
0.3222101628780365 0.3348439931869507
0.32252657413482666 0.3609549105167389
0.32453393936157227 0.34567540884017944
0.32230451703071594 0.34938764572143555
0.3229796886444092 0.3417532742023468
0.3229476511478424 0.3256523609161377
0.32231685519218445 0.35371577739715576
0.3232133984565735 0.353790819644928
0.3211318552494049 0.3489922285079956
0.32210418581962585 0.33289626240730286
0.3227880299091339 0.3618621826171875
0.3227894604206085 0.3459455668926239
0.32270464301109314 0.33387139439582825
0.32270699739456177 0.32738804817199707
0.3231969475746155 0.333731472492218
0.32325708866119385 0.3417867422103882
0.32327622175216675 0.352125346660614
0.32184916734695435 0.34359538555145264
0.32240381836891174 0.3354531228542328
0.32232826948165894 0.36189916729927063
0.32244545221328735 0.3399678170681
0.32250967621803284 0.34529682993888855
0.3220682740211487 0.33170539140701294
0.3202948570251465 0.32977959513664246
0.32208913564682007 0.34063318371772766
0.3220728933811188 0.3388071358203888
0.32201284170150757 0.3377932012081146
0.322042316198349 0.3309856355190277
0.3213893473148346 0.3361346423625946
0.32185861468315125 0.3702853322029114
0.3209076523780823 0.33989930152893066
0.3206821382045746 0.3447516858577728
0.32238516211509705 0.331769198179245
0.321399450302124 0.3910152018070221
0.3217950165271759 0.3364045321941376
0.31923362612724304 0.33334994316101074
0.3197585642337799 0.32926344871520996
0.3216288089752197 0.3526355028152466
0.3196254372596741 0.3292711675167084
0.3194694221019745 0.3317262530326843
0.3202059864997864 0.33857765793800354
0.3210560083389282 0.3286183774471283
0.3196580410003662 0.369752436876297
0.3197479546070099 0.3654114305973053
0.3201243281364441 0.3418215215206146
0.32025110721588135 0.33677342534065247
0.3204728662967682 0.3332231044769287
0.31956714391708374 0.33131080865859985
0.3205625116825104 0.3369636535644531
0.31983181834220886 0.36116448044776917
0.3191494941711426 0.3522723615169525
0.31964507699012756 0.3282982409000397
0.32075220346450806 0.3515342175960541
0.31884756684303284 0.3467927873134613
0.32074713706970215 0.3436521887779236
0.3197968006134033 0.345031201839447
0.3201567828655243 0.34317559003829956
0.32122907042503357 0.3429715931415558
0.31946611404418945 0.3261972963809967
0.3201107680797577 0.33760398626327515
0.3193242847919464 0.3380843698978424
0.31954526901245117 0.32743000984191895
0.31956586241722107 0.33534541726112366
0.3197341561317444 0.4048596918582916
0.3187097907066345 0.3457091748714447
0.31766435503959656 0.3414067327976227
0.31768184900283813 0.3408247232437134
0.318965882062912 0.3558661639690399
0.31832462549209595 0.33497437834739685
0.3185834288597107 0.3358990252017975
0.31813621520996094 0.33108967542648315
0.3177293837070465 0.33137622475624084
0.3169858753681183 0.3489072918891907
0.31689542531967163 0.33035898208618164
0.31714141368865967 0.3539382517337799
0.31708574295043945 0.3408123552799225
0.3185713291168213 0.3289751708507538
0.31762227416038513 0.3280928134918213
0.3173275291919708 0.343189001083374
0.3170812726020813 0.33673104643821716
0.31681767106056213 0.340141624212265
0.3175092041492462 0.32826411724090576
0.3167540729045868 0.33813732862472534
0.3170665204524994 0.3528658449649811
0.31894323229789734 0.3334994912147522
0.31714677810668945 0.3363509774208069
0.31638380885124207 0.3451167047023773
0.3178330659866333 0.33011987805366516
0.3157331049442291 0.3318391740322113
0.3171054422855377 0.3503352701663971
0.31777313351631165 0.33688369393348694
0.317094087600708 0.3377792537212372
0.3176094591617584 0.3495282828807831
0.3176959156990051 0.3382740616798401
0.3166605532169342 0.3614389896392822
0.3150671720504761 0.332522988319397
0.31672078371047974 0.33807528018951416
0.31501471996307373 0.3373894989490509
0.31682679057121277 0.33484894037246704
0.3160956799983978 0.3381010890007019
0.3145908713340759 0.3534345030784607
0.31461143493652344 0.326947420835495
0.3149378001689911 0.34955886006355286
0.3146877884864807 0.32884883880615234
0.3142165541648865 0.3284711241722107
0.3146947920322418 0.34265998005867004
0.31519007682800293 0.3388477563858032
0.3151388168334961 0.34267058968544006
0.3142962157726288 0.33178195357322693
0.3141815960407257 0.3429762125015259
0.31382322311401367 0.3322131037712097
0.3146868646144867 0.3346360921859741
0.31482788920402527 0.3433651924133301
0.3151230216026306 0.33207082748413086
0.31390124559402466 0.33160412311553955
0.31495201587677 0.3268117308616638
0.31491443514823914 0.36888617277145386
0.313877671957016 0.3617469072341919
0.3141407072544098 0.35429272055625916
0.315136581659317 0.38006600737571716
0.3137161433696747 0.32685285806655884
0.31278592348098755 0.33208367228507996
0.3145720064640045 0.3449179530143738
0.3155074417591095 0.33517518639564514
0.31366345286369324 0.3544352948665619
0.3157426416873932 0.3390398621559143
0.3140963912010193 0.3312869668006897
0.31550467014312744 0.33424270153045654
0.31440791487693787 0.3349775969982147
0.3139069378376007 0.33952513337135315
0.3140868842601776 0.34910303354263306
0.31396928429603577 0.33135706186294556
0.31384021043777466 0.3374548554420471
0.3132021725177765 0.33487242460250854
0.312440425157547 0.35967639088630676
0.3124140501022339 0.34781473875045776
0.3140788674354553 0.33225467801094055
0.3126213848590851 0.3516538143157959
0.31228962540626526 0.334982693195343
0.312677800655365 0.3592126667499542
0.3124811053276062 0.34259116649627686
0.31146419048309326 0.33668434619903564
0.31130221486091614 0.32695525884628296
0.3121052086353302 0.3358243405818939
0.31226590275764465 0.3511492609977722
0.3124818205833435 0.33716505765914917
0.31197065114974976 0.34804871678352356
0.31276553869247437 0.3635037839412689
0.3117868900299072 0.3311495780944824
0.31229135394096375 0.33091169595718384
0.31238627433776855 0.34472793340682983
0.31271979212760925 0.3351803719997406
0.3130280375480652 0.33746159076690674
0.31116294860839844 0.3446565866470337
0.3130171000957489 0.3376459777355194
0.31287893652915955 0.32693856954574585
0.31136971712112427 0.3635239899158478
0.3133982717990875 0.33487480878829956
0.31216785311698914 0.34113025665283203
0.31354519724845886 0.33710646629333496
0.31202542781829834 0.33820828795433044
0.31147482991218567 0.36806952953338623
0.31159862875938416 0.3609966039657593
0.3116552531719208 0.36579716205596924
0.3125306963920593 0.3407980799674988
0.3115816116333008 0.34386998414993286
0.31132882833480835 0.3352872431278229
0.311374694108963 0.3355170786380768
0.31084179878234863 0.3361487090587616
0.31081557273864746 0.3283773362636566
0.31023716926574707 0.33075541257858276
0.30981558561325073 0.3358076810836792
0.31091365218162537 0.34347236156463623
0.31121909618377686 0.3296855390071869
0.31066522002220154 0.3514501750469208
0.3106478452682495 0.3321407735347748
0.3091617822647095 0.3443262279033661
0.30914193391799927 0.33713603019714355
0.3090941607952118 0.33582448959350586
0.31141233444213867 0.328975111246109
0.3098199963569641 0.35619980096817017
0.3107524812221527 0.3692064583301544
0.31161075830459595 0.33498743176460266
0.31066253781318665 0.3749137818813324
0.31021037697792053 0.33595967292785645
0.3091087341308594 0.33114510774612427
0.3099837005138397 0.33859238028526306
0.3099862039089203 0.3350696563720703
0.31108221411705017 0.34053298830986023
0.3095646798610687 0.3379663825035095
0.3097183108329773 0.36127546429634094
0.31007230281829834 0.3290487825870514
0.30997994542121887 0.3342748284339905
0.31003108620643616 0.33261725306510925
0.3092236816883087 0.3343278467655182
0.30999013781547546 0.35288840532302856
0.30986645817756653 0.33436161279678345
0.309576153755188 0.3391432464122772
0.31004658341407776 0.35776442289352417
0.30986106395721436 0.33763793110847473
0.3094898760318756 0.33929821848869324
0.30821162462234497 0.34157440066337585
0.3077968955039978 0.3428257703781128
0.30880120396614075 0.33865880966186523
0.3079303503036499 0.3573875427246094
0.308387815952301 0.339476078748703
0.3081909120082855 0.3320421576499939
0.30830055475234985 0.32993975281715393
0.3081921339035034 0.33761319518089294
0.30749642848968506 0.3298701047897339
0.30770596861839294 0.33093106746673584
0.30765053629875183 0.33987095952033997
0.3071342706680298 0.3378715515136719
0.30703622102737427 0.3550046682357788
0.30856674909591675 0.34080034494400024
0.3082273304462433 0.35884374380111694
0.30707848072052 0.3338068127632141
0.3062002658843994 0.32825154066085815
0.30814239382743835 0.37235134840011597
0.30709826946258545 0.32999593019485474
0.3091859221458435 0.3435515761375427
0.3078814446926117 0.3324145972728729
0.30759409070014954 0.3319491744041443
0.30718913674354553 0.3455073833465576
0.3092626929283142 0.331011563539505
0.3069444000720978 0.3387884497642517
0.30688348412513733 0.35011905431747437
0.30745717883110046 0.331010639667511
0.3060685396194458 0.351401150226593
0.30817967653274536 0.33703097701072693
0.3075028955936432 0.3428039252758026
0.3066965639591217 0.3372667729854584
0.30796921253204346 0.3276807367801666
0.3073650002479553 0.3298662006855011
0.3073282837867737 0.33332738280296326
0.3061066269874573 0.3771793246269226
0.3054214417934418 0.34121304750442505
0.3065555691719055 0.3533617854118347
0.30717161297798157 0.3350689709186554
0.30540764331817627 0.34228697419166565
0.3066556751728058 0.33585044741630554
0.3068390190601349 0.3454948961734772
0.3056057393550873 0.35825905203819275
0.3057854473590851 0.345355361700058
0.30511924624443054 0.3497847318649292
0.30536410212516785 0.3348897397518158
0.3060407340526581 0.3371973931789398
0.30535557866096497 0.34222880005836487
0.3060602843761444 0.3556598722934723
0.3063909411430359 0.33099687099456787
0.3052884638309479 0.3247430622577667
0.30689993500709534 0.34065914154052734
0.306600421667099 0.34329479932785034
0.30562159419059753 0.3269754946231842
0.3044639527797699 0.3493759036064148
0.3056224584579468 0.3370044529438019
0.3065226674079895 0.3483738303184509
0.30664244294166565 0.33403679728507996
0.3048579692840576 0.3275464177131653
0.30523043870925903 0.35651499032974243
0.3041466474533081 0.32900139689445496
0.30468013882637024 0.3334486484527588
0.30541250109672546 0.3401859402656555
0.305405855178833 0.34710702300071716
0.30650389194488525 0.33542218804359436
0.3065785765647888 0.3291530907154083
0.30420953035354614 0.3344060778617859
0.3061484396457672 0.3308486044406891
0.30458223819732666 0.3432375490665436
0.3041844666004181 0.3311809301376343
0.3026868402957916 0.34968554973602295
0.3047778010368347 0.3428221642971039
0.3043823540210724 0.3303340673446655
0.30460670590400696 0.3407721221446991
0.3040306568145752 0.3412737250328064
0.3034227192401886 0.3387928009033203
0.30395230650901794 0.3395750820636749
0.3042178153991699 0.3380071818828583
0.3034905791282654 0.33243638277053833
0.30267471075057983 0.3626336455345154
0.3039449155330658 0.34424588084220886
0.3029177784919739 0.3279520273208618
0.30458948016166687 0.32760730385780334
0.3041890561580658 0.33448857069015503
0.3042667806148529 0.3356986939907074
0.30370408296585083 0.3356926739215851
0.3028531074523926 0.3279918432235718
0.3033096492290497 0.33236703276634216
0.30409684777259827 0.3318115174770355
0.30288970470428467 0.3350684642791748
0.3033234477043152 0.3334999978542328
0.3035067617893219 0.3286127746105194
0.30273279547691345 0.35306984186172485
0.3039005994796753 0.3318897485733032
0.3034496009349823 0.33827024698257446
0.30262598395347595 0.35346564650535583
0.3028988838195801 0.33998146653175354
0.3022231161594391 0.3617595434188843
0.30295613408088684 0.34335705637931824
0.30266422033309937 0.34237581491470337
0.3032764792442322 0.3386593759059906
0.30241674184799194 0.33676934242248535
0.30188053846359253 0.3297322392463684
0.30229267477989197 0.33420321345329285
0.3019847273826599 0.3398939371109009
0.302388459444046 0.330474317073822
0.30191850662231445 0.33026981353759766
0.30285269021987915 0.33592739701271057
0.30335238575935364 0.337934285402298
0.3025944232940674 0.35930314660072327
0.30160677433013916 0.32628634572029114
0.3019971251487732 0.32875457406044006
0.3013076186180115 0.3329509198665619
0.30028024315834045 0.3477543592453003
0.3019639551639557 0.33267050981521606
0.3016420006752014 0.35691604018211365
0.3025376796722412 0.3381640911102295
0.3014988899230957 0.3376031219959259
0.30170923471450806 0.3365633487701416
0.30184823274612427 0.34876173734664917
0.30142563581466675 0.3460729420185089
0.30109989643096924 0.3372836709022522
0.3019559681415558 0.33492639660835266
0.30220484733581543 0.33448517322540283
0.30073365569114685 0.32893621921539307
0.3013322651386261 0.33076241612434387
0.3013940751552582 0.33041471242904663
0.30095958709716797 0.33214256167411804
0.30091702938079834 0.35240212082862854
0.30200597643852234 0.3311774432659149
0.3019973933696747 0.3367491662502289
0.30137214064598083 0.3348322808742523
0.3006336987018585 0.33047306537628174
0.3018357455730438 0.33344653248786926
0.3005959391593933 0.3499332070350647
0.30018067359924316 0.33518943190574646
0.30074435472488403 0.334629625082016
0.2996944487094879 0.33021050691604614
0.3009287118911743 0.3348836600780487
0.30012717843055725 0.3557659089565277
0.30028852820396423 0.33027923107147217
0.3000184893608093 0.3417949080467224
0.29962456226348877 0.3426370918750763
0.2996881604194641 0.3513321280479431
0.3003145754337311 0.33414995670318604
0.30072590708732605 0.33191633224487305
0.3002791106700897 0.33512094616889954
0.3000625967979431 0.4029589593410492
0.2999347448348999 0.33205103874206543
0.29992395639419556 0.3289009928703308
0.30067259073257446 0.33830371499061584
0.29943519830703735 0.33967939019203186
0.29938772320747375 0.3337336480617523
0.298806756734848 0.3337840437889099
0.29896384477615356 0.337690532207489
0.29930582642555237 0.32995542883872986
0.29998794198036194 0.33152058720588684
0.2996614873409271 0.33103951811790466
0.29957321286201477 0.33478987216949463
0.2996465265750885 0.3361848294734955
0.2987835705280304 0.3336898684501648
0.29899951815605164 0.3871716856956482
0.2993793785572052 0.33107930421829224
0.29901665449142456 0.33252495527267456
0.29969701170921326 0.34328493475914
0.2998162806034088 0.3351086378097534
0.297914057970047 0.3351711928844452
0.2992708683013916 0.33768704533576965
0.29958757758140564 0.32766300439834595
0.2989211082458496 0.362666517496109
0.29727181792259216 0.3366667926311493
0.29777106642723083 0.33535081148147583
0.2987615764141083 0.33771610260009766
0.298648476600647 0.3348842263221741
0.29816821217536926 0.3289375901222229
0.2980634570121765 0.34402576088905334
0.2977789640426636 0.33049488067626953
0.29875028133392334 0.33604252338409424
0.2976531386375427 0.33389976620674133
0.29784899950027466 0.338963121175766
0.29772520065307617 0.3413082957267761
0.29852622747421265 0.345903217792511
0.2987465560436249 0.32967597246170044
0.29811573028564453 0.3303286135196686
0.29799512028694153 0.38394924998283386
0.2979085445404053 0.3377588391304016
0.2975270748138428 0.33530041575431824
0.29807913303375244 0.3303913474082947
0.29756516218185425 0.33582738041877747
0.29821744561195374 0.3390945792198181
0.2987942695617676 0.3311455249786377
0.29745298624038696 0.3331809639930725
0.29796501994132996 0.3317699730396271
0.29780152440071106 0.35000452399253845
0.29855072498321533 0.3308236300945282
