3.2177088260650635 1.697936773300171
1.5148041248321533 1.7507498264312744
1.4864239692687988 1.6743907928466797
1.4754047393798828 1.6411516666412354
1.473892092704773 1.633245587348938
1.4724894762039185 1.648515224456787
1.4721845388412476 1.6462106704711914
1.4717973470687866 1.6492775678634644
1.471916675567627 1.63058340549469
1.4707683324813843 1.6594183444976807
1.4709542989730835 1.6335976123809814
1.4706494808197021 1.6600635051727295
1.4710726737976074 1.650208592414856
1.470973014831543 1.6492445468902588
1.4706933498382568 1.6463645696640015
1.4707964658737183 1.6357450485229492
1.4704625606536865 1.6321091651916504
1.4706404209136963 1.6324431896209717
1.4703633785247803 1.6328994035720825
1.4705471992492676 1.63965904712677
1.4710383415222168 1.6340725421905518
1.4701838493347168 1.6332676410675049
1.4705305099487305 1.6493548154830933
1.470461130142212 1.6390490531921387
1.4704139232635498 1.6439012289047241
1.4704550504684448 1.634949803352356
1.4701812267303467 1.632256031036377
1.3860656023025513 1.3507168292999268
1.1782071590423584 1.2020326852798462
0.9550034403800964 0.8273745179176331
0.4063427448272705 0.3182639181613922
0.25914812088012695 0.25896450877189636
0.22819507122039795 0.23531818389892578
0.2121616154909134 0.2161332070827484
0.2013690173625946 0.21128123998641968
0.19243867695331573 0.2880750000476837
0.18832704424858093 0.20804369449615479
0.18295787274837494 0.19528232514858246
0.18037521839141846 0.18081215023994446
0.178096741437912 0.20307599008083344
0.17517714202404022 0.23887789249420166
0.17371371388435364 0.1873442828655243
0.17145055532455444 0.18722259998321533
0.17040659487247467 0.18259947001934052
0.16957297921180725 0.18769270181655884
0.1672213226556778 0.17714041471481323
0.1656472533941269 0.2260851263999939
0.1637202352285385 0.17715990543365479
0.16231957077980042 0.17395935952663422
0.16192127764225006 0.16931383311748505
0.16208429634571075 0.23301365971565247
0.1596762090921402 0.16244225203990936
0.1582397222518921 0.18996375799179077
0.157549649477005 0.15554076433181763
0.15675486624240875 0.17436890304088593
0.15614080429077148 0.1673286110162735
0.15624679625034332 0.15604843199253082
0.1549152135848999 0.15581592917442322
0.15521672368049622 0.16135093569755554
0.15439537167549133 0.15523424744606018
0.15277394652366638 0.15587754547595978
0.15211738646030426 0.19182638823986053
0.1522134393453598 0.16433604061603546
0.15176373720169067 0.17635060846805573
0.15054483711719513 0.1641761213541031
0.15032470226287842 0.17685779929161072
0.14871908724308014 0.15903881192207336
0.14955942332744598 0.1691831648349762
0.149730384349823 0.20737284421920776
0.14866022765636444 0.16214577853679657
0.14772897958755493 0.1456335484981537
0.1461486667394638 0.15905587375164032
0.14688633382320404 0.1679256409406662
0.14599747955799103 0.16282853484153748
0.14546608924865723 0.14272813498973846
0.14423973858356476 0.17187626659870148
0.14456896483898163 0.18518207967281342
0.14432895183563232 0.17876222729682922
0.14322972297668457 0.20952771604061127
0.14274050295352936 0.170021653175354
0.1421658992767334 0.1489858776330948
0.1429625153541565 0.15090219676494598
0.14201588928699493 0.169084370136261
0.14158771932125092 0.14490871131420135
0.14185118675231934 0.15703897178173065
0.1415693610906601 0.16999363899230957
0.1411943882703781 0.1414356529712677
0.1407669186592102 0.14436528086662292
0.13993166387081146 0.2227005809545517
0.14028070867061615 0.16692771017551422
0.14266249537467957 0.16324284672737122
0.13887381553649902 0.14734770357608795
0.1387062668800354 0.18178145587444305
0.13801419734954834 0.16664531826972961
0.13805878162384033 0.15007062256336212
0.13774143159389496 0.23910406231880188
0.13739101588726044 0.15301062166690826
0.13631939888000488 0.14470696449279785
0.13787861168384552 0.14735856652259827
0.13614602386951447 0.13805995881557465
0.1360144317150116 0.14838510751724243
0.13901880383491516 0.14945538341999054
0.13559278845787048 0.13898925483226776
0.1352260559797287 0.14455077052116394
0.13549554347991943 0.14524345099925995
0.13487443327903748 0.15292134881019592
0.13399569690227509 0.13403275609016418
0.1335117369890213 0.14095555245876312
0.13400478661060333 0.17262697219848633
0.13400593400001526 0.14758147299289703
0.13470076024532318 0.14579491317272186
0.132887601852417 0.1688956767320633
0.13318607211112976 0.1399938464164734
0.13363735377788544 0.1536000818014145
0.13303856551647186 0.13605961203575134
0.13248884677886963 0.17949320375919342
0.13140855729579926 0.14372143149375916
0.1323663592338562 0.15825539827346802
0.13192720711231232 0.1450880616903305
0.13233506679534912 0.13508152961730957
0.13185474276542664 0.201597660779953
0.1316947638988495 0.18272818624973297
0.1305864006280899 0.15009425580501556
0.13095594942569733 0.13354189693927765
0.13048355281352997 0.14631052315235138
0.12946128845214844 0.1615101546049118
0.13049912452697754 0.13693895936012268
0.12965816259384155 0.1515956073999405
0.12986136972904205 0.14626431465148926
0.12954500317573547 0.16877692937850952
0.13001370429992676 0.12861545383930206
0.12969978153705597 0.13566742837429047
0.12939375638961792 0.17714504897594452
0.12960243225097656 0.1671735644340515
0.12816673517227173 0.1275722086429596
0.12894541025161743 0.1506919413805008
0.12891073524951935 0.1361648589372635
0.12875297665596008 0.15035811066627502
0.12895318865776062 0.1491376906633377
0.12763136625289917 0.13878551125526428
0.12741024792194366 0.12791657447814941
0.12806078791618347 0.18069329857826233
0.12672542035579681 0.13256268203258514
0.1273757517337799 0.13818833231925964
0.12671522796154022 0.12901218235492706
0.12703855335712433 0.1279550939798355
0.12648478150367737 0.15086707472801208
0.12600135803222656 0.1305060088634491
0.12611088156700134 0.1450163722038269
0.12649142742156982 0.1515820026397705
0.12556275725364685 0.14392541348934174
0.12560729682445526 0.1391240954399109
0.12562748789787292 0.15707260370254517
0.12564153969287872 0.14703036844730377
0.12517407536506653 0.12802185118198395
0.1255294680595398 0.14628684520721436
0.12496047466993332 0.13030433654785156
0.12457256764173508 0.12745225429534912
0.1242707297205925 0.1440466046333313
0.12477154284715652 0.13241545855998993
0.12435957789421082 0.14197391271591187
0.12401629984378815 0.12886375188827515
0.1240706816315651 0.12649959325790405
0.12389389425516129 0.13030242919921875
0.12401492148637772 0.12668803334236145
0.12342168390750885 0.12706328928470612
0.12405578047037125 0.13057343661785126
0.12323548644781113 0.12780535221099854
0.12337241321802139 0.16038957238197327
0.12378203868865967 0.12206445634365082
0.12278339266777039 0.12378934025764465
0.13550156354904175 0.12791042029857635
0.1236240416765213 0.1579030454158783
0.1232604831457138 0.1383240520954132
0.1222536489367485 0.12926876544952393
0.12237473577260971 0.16113851964473724
0.12208123505115509 0.12936526536941528
0.12331577390432358 0.13011856377124786
0.12147560715675354 0.13314960896968842
0.12140170484781265 0.12261071801185608
0.12089086323976517 0.12770892679691315
0.12132362276315689 0.1341588795185089
0.12150146067142487 0.12021640688180923
0.12194816023111343 0.12511633336544037
0.12064601480960846 0.12531274557113647
0.12045918405056 0.1417182981967926
0.12115217000246048 0.14142295718193054
0.12144060432910919 0.12714511156082153
0.12044420093297958 0.12829014658927917
0.12041808664798737 0.13232851028442383
0.12018318474292755 0.12301068007946014
0.12034431099891663 0.23875176906585693
0.12123950570821762 0.1924847960472107
0.12067750096321106 0.1293432116508484
0.11948764324188232 0.13622426986694336
0.12068059295415878 0.1321810632944107
0.11992605775594711 0.1478152573108673
0.11948089301586151 0.14047539234161377
0.1200031265616417 0.12470944970846176
0.11961836367845535 0.12927958369255066
0.1206815093755722 0.13761457800865173
0.11905574798583984 0.1473388373851776
0.11970273405313492 0.12336196005344391
0.1191990077495575 0.11808718740940094
0.1185251921415329 0.12329261004924774
0.11969899386167526 0.12973415851593018
0.11861903965473175 0.12911084294319153
0.11969280987977982 0.1243366226553917
0.11889514327049255 0.1184743121266365
0.12009280920028687 0.12858138978481293
0.11877921968698502 0.12369191646575928
0.1184583529829979 0.12127084285020828
0.11955467611551285 0.1329621821641922
0.11843562126159668 0.12775905430316925
0.11852966994047165 0.12436775118112564
0.118734210729599 0.12456787377595901
0.11928740888834 0.12826459109783173
0.1193762794137001 0.12812384963035583
0.11887570470571518 0.1516820192337036
0.1178632378578186 0.16857507824897766
0.11773117631673813 0.13986259698867798
0.1187283918261528 0.136814147233963
0.11815265566110611 0.14925751090049744
0.11767663806676865 0.16796474158763885
0.118155337870121 0.13404889404773712
0.11705287545919418 0.12120424211025238
0.1170390173792839 0.16737565398216248
0.1175273209810257 0.16992610692977905
0.11700935661792755 0.13664545118808746
0.11747432500123978 0.1235843300819397
0.11747141182422638 0.11951793730258942
0.11660975217819214 0.12988515198230743
0.11641278862953186 0.13377691805362701
0.11686687171459198 0.12706108391284943
0.11650897562503815 0.16681008040905
0.11736933887004852 0.13604190945625305
0.11583106964826584 0.12993374466896057
0.11613044142723083 0.13075770437717438
0.11655295640230179 0.122856505215168
0.11624230444431305 0.12651945650577545
0.11620540916919708 0.11773011088371277
0.11648605018854141 0.12954671680927277
0.11515147238969803 0.12050935626029968
0.11599381268024445 0.13096565008163452
0.1163204088807106 0.12092375755310059
0.11634144932031631 0.12977169454097748
0.11538858711719513 0.1249561682343483
0.11483974009752274 0.12222018837928772
0.11546579003334045 0.1160505935549736
0.11488385498523712 0.12084003537893295
0.11550047248601913 0.12286965548992157
0.11431318521499634 0.12904596328735352
0.11543136090040207 0.18809489905834198
0.11485664546489716 0.12343820929527283
0.11524511873722076 0.11759942024946213
0.11538803577423096 0.1274840384721756
0.1149279847741127 0.14074786007404327
0.11530245840549469 0.11458481848239899
0.11473391950130463 0.12330709397792816
0.11578911542892456 0.14054860174655914
0.11486438661813736 0.11576590687036514
0.11416953802108765 0.11749787628650665
0.11473505198955536 0.12551872432231903
0.1143159344792366 0.11952769011259079
0.11425535380840302 0.12288558483123779
0.11337006837129593 0.1622038334608078
0.11442463099956512 0.16377189755439758
0.11479203402996063 0.14421945810317993
0.11399738490581512 0.12277350574731827
0.11399500072002411 0.11783203482627869
0.11414024233818054 0.1318645477294922
0.11391831934452057 0.14573600888252258
0.11374203860759735 0.12158415466547012
0.11442624032497406 0.11745195835828781
0.11331430077552795 0.11707140505313873
0.11444051563739777 0.11965003609657288
0.11374276876449585 0.11583995819091797
0.11317133903503418 0.15183207392692566
0.11380963772535324 0.12721292674541473
0.11336398869752884 0.12755687534809113
0.11296485364437103 0.13070912659168243
0.11339905112981796 0.11464590579271317
0.11346127092838287 0.12264862656593323
0.11302637308835983 0.11678621917963028
0.1131642758846283 0.1675795018672943
0.11327740550041199 0.11830460280179977
0.1126089096069336 0.11995164304971695
0.11277788877487183 0.135020911693573
0.1128450259566307 0.1161220446228981
0.11274168640375137 0.1291515976190567
0.11290878802537918 0.1907591074705124
0.1125451847910881 0.2067936509847641
0.11284215748310089 0.12122535705566406
0.11283516138792038 0.11871092021465302
0.11251068860292435 0.11554990708827972
0.1131473034620285 0.12534983456134796
0.1123461201786995 0.12221197038888931
0.11225148290395737 0.1169683113694191
0.1127452403306961 0.1222710907459259
0.11202403157949448 0.12731745839118958
0.11264094710350037 0.11318154633045197
0.11186330020427704 0.11650627851486206
0.11207648366689682 0.13366052508354187
0.11177979409694672 0.13023847341537476
0.11263792961835861 0.15528632700443268
0.11206840723752975 0.1330588310956955
0.11208096891641617 0.13043320178985596
0.11193354427814484 0.11746600270271301
0.11191480606794357 0.11728211492300034
0.1119183897972107 0.11614566296339035
0.11237499117851257 0.12229215353727341
0.11224038898944855 0.11668173968791962
0.11222273111343384 0.12345656752586365
0.11220245063304901 0.11823634058237076
0.11149611324071884 0.15928134322166443
0.11208297312259674 0.12733902037143707
0.11121371388435364 0.11596692353487015
0.11189894378185272 0.11608279496431351
0.1110042929649353 0.12362104654312134
0.1122257262468338 0.12641069293022156
0.11227776110172272 0.11802805960178375
0.11178463697433472 0.12066289037466049
0.11099039018154144 0.12941181659698486
0.11113307625055313 0.11743008345365524
0.11171478033065796 0.11429627239704132
0.11204952001571655 0.1198161244392395
0.11197114735841751 0.11992909759283066
0.11093800514936447 0.12918414175510406
0.11137900501489639 0.11536610126495361
0.11192061752080917 0.11744537204504013
0.11122076213359833 0.14052291214466095
0.11112169176340103 0.12584157288074493
0.11061940342187881 0.11891140043735504
0.11098852753639221 0.13675561547279358
0.11138618737459183 0.1146479994058609
0.11135639995336533 0.11865568906068802
0.11081469804048538 0.11869671195745468
0.11155097931623459 0.11562268435955048
0.11130066215991974 0.12451549619436264
0.11038754880428314 0.12247396260499954
0.11022809892892838 0.11494655907154083
0.11029332876205444 0.11801828444004059
0.11079148948192596 0.11839014291763306
0.11010517179965973 0.11336617916822433
0.1103384867310524 0.1368495523929596
0.109995998442173 0.14413493871688843
0.11109943687915802 0.12960080802440643
0.11077696830034256 0.1132722869515419
0.11029181629419327 0.11681903153657913
0.11084484308958054 0.12257629632949829
0.10992266982793808 0.1272992491722107
0.11078676581382751 0.16424250602722168
0.10992530733346939 0.20079398155212402
0.11033062636852264 0.15812580287456512
0.11059281975030899 0.1188122034072876
0.11026103794574738 0.1289549171924591
0.11042122542858124 0.11648925393819809
0.11055649816989899 0.1351727992296219
0.11040765792131424 0.1209331676363945
0.11051429063081741 0.12734082341194153
0.11016780883073807 0.1674724519252777
0.11076472699642181 0.11520571261644363
0.10973956435918808 0.1170063391327858
0.1099357157945633 0.13853110373020172
0.10957927256822586 0.12462533265352249
0.11023955792188644 0.11313082277774811
0.11005035787820816 0.12304122000932693
0.10897453874349594 0.12175878137350082
0.10970260947942734 0.12185808271169662
0.10935703665018082 0.11920854449272156
0.11001504957675934 0.12687012553215027
0.10976167768239975 0.13205111026763916
0.10957390815019608 0.11677702516317368
0.10987857729196548 0.12561126053333282
0.10918349772691727 0.12288832664489746
0.11012875288724899 0.14981107413768768
0.10973647236824036 0.1153431385755539
0.1098809614777565 0.1164793074131012
0.10928609222173691 0.1446976363658905
0.1086888462305069 0.10996929556131363
0.11026422679424286 0.1319737285375595
0.10987503081560135 0.12565134465694427
0.11014619469642639 0.1183166652917862
0.10946032404899597 0.11910109966993332
0.10951225459575653 0.15002386271953583
0.10917286574840546 0.12247266620397568
0.10820390284061432 0.12099296599626541
0.10919421911239624 0.23576536774635315
0.10896766185760498 0.11581800878047943
0.10858720541000366 0.11874807626008987
0.1093812957406044 0.13747236132621765
0.10934131592512131 0.12694048881530762
0.10924734175205231 0.1305357813835144
0.10952506214380264 0.1262386292219162
0.10872642695903778 0.11669649928808212
0.10896197706460953 0.12356048077344894
0.10903874784708023 0.11758312582969666
0.10952593386173248 0.13151812553405762
0.10954853147268295 0.12770511209964752
0.10903094708919525 0.1327551007270813
0.10889087617397308 0.13353168964385986
0.10831240564584732 0.12275098264217377
0.10867489129304886 0.1283518671989441
0.10887607932090759 0.1169220432639122
0.1089080274105072 0.11969830840826035
0.10850301384925842 0.12808777391910553
0.10863679647445679 0.1833951771259308
0.10878453403711319 0.12543554604053497
0.10837013274431229 0.11810708045959473
0.1086130142211914 0.11724375933408737
0.10844948887825012 0.13692286610603333
0.10869379341602325 0.39547431468963623
0.1088956817984581 0.12201320379972458
0.10923827439546585 0.12043483555316925
0.10918116569519043 0.11666715890169144
0.10801461338996887 0.11547698825597763
0.10878962278366089 0.11555662751197815
0.10938649624586105 0.12495692819356918
0.10798782855272293 0.11276374757289886
0.1081930473446846 0.11873044818639755
0.10846258699893951 0.11670912802219391
0.10862453281879425 0.11515670269727707
0.10827875882387161 0.1137024462223053
0.1084061786532402 0.1521759182214737
0.1077893003821373 0.13341835141181946
0.1081375777721405 0.12046012282371521
0.10798246413469315 0.1132139340043068
0.10749279707670212 0.12347399443387985
0.10894247889518738 0.12192332744598389
0.10873715579509735 0.1147417202591896
0.10827139019966125 0.11792647838592529
0.10744042694568634 0.11327476799488068
0.10878642648458481 0.12748335301876068
0.10767937451601028 0.12502580881118774
0.10778224468231201 0.11483196914196014
0.11060807853937149 0.12018676102161407
0.10778933018445969 0.11924442648887634
0.10774489492177963 0.1149311512708664
0.10765481740236282 0.11347682774066925
0.10679126530885696 0.12689828872680664
0.10758844763040543 0.11464890837669373
0.10822326689958572 0.11381983011960983
0.10826238989830017 0.16806434094905853
0.10702640563249588 0.11744116246700287
0.1078062504529953 0.11547011137008667
0.10788678377866745 0.11949014663696289
0.10837502777576447 0.11836513876914978
0.10720177739858627 0.14311347901821136
0.10740302503108978 0.12326965481042862
0.10803446173667908 0.12305624783039093
0.10740642994642258 0.12105698138475418
0.10724549740552902 0.11825551092624664
0.10769987106323242 0.11872508376836777
0.10768875479698181 0.11171284317970276
0.10766663402318954 0.1296195238828659
0.10923661291599274 0.11836373805999756
0.10763787478208542 0.11909029632806778
0.10707081109285355 0.12031103670597076
0.108049675822258 0.12235335260629654
0.1076987087726593 0.14007696509361267
0.1082451269030571 0.11237191408872604
0.10762211680412292 0.11539608240127563
0.10719659179449081 0.16203293204307556
0.10764040052890778 0.11702493578195572
0.10777223855257034 0.19172915816307068
0.10741932690143585 0.12886199355125427
0.10702978819608688 0.11558645963668823
0.10821770131587982 0.11991778761148453
0.10755687952041626 0.11774135380983353
0.10760843008756638 0.11619377136230469
0.10705181956291199 0.11125078052282333
0.10704250633716583 0.11764880269765854
0.10686338692903519 0.11759049445390701
0.10786901414394379 0.12045691907405853
0.10845902562141418 0.11835238337516785
0.1078186184167862 0.13369357585906982
0.10795610398054123 0.1116180568933487
0.10656826943159103 0.15449294447898865
0.10667715966701508 0.11689049750566483
0.1073182225227356 0.12591791152954102
0.10744931548833847 0.11691759526729584
0.10753047466278076 0.1469840258359909
0.10772176086902618 0.13562524318695068
0.10783123224973679 0.1298608034849167
0.10727325826883316 0.12001208961009979
0.10674934834241867 0.11574285477399826
0.10738923400640488 0.1190161183476448
0.1062188670039177 0.11750446259975433
0.10671373456716537 0.11099601536989212
0.10702179372310638 0.13110588490962982
0.10682302713394165 0.1320684552192688
0.10737461596727371 0.11640490591526031
0.10760748386383057 0.11984802782535553
0.10725149512290955 0.11599799245595932
0.10691560804843903 0.11997673660516739
0.10692434757947922 0.11460350453853607
0.10701195150613785 0.11261225491762161
0.10652193427085876 0.12643322348594666
0.10653462260961533 0.1277758628129959
0.1068381816148758 0.12205150723457336
0.10678483545780182 0.12786529958248138
0.10695599019527435 0.11808356642723083
0.10649362206459045 0.11431728303432465
0.1068044900894165 0.1444397121667862
0.10656910389661789 0.1595999300479889
0.1077442467212677 0.12472185492515564
0.10611972212791443 0.1209297925233841
0.10663717985153198 0.12032680958509445
0.10721338540315628 0.11907148361206055
0.10693522542715073 0.11668763309717178
0.10639646649360657 0.14043888449668884
0.10663331300020218 0.11744599044322968
0.10620153695344925 0.15696857869625092
0.10652155429124832 0.12325644493103027
0.10662522166967392 0.11693686991930008
0.10616931319236755 0.1215103268623352
0.10605515539646149 0.11682824045419693
0.10602841526269913 0.11370009928941727
0.1060706377029419 0.12244027853012085
0.10587862879037857 0.1497281938791275
0.10653252899646759 0.11867320537567139
0.10545630753040314 0.11051685363054276
0.10611814260482788 0.126578226685524
0.10688082873821259 0.1550048142671585
0.10934464633464813 0.1450033187866211
0.10659734159708023 0.11131083965301514
0.10663396120071411 0.1278909295797348
0.10603592544794083 0.11134308576583862
0.10623618215322495 0.11659307032823563
0.10695473104715347 0.11245796084403992
0.10633544623851776 0.11227581650018692
0.10704649984836578 0.15461589395999908
0.10608233511447906 0.11322642117738724
0.10569272935390472 0.12266243249177933
0.10593780130147934 0.11195201426744461
0.10525552928447723 0.1168760359287262
0.10699562728404999 0.1378532499074936
0.1059655174612999 0.12338259071111679
0.1057438775897026 0.11439362913370132
0.10655343532562256 0.12092244625091553
0.10538440197706223 0.11778560280799866
0.10625658929347992 0.12075144797563553
0.10611049085855484 0.11542622745037079
0.10666736960411072 0.13038605451583862
0.1059039980173111 0.12012171745300293
0.1061968207359314 0.11089831590652466
0.1061004176735878 0.11179644614458084
0.10604829341173172 0.11552637815475464
0.10615207254886627 0.11887039989233017
0.10626357048749924 0.11611668765544891
0.10638463497161865 0.1169680655002594
0.10707836598157883 0.14373865723609924
0.10643722116947174 0.1149776428937912
0.10577449947595596 0.122605100274086
0.10659679025411606 0.12676799297332764
0.10565918684005737 0.11940259486436844
0.10553747415542603 0.11292986571788788
0.10601132363080978 0.11337750405073166
0.1053534671664238 0.12254481762647629
0.10512730479240417 0.12167394161224365
0.10547042638063431 0.12707361578941345
0.1054363027215004 0.1436360776424408
0.10570699721574783 0.13835175335407257
0.10575392842292786 0.1154947280883789
0.10551180690526962 0.12321152538061142
0.10552693903446198 0.1367180049419403
0.10595016181468964 0.12616322934627533
0.10588093847036362 0.12352082878351212
0.10586024075746536 0.1372399628162384
0.10539759695529938 0.12748411297798157
0.10569370537996292 0.12136106938123703
0.10631974786520004 0.11691521853208542
0.10517802089452744 0.11805690079927444
0.10491197556257248 0.11616086214780807
0.10598823428153992 0.13790643215179443
0.10572315752506256 0.13520140945911407
0.10572225600481033 0.11702439934015274
0.10523813962936401 0.11739788204431534
0.10527951270341873 0.15219558775424957
0.10568325221538544 0.11405768245458603
0.10535570234060287 0.11374105513095856
0.10507767647504807 0.1138458102941513
0.10506373643875122 0.11289927363395691
0.1046496331691742 0.1281532496213913
0.10541783273220062 0.11593865603208542
0.10525427758693695 0.11053749918937683
0.10530418157577515 0.11083099991083145
0.10543061047792435 0.12056628614664078
0.10593592375516891 0.11181028932332993
0.10530740022659302 0.12526988983154297
0.10474914312362671 0.1277584284543991
0.10587654262781143 0.10989383608102798
0.10514245182275772 0.10887014120817184
0.1058671697974205 0.1110883578658104
0.10550721734762192 0.11423271149396896
0.10520006716251373 0.12240854650735855
0.10472426563501358 0.1119312271475792
0.10496783256530762 0.11398348212242126
0.10445448756217957 0.11316148191690445
0.10619574785232544 0.1393946260213852
0.10538007318973541 0.11736482381820679
0.10497460514307022 0.12359007447957993
0.10504639148712158 0.12752635776996613
0.10435060411691666 0.1322561651468277
0.10500247776508331 0.13181187212467194
0.10539815574884415 0.12031172960996628
0.1045355424284935 0.11304304748773575
0.10495492070913315 0.11723437160253525
0.10482104867696762 0.109992615878582
0.10499608516693115 0.13208730518817902
0.10442845523357391 0.1163264587521553
0.10491575300693512 0.1151939332485199
0.10558868199586868 0.12446636706590652
0.10513871908187866 0.13602693378925323
0.10467062890529633 0.12431968003511429
0.10489431768655777 0.12829488515853882
0.10460840165615082 0.11337819695472717
0.1046009212732315 0.11146651953458786
0.10597041994333267 0.12862978875637054
0.10414367914199829 0.12493643164634705
0.10471900552511215 0.1414109766483307
0.10408224910497665 0.12781907618045807
0.10459109395742416 0.11908622086048126
0.10448107868432999 0.12938931584358215
0.10475476086139679 0.13777464628219604
0.1050192266702652 0.11895345896482468
0.10464318096637726 0.1306122988462448
0.10915307700634003 0.11229393631219864
0.104720339179039 0.11672920733690262
0.10503310710191727 0.11249971389770508
0.10686317086219788 0.11012564599514008
0.10476954281330109 0.1109713464975357
0.10484915971755981 0.1268024742603302
0.1044260635972023 0.12130054831504822
0.10498702526092529 0.13143226504325867
0.10497184097766876 0.10931701213121414
0.10430209338665009 0.11076686531305313
0.10415913164615631 0.118809774518013
0.10493195801973343 0.1912582516670227
0.10444583743810654 0.1150813102722168
0.10390053689479828 0.11856772750616074
0.10423781722784042 0.10874995589256287
0.10433106869459152 0.12280193716287613
0.1057206392288208 0.11576659232378006
0.10434307903051376 0.10956424474716187
0.10463342070579529 0.13061898946762085
0.10502414405345917 0.10884636640548706
0.10374797135591507 0.12829329073429108
0.10390889644622803 0.18995718657970428
0.10539480298757553 0.13073380291461945
0.1048441082239151 0.12851251661777496
0.10359413921833038 0.13250689208507538
0.10382495820522308 0.11989344656467438
0.11193553358316422 0.1198902428150177
0.10388907790184021 0.12505637109279633
0.10467521846294403 0.1270921528339386
0.10500366985797882 0.1195017471909523
0.10500685125589371 0.11077433824539185
0.10386970639228821 0.12433578073978424
0.10451985150575638 0.12563779950141907
0.1038561537861824 0.11108995229005814
0.10412600636482239 0.13434050977230072
0.10485569387674332 0.11381133645772934
0.10444917529821396 0.11507177352905273
0.10487640649080276 0.11619511246681213
0.10459364205598831 0.14690227806568146
0.10578878223896027 0.1307089477777481
0.10399379581212997 0.11545097827911377
0.10441860556602478 0.12261325120925903
0.104045070707798 0.11755499988794327
0.10486094653606415 0.11045600473880768
0.10464949905872345 0.1449272334575653
0.10430709272623062 0.11118641495704651
0.10441214591264725 0.10955017805099487
0.10377500206232071 0.15668991208076477
0.10409024357795715 0.12534111738204956
0.10365655273199081 0.13318859040737152
0.10412648320198059 0.11289756745100021
0.10422021150588989 0.11040108650922775
0.10397738218307495 0.10950304567813873
0.10364922136068344 0.11236182600259781
0.10369624197483063 0.11501789093017578
0.10389558225870132 0.11214494705200195
0.10416777431964874 0.13840407133102417
0.11192367970943451 0.137118861079216
0.10376689583063126 0.11172306537628174
0.1042756512761116 0.12618379294872284
0.10401685535907745 0.10879578441381454
0.10401684790849686 0.11437936872243881
0.10362294316291809 0.11206553876399994
0.10378891229629517 0.1079491376876831
0.10396311432123184 0.15643619000911713
0.10455339401960373 0.109787717461586
0.10391058027744293 0.10957477241754532
0.1035769134759903 0.13863006234169006
0.10360288619995117 0.12194828689098358
0.10374335944652557 0.11998966336250305
0.10539065301418304 0.11107967048883438
0.10395456105470657 0.11117012798786163
0.10680617392063141 0.12809115648269653
0.10509335994720459 0.10885398834943771
0.10382969677448273 0.11235358566045761
0.1034850999712944 0.11454324424266815
0.10341571271419525 0.1107093021273613
0.10443665087223053 0.11994905024766922
0.1149783730506897 0.13809871673583984
0.10843188315629959 0.11566582322120667
0.10393592715263367 0.11242911964654922
0.1034112274646759 0.11746905744075775
0.1034555733203888 0.13646389544010162
0.10335731506347656 0.11895604431629181
0.10331600904464722 0.13282953202724457
0.10322625935077667 0.11696522682905197
0.10372942686080933 0.12164158374071121
0.1038227453827858 0.11701145768165588
0.10349312424659729 0.1144803836941719
0.10348398238420486 0.1199408546090126
0.10305409133434296 0.11789707839488983
0.10418638586997986 0.11194037646055222
0.10300289839506149 0.11202593892812729
0.10341373831033707 0.10995615273714066
0.10394538938999176 0.13574901223182678
0.10339798778295517 0.12048663944005966
0.10398386418819427 0.12517471611499786
0.10403560101985931 0.13681846857070923
0.10422517359256744 0.12515321373939514
0.10357294231653214 0.10929278284311295
0.1035136803984642 0.12353909015655518
0.10310966521501541 0.11937183141708374
0.10368402302265167 0.11822856217622757
0.10321906208992004 0.12099158018827438
0.1038043200969696 0.11079761385917664
0.10402771830558777 0.11195570230484009
0.10336881875991821 0.1125197559595108
0.10328657180070877 0.12426991015672684
0.10321920365095139 0.1563720405101776
0.10372256487607956 0.10653602331876755
0.1040375828742981 0.11372223496437073
0.10381725430488586 0.12778156995773315
0.10378756374120712 0.12699072062969208
0.10380356013774872 0.15937039256095886
0.10342619568109512 0.11789285391569138
0.10353080183267593 0.11407444626092911
0.10401542484760284 0.1092185452580452
0.1034930869936943 0.10843545198440552
0.10409047454595566 0.11454857140779495
0.10327426344156265 0.1182069480419159
0.1036582812666893 0.1155899316072464
0.10388931632041931 0.11138136684894562
0.10333473980426788 0.11041918396949768
0.10317496955394745 0.11387211084365845
0.10310275107622147 0.10919073969125748
0.10321193933486938 0.1165207102894783
0.10287348181009293 0.12389519065618515
0.10334721207618713 0.11373571306467056
0.10385952889919281 0.12045832723379135
0.10302553325891495 0.1217612475156784
0.10345730185508728 0.1159994825720787
0.10322423279285431 0.1090661808848381
0.10474297404289246 0.12784889340400696
0.10335440933704376 0.13684731721878052
0.10280589759349823 0.11536258459091187
0.10315224528312683 0.10994511842727661
0.10292991995811462 0.11609851568937302
0.10312096774578094 0.11404401808977127
0.10331359505653381 0.11250507086515427
0.1031680628657341 0.10746177285909653
0.10304449498653412 0.1121145561337471
0.1040647029876709 0.11256363987922668
0.10336752235889435 0.11479030549526215
0.1025594100356102 0.13591140508651733
0.1025649830698967 0.11071831732988358
0.10284119844436646 0.11969009786844254
0.10340095311403275 0.11931382864713669
0.10289768129587173 0.11178117245435715
0.10308978706598282 0.11342525482177734
0.1023668423295021 0.11072207987308502
0.10339908301830292 0.12261538952589035
0.10246971994638443 0.11077842861413956
0.10244031250476837 0.14202575385570526
0.10312049090862274 0.1155858114361763
0.1021951362490654 0.10846533626317978
0.10226883739233017 0.10838676244020462
0.10249312222003937 0.11609301716089249
0.1022915467619896 0.11421406269073486
0.10327588021755219 0.11347852647304535
0.10330009460449219 0.11132276058197021
0.10283470898866653 0.11047425866127014
0.10241811722517014 0.11664509028196335
0.10302899777889252 0.12239646166563034
0.10260280966758728 0.11024434864521027
0.10208357870578766 0.11303550004959106
0.1027248352766037 0.1352047622203827
0.10221252590417862 0.1465907245874405
0.10250284522771835 0.11078561097383499
0.10223782807588577 0.11469127982854843
0.10321316868066788 0.10925064235925674
0.10172535479068756 0.12395185232162476
0.10225725919008255 0.1245974525809288
0.10231215506792068 0.11257988214492798
0.10190931707620621 0.11546895653009415
0.10236712545156479 0.14472873508930206
0.1025758758187294 0.12289482355117798
0.10234107822179794 0.1319008469581604
0.10230301320552826 0.11179989576339722
0.10216332226991653 0.11028792709112167
0.10241427272558212 0.10979939997196198
0.10244861245155334 0.14081521332263947
0.10189463943243027 0.11447641253471375
0.10155145078897476 0.1229829415678978
0.10234180837869644 0.1152876541018486
0.10258149355649948 0.11765696108341217
0.1020069345831871 0.10804447531700134
0.10268533229827881 0.10635292530059814
0.10328994691371918 0.16387547552585602
0.1017414852976799 0.11825390160083771
0.1024613082408905 0.12928956747055054
0.10242202877998352 0.14420096576213837
0.10250236839056015 0.10967283695936203
0.10278148949146271 0.12080709636211395
0.10292515158653259 0.16450302302837372
0.10270828753709793 0.11294481158256531
0.10268254578113556 0.12320628762245178
0.10308762639760971 0.12563765048980713
0.10185444355010986 0.11235688626766205
0.10192573070526123 0.10914008319377899
0.10176467150449753 0.10836155712604523
0.10212339460849762 0.11181754618883133
0.10218840092420578 0.12493601441383362
0.10201739519834518 0.13996802270412445
0.1030341237783432 0.11036571860313416
0.10279521346092224 0.11440643668174744
0.10278136283159256 0.13169866800308228
0.10211773961782455 0.11533632129430771
0.10206805914640427 0.10924358665943146
0.10149967670440674 0.11369507014751434
0.10214535146951675 0.11715355515480042
0.1023329570889473 0.11254183948040009
0.10202370584011078 0.17274659872055054
0.10191188752651215 0.11016377806663513
0.10205923020839691 0.11207572370767593
0.10136421024799347 0.11965874582529068
0.10204004496335983 0.1271752417087555
0.10225562006235123 0.1268710047006607
0.10167767107486725 0.11775879561901093
0.10176222771406174 0.11178389936685562
0.10332706570625305 0.12604624032974243
0.10174163430929184 0.11640568822622299
0.10166503489017487 0.12992018461227417
0.1020795926451683 0.12526758015155792
0.10134223848581314 0.11172840744256973
0.10171064734458923 0.11267635971307755
0.10224035382270813 0.11410057544708252
0.1027912124991417 0.11329681426286697
0.10245905071496964 0.1076722964644432
0.10366545617580414 0.12207989394664764
0.10254418104887009 0.11479724943637848
0.1024007499217987 0.11130809783935547
0.1021423265337944 0.11455629765987396
0.10314950346946716 0.11231983453035355
0.10283616930246353 0.1179097592830658
0.10315914452075958 0.12501002848148346
0.10229048132896423 0.11739508807659149
0.1028534322977066 0.12980906665325165
0.10179301351308823 0.11117024719715118
0.10245490074157715 0.11843165755271912
0.10143928229808807 0.16405390202999115
0.10255584120750427 0.11301010847091675
0.10249453037977219 0.10917039960622787
0.1018974781036377 0.1264730840921402
0.10160798579454422 0.11130896955728531
0.10177541524171829 0.11457190662622452
0.10314694046974182 0.12321753799915314
0.10184893012046814 0.11968853324651718
0.10197959840297699 0.11934785544872284
0.10219123214483261 0.11509246379137039
0.10242054611444473 0.11182023584842682
0.10189571976661682 0.1090768501162529
0.10145995765924454 0.11616822332143784
0.10236268490552902 0.12676064670085907
0.10204647481441498 0.14187540113925934
0.10115557909011841 0.11259594559669495
0.10243494063615799 0.10812927782535553
0.10267700254917145 0.10773158073425293
0.10231269896030426 0.1280374825000763
0.10105211287736893 0.1078716367483139
0.10157666355371475 0.1342744082212448
0.10236611217260361 0.11393743753433228
0.10114660114049911 0.13675536215305328
0.1021232157945633 0.11447001993656158
0.10236968100070953 0.11988367140293121
0.10106217116117477 0.12692274153232574
0.10173588991165161 0.1112140342593193
0.10181087255477905 0.10912751406431198
0.10101526230573654 0.11580975353717804
0.1017259806394577 0.1115051731467247
0.10145416855812073 0.11142710596323013
0.1010533943772316 0.12339158356189728
0.1006564050912857 0.11515528708696365
0.10178341716527939 0.1533142626285553
0.10110019892454147 0.12338944524526596
0.1012066900730133 0.11323920637369156
0.10109958052635193 0.12102047353982925
0.10052374005317688 0.10899823158979416
0.10097787529230118 0.11607972532510757
0.10120797157287598 0.1091444119811058
0.10128121078014374 0.11641805619001389
0.10176059603691101 0.14726531505584717
0.10148204863071442 0.1542518436908722
0.10120595991611481 0.13406948745250702
0.10246477276086807 0.11402831226587296
0.10069485008716583 0.10877899825572968
0.10133375972509384 0.11895828694105148
0.10173128545284271 0.11358924210071564
0.10119747370481491 0.13627921044826508
0.10156334191560745 0.11491581052541733
0.10139406472444534 0.11624346673488617
0.10094816237688065 0.13218745589256287
0.10154223442077637 0.11451411247253418
0.10172835737466812 0.1122453585267067
0.10206326097249985 0.11500610411167145
0.10246526449918747 0.12502533197402954
0.10227323323488235 0.10734307020902634
0.10132280737161636 0.11432962119579315
0.10232261568307877 0.11101119965314865
0.10123913735151291 0.10983064025640488
0.10129187256097794 0.12359832972288132
0.1016140803694725 0.10906703025102615
0.10114891827106476 0.12646262347698212
0.10071074217557907 0.13818898797035217
0.10125713050365448 0.13762012124061584
0.10143507272005081 0.11853266507387161
0.10099776089191437 0.11762431263923645
0.10105108469724655 0.10970238596200943
0.10116107016801834 0.11443518102169037
0.1012970432639122 0.11912713199853897
0.10103237628936768 0.12705059349536896
0.10086462646722794 0.10784921795129776
0.10187952220439911 0.11223316937685013
0.10288187116384506 0.11025495082139969
0.10072537511587143 0.11162596940994263
0.10134018957614899 0.1192571297287941
0.10084941983222961 0.12049651145935059
0.10260974615812302 0.12770822644233704
0.10095270723104477 0.11029428243637085
0.1006760522723198 0.11656969785690308
0.1017112284898758 0.11429531872272491
0.10114943981170654 0.11437623202800751
0.10136990249156952 0.12605424225330353
0.10202457010746002 0.12851856648921967
0.10158325731754303 0.11869450658559799
0.10123076289892197 0.13941660523414612
0.10103778541088104 0.10888159275054932
0.10039741545915604 0.11019890755414963
0.10111552476882935 0.13003802299499512
0.10107050836086273 0.11529256403446198
0.10063748061656952 0.11596756428480148
0.10150527954101562 0.11093961447477341
0.1009402796626091 0.11066290736198425
0.10144432634115219 0.12620486319065094
0.10126878321170807 0.11295251548290253
0.10090696066617966 0.12578926980495453
0.10099335014820099 0.11158599704504013
0.10071787238121033 0.10993178188800812
0.10079236328601837 0.11670003086328506
0.10020623356103897 0.14288868010044098
0.1011742651462555 0.12104600667953491
0.10040555149316788 0.10870268195867538
0.10053195804357529 0.18341751396656036
0.10157246887683868 0.11581400036811829
0.10054080933332443 0.10846693813800812
0.10157811641693115 0.11509396135807037
0.10042747855186462 0.11517175287008286
0.10106366872787476 0.11383437365293503
0.10101620107889175 0.10699047893285751
0.10051693022251129 0.11958613991737366
0.10123171657323837 0.12226252257823944
0.1007983386516571 0.11541079729795456
0.10114383697509766 0.10719556361436844
0.10089317709207535 0.11108697950839996
0.10086892545223236 0.11047624051570892
0.1006338894367218 0.11307200789451599
0.100954569876194 0.1456323266029358
0.100518137216568 0.12137940526008606
0.10084833949804306 0.11785268783569336
0.1006634384393692 0.11037825047969818
0.10088837146759033 0.11154080182313919
0.10048116743564606 0.13024112582206726
0.10064683109521866 0.11778531968593597
0.10045988857746124 0.1130242571234703
0.10055361688137054 0.11468762159347534
0.10069356113672256 0.11005428433418274
0.10077492892742157 0.1088668555021286
0.10061145573854446 0.132576122879982
0.10092369467020035 0.10738241672515869
0.10105103999376297 0.12686768174171448
0.10102073103189468 0.11135103553533554
0.1003841981291771 0.12337099015712738
0.1007893905043602 0.11259279400110245
0.10066529363393784 0.10832037776708603
