1.5061851739883423 1.437990665435791
1.4937525987625122 1.4387741088867188
1.4932032823562622 1.4431695938110352
1.492780327796936 1.4407426118850708
1.4925740957260132 1.442382574081421
1.4923620223999023 1.4379158020019531
1.4921891689300537 1.4386277198791504
1.4919912815093994 1.4406713247299194
1.491831660270691 1.4381638765335083
1.4918121099472046 1.4404348134994507
1.4918004274368286 1.4429113864898682
1.4914542436599731 1.438236951828003
1.4913777112960815 1.4407455921173096
1.4914517402648926 1.4404047727584839
1.4912525415420532 1.437925934791565
1.4913164377212524 1.4378352165222168
1.4912465810775757 1.4378286600112915
1.4911435842514038 1.4386062622070312
1.4910829067230225 1.4443726539611816
1.4911986589431763 1.4440269470214844
1.491197109222412 1.4391593933105469
1.4911952018737793 1.4482183456420898
1.4911082983016968 1.4391754865646362
1.491182804107666 1.442065954208374
1.4910944700241089 1.4378098249435425
1.491204857826233 1.439352035522461
1.4912151098251343 1.437886118888855
1.491162657737732 1.4393137693405151
1.4776248931884766 1.4215152263641357
1.4688102006912231 1.4245715141296387
1.4664058685302734 1.4150944948196411
1.4552719593048096 1.392136573791504
1.427884578704834 1.3537532091140747
1.3852804899215698 1.3321822881698608
1.3590917587280273 1.316099762916565
1.3167306184768677 1.2411729097366333
1.258162498474121 1.1977952718734741
1.214177131652832 1.1513774394989014
1.180801510810852 1.1267706155776978
1.1521661281585693 1.1033027172088623
1.1393710374832153 1.0877999067306519
1.1347020864486694 1.1078225374221802
1.1296309232711792 1.1042959690093994
1.127299189567566 1.0886986255645752
1.124930500984192 1.0833139419555664
1.1233519315719604 1.1027506589889526
1.1211012601852417 1.0745997428894043
1.1195167303085327 1.0819133520126343
1.119659185409546 1.091500163078308
1.118815302848816 1.077422857284546
1.1176406145095825 1.1007641553878784
1.1162670850753784 1.1820132732391357
1.1153666973114014 1.0792484283447266
1.1151793003082275 1.0788283348083496
1.1116737127304077 1.1176674365997314
1.1108872890472412 1.0683101415634155
1.1075867414474487 1.074981689453125
1.1058217287063599 1.1241779327392578
1.1020690202713013 1.0697996616363525
1.0983293056488037 1.0752614736557007
1.0872712135314941 1.0487138032913208
1.0586163997650146 1.023606300354004
1.003273606300354 0.9485149383544922
0.9388238787651062 0.9491119980812073
0.8741214275360107 0.8500919342041016
0.8359561562538147 0.8204373717308044
0.8150975108146667 0.8037915825843811
0.7927035689353943 0.7839289307594299
0.7724037766456604 0.749309778213501
0.7539899945259094 0.7387421727180481
0.7433330416679382 0.7341518998146057
0.7346804738044739 0.7248997688293457
0.726841390132904 0.7118588089942932
0.7207543849945068 0.7096834778785706
0.7142450213432312 0.7126185894012451
0.7101067304611206 0.6893979907035828
0.7044240236282349 0.6907315254211426
0.7007587552070618 0.6940770149230957
0.6991196274757385 0.7220828533172607
0.695311963558197 0.678434431552887
0.6921722292900085 0.691230297088623
0.6907731890678406 0.73289954662323
0.6906296014785767 0.6859440803527832
0.6875327825546265 0.6712175011634827
0.6849455237388611 0.6675928831100464
0.6845345497131348 0.6654598116874695
0.6815459728240967 0.6750901341438293
0.6816447377204895 0.6631850600242615
0.678952693939209 0.6829427480697632
0.6780473589897156 0.6569942831993103
0.6771775484085083 0.6671915650367737
0.6759605407714844 0.6649578213691711
0.6746855974197388 0.6651237607002258
0.6739041805267334 0.6654735207557678
0.6724622249603271 0.6625924706459045
0.6719257831573486 0.6601185202598572
0.6705973148345947 0.6534806489944458
0.6710157990455627 0.6742469072341919
0.6699590086936951 0.6576822400093079
0.6699134111404419 0.6559756994247437
0.6683655977249146 0.6572165489196777
0.669043242931366 0.687454342842102
0.6685823798179626 0.649795413017273
0.6674015522003174 0.6581681370735168
0.6678776741027832 0.6732412576675415
0.666340708732605 0.6473677158355713
0.6649858355522156 0.6581336855888367
0.6655951142311096 0.6500431299209595
0.6643574237823486 0.7198625206947327
0.6634622812271118 0.647015392780304
0.6623657941818237 0.6793991327285767
0.6635375022888184 0.6503374576568604
0.6631783843040466 0.6625927090644836
0.6625586152076721 0.6510990858078003
0.6623778939247131 0.6441183686256409
0.6616309285163879 0.6464633345603943
0.6615428924560547 0.6567889451980591
0.6610563397407532 0.6478672027587891
0.6608464121818542 0.6485910415649414
0.6606190800666809 0.6817762851715088
0.6609993577003479 0.6592128872871399
0.6597276329994202 0.6756460666656494
0.6590269207954407 0.6654627919197083
0.6591225266456604 0.6435806155204773
0.6586641073226929 0.652264416217804
0.6592919826507568 0.6588682532310486
0.6586959958076477 0.6956249475479126
0.6582464575767517 0.6453230977058411
0.657683789730072 0.6538122296333313
0.6577758193016052 0.6486878395080566
0.6571968793869019 0.665570855140686
0.6574413180351257 0.6452966928482056
0.6569602489471436 0.65045166015625
0.656648576259613 0.6539126038551331
0.6560371518135071 0.6471891403198242
0.6559811234474182 0.6613479256629944
0.6556020975112915 0.657261073589325
0.6550219058990479 0.6442260146141052
0.6544745564460754 0.6592472791671753
0.6545593738555908 0.6407285928726196
0.6548678278923035 0.6441922187805176
0.6548521518707275 0.6464710831642151
0.6540824174880981 0.655556321144104
0.654538094997406 0.6463105082511902
0.6538475751876831 0.6496367454528809
0.6608275175094604 0.640622615814209
0.6537384390830994 0.6473310589790344
0.6530762314796448 0.6410381197929382
0.6532549262046814 0.680137574672699
0.6531351208686829 0.6472299098968506
0.6531077027320862 0.6512925624847412
0.6528089046478271 0.6500762701034546
0.65276038646698 0.6660171151161194
0.6526640057563782 0.6604421138763428
0.6520676612854004 0.6407333612442017
0.6520864367485046 0.6407048106193542
0.6525095701217651 0.6435684561729431
0.651704728603363 0.6591388583183289
0.6511636972427368 0.6577243208885193
0.6516419053077698 0.6419357657432556
0.6515322327613831 0.6509647369384766
0.6512302756309509 0.6408668160438538
0.651914656162262 0.6453838348388672
0.651785671710968 0.6560086011886597
0.6516556739807129 0.6421040892601013
0.6511716842651367 0.6459610462188721
0.6510132551193237 0.6408697366714478
0.650102972984314 0.6415640711784363
0.6507422924041748 0.6772346496582031
0.6506731510162354 0.6395403742790222
0.6493150591850281 0.6384397149085999
0.6495841145515442 0.6397504210472107
0.6496449112892151 0.6393783092498779
0.6498972773551941 0.6419994235038757
0.6501346230506897 0.6454877853393555
0.6495396494865417 0.659730851650238
0.6497694253921509 0.6410666704177856
0.6499286890029907 0.6392311453819275
0.6494388580322266 0.6407821774482727
0.649328887462616 0.6759189367294312
0.6489975452423096 0.6574467420578003
0.6491268873214722 0.6507400274276733
0.6488919854164124 0.6437623500823975
0.6488407254219055 0.6728934645652771
0.6488915085792542 0.6406396627426147
0.6489900946617126 0.6422274708747864
0.6480291485786438 0.6752216219902039
0.6480264067649841 0.6391112804412842
0.6481318473815918 0.6384888291358948
0.6483749747276306 0.6432559490203857
0.6480920314788818 0.6375128030776978
0.6480171084403992 0.6461185216903687
0.6482811570167542 0.639057993888855
0.6480748057365417 0.6401548385620117
0.6479120850563049 0.6400087475776672
0.64764803647995 0.6687928438186646
0.6473966836929321 0.6418091654777527
0.6470011472702026 0.649495542049408
0.6467710733413696 0.6376890540122986
0.647127628326416 0.6370642781257629
0.6464963555335999 0.6383612155914307
0.6466972231864929 0.63963782787323
0.6470635533332825 0.6373082995414734
0.6469526290893555 0.6391549706459045
0.646803617477417 0.6470022201538086
0.6470031142234802 0.6398381590843201
0.6469897627830505 0.6429792046546936
0.6463687419891357 0.6651970744132996
0.6467704176902771 0.6464484333992004
0.6459996700286865 0.6382728815078735
0.6461883187294006 0.6403350234031677
0.6459730863571167 0.6378515958786011
0.645733654499054 0.6537970304489136
0.6455575227737427 0.6371752619743347
0.6460914015769958 0.6435752511024475
0.6461403965950012 0.6373864412307739
0.6457024216651917 0.6393663883209229
0.6455978155136108 0.6738734245300293
0.6456297039985657 0.63951176404953
0.6452193260192871 0.6469585299491882
0.6457551121711731 0.6393925547599792
0.645490825176239 0.6445084810256958
0.6454848647117615 0.637270987033844
0.6455920338630676 0.6472440958023071
0.6453344225883484 0.6388720273971558
0.6452423334121704 0.6656129956245422
0.6456743478775024 0.6385312676429749
0.6446315050125122 0.6409525275230408
0.6450064778327942 0.6465209722518921
0.6446634531021118 0.6495871543884277
0.6446697115898132 0.6489213109016418
0.6448505520820618 0.6358123421669006
0.6446421146392822 0.6417937874794006
0.6440314054489136 0.6427718997001648
0.6446307301521301 0.6412615180015564
0.6445923447608948 0.6387765407562256
0.6452897191047668 0.6375041007995605
0.6446025371551514 0.6350055932998657
0.6444070339202881 0.6424979567527771
0.6447009444236755 0.6476278305053711
0.6440162062644958 0.6388503909111023
0.6446709036827087 0.6440148949623108
0.6443501114845276 0.6379254460334778
0.643947422504425 0.6341464519500732
0.6442039012908936 0.6394791007041931
0.6438990831375122 0.6349900364875793
0.6437145471572876 0.634813666343689
0.6437901258468628 0.6392242312431335
0.6436741352081299 0.6501001715660095
0.6438964605331421 0.6351238489151001
0.6432854533195496 0.6374008655548096
0.643752932548523 0.642991304397583
0.6435458660125732 0.6387422680854797
0.6430572271347046 0.6391098499298096
0.6435807347297668 0.6423460841178894
0.6436327695846558 0.6344616413116455
0.6439030170440674 0.6505258083343506
0.6433079838752747 0.6357556581497192
0.6432356238365173 0.6498814821243286
0.6430434584617615 0.6409721970558167
0.6430670022964478 0.6416449546813965
0.6432488560676575 0.6355528831481934
0.643402099609375 0.6470136046409607
0.6433194875717163 0.6339377164840698
0.6429483294487 0.6528918743133545
0.6433928608894348 0.6672810316085815
0.6429851055145264 0.6364125609397888
0.6429463028907776 0.6332762837409973
0.6427741646766663 0.6511924266815186
0.6427462100982666 0.6338465213775635
0.6428964734077454 0.6398914456367493
0.642491340637207 0.6373797059059143
0.6423807740211487 0.6436815857887268
0.6419519186019897 0.6407892107963562
0.6421079635620117 0.6557741761207581
0.6423816084861755 0.6401079297065735
0.6423841714859009 0.6386477947235107
0.642384946346283 0.6530251502990723
0.6423745155334473 0.6413564682006836
0.6423085331916809 0.6491467952728271
0.6420800089836121 0.6327894330024719
0.6424246430397034 0.6406605839729309
0.6422609090805054 0.6360254883766174
0.6422216892242432 0.6338734030723572
0.6421911716461182 0.6355615258216858
0.6422622799873352 0.6567522883415222
0.6423394680023193 0.6334061622619629
0.6421492099761963 0.6394517421722412
0.6417798399925232 0.6356106400489807
0.6416221857070923 0.643096923828125
0.6422326564788818 0.6354818344116211
0.6410406231880188 0.6449730396270752
0.6415508389472961 0.6418953537940979
0.6412532925605774 0.640744686126709
0.6411581635475159 0.6341468095779419
0.6412569880485535 0.6377481818199158
0.6416093111038208 0.6365436911582947
0.6416696906089783 0.6402276158332825
0.6418327689170837 0.6403471231460571
0.6414608955383301 0.648821234703064
0.6413501501083374 0.6374362707138062
0.6419231295585632 0.6384287476539612
0.6410770416259766 0.6369549632072449
0.6407153606414795 0.634307861328125
0.6412941217422485 0.6354937553405762
0.6409833431243896 0.6352346539497375
0.64103102684021 0.6378596425056458
0.6405487060546875 0.6419767737388611
0.6409353613853455 0.6607675552368164
0.6409427523612976 0.6367525458335876
0.640913724899292 0.6557748317718506
0.6406495571136475 0.6321752667427063
0.6411293745040894 0.6342002153396606
0.6406163573265076 0.6375451683998108
0.6407302021980286 0.6344854831695557
0.6408616900444031 0.635179340839386
0.6406221389770508 0.634537398815155
0.640518069267273 0.6333005428314209
0.6403400301933289 0.6352244019508362
0.6406008005142212 0.6336140632629395
0.6404291391372681 0.6352526545524597
0.6399612426757812 0.6397650837898254
0.6402024626731873 0.6325423121452332
0.6400542259216309 0.6325387358665466
0.6402060985565186 0.6414834260940552
0.640354335308075 0.6420706510543823
0.6403725147247314 0.6332808136940002
0.6398974061012268 0.6351406574249268
0.6400473117828369 0.6336114406585693
0.6400689482688904 0.6353321671485901
0.6396663784980774 0.6366821527481079
0.6403259038925171 0.6349300742149353
0.6399144530296326 0.6362560987472534
0.6399651169776917 0.6376510858535767
0.6397793292999268 0.6337518095970154
0.6398388147354126 0.6352245211601257
0.6396498084068298 0.633022129535675
0.639813244342804 0.6419373154640198
0.6397837400436401 0.6333678364753723
0.6394522786140442 0.6328471302986145
0.639590859413147 0.633756697177887
0.6401768922805786 0.6403049230575562
0.6394436955451965 0.632083535194397
0.6393612623214722 0.6376272439956665
0.6397272348403931 0.6429274678230286
0.6393908858299255 0.6329724192619324
0.6392936706542969 0.6329775452613831
0.639299213886261 0.634324848651886
0.6391448974609375 0.6310285329818726
0.6404760479927063 0.6354610323905945
0.6392079591751099 0.644411563873291
0.639214277267456 0.6425686478614807
0.6393364667892456 0.642056405544281
0.6389175653457642 0.634788453578949
0.6392945051193237 0.636836051940918
0.6389734148979187 0.6309728026390076
0.6391869187355042 0.6329041123390198
0.6390958428382874 0.6380913853645325
0.639110267162323 0.6361918449401855
0.6392399072647095 0.6346220970153809
0.6389350295066833 0.6385147571563721
0.6388763785362244 0.6323918104171753
0.639126181602478 0.6363483667373657
0.6393783092498779 0.6556950211524963
0.6384779214859009 0.6397150158882141
0.6388413906097412 0.6340397596359253
0.6386525630950928 0.6409634351730347
0.6385653614997864 0.640259325504303
0.6387438178062439 0.6539484858512878
0.6386355757713318 0.6321557760238647
0.6381924152374268 0.6436882615089417
0.638534426689148 0.6320779919624329
0.6384260654449463 0.6356316804885864
0.6383193135261536 0.6348300576210022
0.6383578777313232 0.6339254975318909
0.6381694078445435 0.6326293349266052
0.6381194591522217 0.637453019618988
0.6383309960365295 0.6358556151390076
0.6380391120910645 0.6381652355194092
0.6382634043693542 0.6428864002227783
0.6382855772972107 0.6382562518119812
0.6377469301223755 0.631135880947113
0.6376219391822815 0.6310780644416809
0.6377842426300049 0.6433411836624146
0.6378679871559143 0.6390225291252136
0.6379067301750183 0.6319097876548767
0.6379894018173218 0.633110761642456
0.6378101110458374 0.6329728960990906
0.6378967761993408 0.6460853219032288
0.6375534534454346 0.6422334909439087
0.6381204724311829 0.6308311820030212
0.6379293203353882 0.63198322057724
0.6382187604904175 0.6319770216941833
0.6374959349632263 0.630523145198822
0.6374295949935913 0.6324051022529602
0.6374521255493164 0.6436384916305542
0.6377699971199036 0.6336313486099243
0.6376902461051941 0.6322419047355652
0.6374037265777588 0.6339097619056702
0.6374243497848511 0.6313252449035645
0.6375715732574463 0.6342782974243164
0.6371950507164001 0.6353140473365784
0.6374247074127197 0.6349948048591614
0.6375136375427246 0.6341826319694519
0.6373258233070374 0.6325238347053528
0.6375365257263184 0.6307851076126099
0.637337327003479 0.6325167417526245
0.6371609568595886 0.6358584761619568
0.6370112299919128 0.6336576342582703
0.6372586488723755 0.6377697587013245
0.636714518070221 0.6442596316337585
0.637122631072998 0.6330971717834473
0.6368738412857056 0.6328458786010742
0.6370606422424316 0.6324657797813416
0.6369047164916992 0.6362436413764954
0.6370176076889038 0.6339938640594482
0.6370387673377991 0.6346816420555115
0.6370103359222412 0.6309297680854797
0.6367344856262207 0.6320107579231262
0.6366094946861267 0.6384390592575073
0.6374544501304626 0.6340416669845581
0.6370814442634583 0.6355926394462585
0.6369448900222778 0.6395376324653625
0.6368095278739929 0.6418882012367249
0.6367208957672119 0.6369151473045349
0.6367387771606445 0.6338453888893127
0.6368641257286072 0.631925642490387
0.6365976929664612 0.6317144632339478
0.6365137100219727 0.6330698132514954
0.6364672183990479 0.6331959962844849
0.6365594863891602 0.6359500885009766
0.6365013718605042 0.6319869756698608
0.6366277933120728 0.6900915503501892
0.6366671323776245 0.6302420496940613
0.6366506218910217 0.6409998536109924
0.63651442527771 0.6458543539047241
0.6364755630493164 0.6385818123817444
0.6366363167762756 0.6356995701789856
0.6365430951118469 0.6348732113838196
0.6362929344177246 0.6462007164955139
0.6362136006355286 0.6299768090248108
0.6361892819404602 0.6353570818901062
0.6363467574119568 0.6327441930770874
0.6361972093582153 0.6320570111274719
0.6359564065933228 0.6412838697433472
0.6361860036849976 0.6341355443000793
0.6364402174949646 0.630574107170105
0.6360846757888794 0.6377822756767273
0.6362485289573669 0.6333510875701904
0.6363376379013062 0.6355440020561218
0.6361989974975586 0.6325492262840271
0.6360434889793396 0.6388432383537292
0.6361824870109558 0.641533374786377
0.63615882396698 0.6314828991889954
0.6360226273536682 0.6306111812591553
0.6358755230903625 0.6307103037834167
0.6357253789901733 0.6356895565986633
0.6359909176826477 0.643201470375061
0.635832667350769 0.6330277919769287
0.6357377171516418 0.6311823129653931
0.6358310580253601 0.6327358484268188
0.6357409954071045 0.6385259628295898
0.6358597874641418 0.63678377866745
0.6357718706130981 0.6369719505310059
0.6355739235877991 0.6325011253356934
0.6358439922332764 0.638504683971405
0.6356885433197021 0.6319303512573242
0.6355594396591187 0.6476263999938965
0.6356955766677856 0.6319785118103027
0.6355489492416382 0.6329935193061829
0.6356165409088135 0.634437084197998
0.6356492042541504 0.6318407654762268
0.6355117559432983 0.636532187461853
0.6353886723518372 0.6522694826126099
0.6357458233833313 0.6314845085144043
0.6353037357330322 0.6545469164848328
0.63555508852005 0.6370294094085693
0.6360738277435303 0.6341860890388489
0.635515034198761 0.6346328258514404
0.635569155216217 0.6312601566314697
0.6353949904441833 0.6446844935417175
0.6353150010108948 0.6323800086975098
0.6356489658355713 0.6303129196166992
0.635327935218811 0.6299285888671875
0.6349902749061584 0.6315698027610779
0.6350994110107422 0.6391571164131165
0.6351757645606995 0.6311664581298828
0.6348602771759033 0.6328867077827454
0.6352518200874329 0.6439863443374634
0.6354222297668457 0.6383578777313232
0.6351757645606995 0.6368812322616577
0.6350228190422058 0.6344724297523499
0.6354376673698425 0.6302686333656311
0.6348954439163208 0.6349230408668518
0.6349270343780518 0.6295739412307739
0.6347814798355103 0.631197988986969
0.6351005434989929 0.630322277545929
0.6349872350692749 0.6321815252304077
0.6351539492607117 0.6303168535232544
0.6345686912536621 0.6288790106773376
0.6347283720970154 0.6309007406234741
0.634646475315094 0.6302917003631592
0.6346060633659363 0.6335985660552979
0.634917676448822 0.6322933435440063
0.6348717212677002 0.6364077925682068
0.6349028944969177 0.6362869739532471
0.6349309682846069 0.6330624222755432
0.6346493363380432 0.6324123740196228
0.6345758438110352 0.6335332989692688
0.6347095966339111 0.6309376955032349
0.6346125602722168 0.6319765448570251
0.6348920464515686 0.6313943266868591
0.6347994804382324 0.6327247023582458
0.6347289681434631 0.63150954246521
0.6348056197166443 0.6328879594802856
0.6345396041870117 0.6299993991851807
0.6343327760696411 0.6289882659912109
0.6343216896057129 0.6333180665969849
0.6344295144081116 0.6318246722221375
0.6341320872306824 0.6286418437957764
0.6345031261444092 0.6391755938529968
0.6344824433326721 0.6326276063919067
0.6342681050300598 0.6299564838409424
0.6341611742973328 0.6318361163139343
0.6342297196388245 0.6298603415489197
0.6343715786933899 0.6324153542518616
0.6345226168632507 0.6288130879402161
0.6343894004821777 0.6298765540122986
0.6344153881072998 0.6338327527046204
0.6342750787734985 0.6308854818344116
0.6340715289115906 0.6335027813911438
0.6339381337165833 0.6377249360084534
0.6340110301971436 0.6298214793205261
0.6339371204376221 0.6313113570213318
0.6341861486434937 0.6294679045677185
0.6341626048088074 0.6361206769943237
0.6341321468353271 0.6380878686904907
0.6339433193206787 0.6306451559066772
0.6341248750686646 0.640796422958374
0.6338890790939331 0.628314733505249
0.6340172290802002 0.6350098848342896
0.634153425693512 0.6385501623153687
0.634062647819519 0.6335827112197876
0.6340087652206421 0.6332617998123169
0.633844792842865 0.6330170035362244
0.6338735818862915 0.6355859637260437
0.63370680809021 0.6299521327018738
0.6340715885162354 0.6354262828826904
0.6339014768600464 0.6389845013618469
0.6338529586791992 0.6318545937538147
0.6339678764343262 0.6325161457061768
0.6337868571281433 0.6308624744415283
0.633687436580658 0.6344522833824158
0.6339805722236633 0.6297304034233093
0.6337147951126099 0.6357493996620178
0.6339219212532043 0.6361217498779297
0.6339606642723083 0.6321094632148743
0.6335965394973755 0.6293271780014038
0.6336549520492554 0.6321049332618713
0.6334632039070129 0.6327266097068787
0.6334314346313477 0.6285937428474426
0.6333709955215454 0.6303771734237671
0.6335270404815674 0.6295132040977478
0.6335184574127197 0.6327822804450989
0.6334611773490906 0.6327835321426392
0.6335928440093994 0.6301571130752563
0.6336662769317627 0.6301787495613098
0.6333926916122437 0.635965883731842
0.633311927318573 0.6363404393196106
0.6336960196495056 0.6292387843132019
0.6334845423698425 0.6327220797538757
0.6331499218940735 0.6311665773391724
0.6334744691848755 0.6297430396080017
0.6334889531135559 0.6311790347099304
0.6331316232681274 0.6326537728309631
0.6329799890518188 0.6303188800811768
0.6331449151039124 0.6303869485855103
0.6334269642829895 0.629146158695221
0.6333290934562683 0.6289883255958557
0.6331356763839722 0.630419909954071
0.6333248615264893 0.6293913125991821
0.6330662369728088 0.6286500692367554
0.6336234211921692 0.6304929852485657
0.6332035064697266 0.6391648650169373
0.6332638263702393 0.6308736801147461
0.6331148147583008 0.6308355927467346
0.6331943869590759 0.6298531293869019
0.6333262920379639 0.6315098404884338
0.6331486701965332 0.6291486620903015
0.6330072283744812 0.6307466626167297
0.6328778862953186 0.6304207444190979
0.6330005526542664 0.6355894804000854
0.6328463554382324 0.6305046081542969
0.6328980922698975 0.6296249628067017
0.6330274939537048 0.6299899220466614
0.6331550478935242 0.6298013925552368
0.6329003572463989 0.6310540437698364
0.6330166459083557 0.6302172541618347
0.6329925656318665 0.6304952502250671
0.6328104138374329 0.6289734840393066
0.6328796148300171 0.6356430649757385
0.6325662732124329 0.6291685700416565
0.6328412890434265 0.62948077917099
0.6329497694969177 0.6379224061965942
0.6329202651977539 0.6313730478286743
0.6326437592506409 0.6313877105712891
0.6327926516532898 0.6315588355064392
0.6326043605804443 0.6279487609863281
0.6327672004699707 0.6287104487419128
0.6328264474868774 0.6291980147361755
0.6326928734779358 0.6299842596054077
0.6328362822532654 0.632335364818573
0.6326667070388794 0.630829393863678
0.6327056288719177 0.6311964988708496
0.6325486302375793 0.6297487020492554
0.6326285004615784 0.6299713850021362
0.6326898336410522 0.6311333775520325
0.6326306462287903 0.6302703619003296
0.6326510310173035 0.6331710815429688
0.632603108882904 0.6305829882621765
0.6323376297950745 0.631848931312561
0.6324366927146912 0.6356741189956665
0.6324780583381653 0.630761981010437
0.6325414180755615 0.6306505799293518
0.6324957013130188 0.6310675740242004
0.6324315667152405 0.6369942426681519
0.6325799822807312 0.6291643381118774
0.6325950026512146 0.630826473236084
0.6324613094329834 0.6301576495170593
0.6322886943817139 0.6333233714103699
0.6323723793029785 0.6282142400741577
0.6322829127311707 0.6355143189430237
0.6322019696235657 0.6304619908332825
0.6324562430381775 0.6287375688552856
0.6321998238563538 0.6384692788124084
0.632255494594574 0.6281657814979553
0.632301390171051 0.6303813457489014
0.6319165825843811 0.6338486671447754
0.6321923732757568 0.6291174292564392
0.6320613026618958 0.6341022253036499
0.6322415471076965 0.6278416514396667
0.6320922374725342 0.6383746266365051
0.6321754455566406 0.6320467591285706
0.6322472095489502 0.6290056705474854
0.6321591138839722 0.6319220066070557
0.6323685646057129 0.6313673257827759
0.6321007013320923 0.6347328424453735
0.6321297883987427 0.6298553347587585
0.6322034597396851 0.6315768361091614
0.6320800185203552 0.628269612789154
0.6320200562477112 0.6284500360488892
0.6320824027061462 0.6363103985786438
0.6318280696868896 0.6281715035438538
0.6319502592086792 0.6309670209884644
0.6319973468780518 0.6297673583030701
0.6319350600242615 0.6414132118225098
0.6320383548736572 0.6330170631408691
0.6318268775939941 0.627971887588501
0.6319262385368347 0.6303528547286987
0.6317984461784363 0.6298567056655884
0.6318943500518799 0.6346340775489807
0.6319631338119507 0.6349462270736694
0.6318128705024719 0.6279871463775635
0.6319928169250488 0.629505455493927
0.631880521774292 0.631000816822052
0.6316894292831421 0.632799506187439
0.631645143032074 0.628313422203064
0.6317146420478821 0.62995845079422
0.6317417621612549 0.6324523687362671
0.6317822337150574 0.6326197981834412
0.6316048502922058 0.6299328804016113
0.6315891146659851 0.6307531595230103
0.6317158937454224 0.6296467185020447
0.6316803097724915 0.6280817985534668
0.631620466709137 0.6305907964706421
0.6318907737731934 0.6295406818389893
0.6319338083267212 0.6318227052688599
0.6316004395484924 0.6283438205718994
0.6315416097640991 0.6279281377792358
0.6315809488296509 0.630814790725708
0.6314796209335327 0.6288853287696838
0.6314958333969116 0.6309536099433899
0.6316782236099243 0.6321825385093689
0.6315322518348694 0.628172755241394
0.6314058899879456 0.6284411549568176
0.6314128637313843 0.6286378502845764
0.6313316822052002 0.6289881467819214
0.6316170692443848 0.6291837096214294
0.6313954591751099 0.6306959390640259
0.6314796209335327 0.6322359442710876
0.631312906742096 0.6323698163032532
0.63156658411026 0.6343814730644226
0.6314551830291748 0.6278066635131836
0.631368100643158 0.629949152469635
0.631393313407898 0.6291237473487854
0.6314221024513245 0.6303817629814148
0.631134033203125 0.6287422180175781
0.6313483715057373 0.6278912425041199
0.6311679482460022 0.6291018724441528
0.6311604976654053 0.632737398147583
0.6312424540519714 0.6277232766151428
0.6314301490783691 0.628947377204895
0.6312171816825867 0.6305484771728516
0.6310399174690247 0.6299055814743042
0.6312406063079834 0.6304934024810791
0.6311826109886169 0.6299119591712952
0.6312662959098816 0.6276485323905945
0.631154477596283 0.6282972097396851
0.6311975121498108 0.631995677947998
0.6312501430511475 0.6348123550415039
0.6311072111129761 0.6291022300720215
0.6310002207756042 0.6290117502212524
0.631165623664856 0.6306532025337219
0.6308306455612183 0.628854513168335
0.6311025619506836 0.6286410093307495
0.6310457587242126 0.6304934620857239
0.6310217380523682 0.630469024181366
0.6311355233192444 0.6286804676055908
0.6310797929763794 0.6292637586593628
0.6311312913894653 0.633501410484314
0.6311042904853821 0.6277249455451965
0.631202757358551 0.6304033994674683
0.6308796405792236 0.630996584892273
0.630985677242279 0.6425361037254333
0.630973756313324 0.6299027800559998
0.6308778524398804 0.6339125633239746
0.6306980848312378 0.6278961896896362
0.6307513117790222 0.6291152834892273
0.6307024955749512 0.6281159520149231
0.6308580040931702 0.6292621493339539
0.6308557987213135 0.6280750036239624
0.6308508515357971 0.6303566098213196
0.6309031844139099 0.6299397945404053
0.6307706236839294 0.6373370885848999
0.6308331489562988 0.6280702948570251
0.6309859752655029 0.6313046813011169
0.6308611631393433 0.6282328963279724
0.6307124495506287 0.6381295919418335
0.630733847618103 0.6296993494033813
0.6307823657989502 0.6294898986816406
0.6306901574134827 0.6285699605941772
0.630823016166687 0.6277780532836914
0.630711555480957 0.6276221871376038
0.6305900812149048 0.6279934644699097
0.630582332611084 0.6307780742645264
0.6305912733078003 0.6289917826652527
0.6305875778198242 0.6285003423690796
0.6306844353675842 0.6295380592346191
0.6308227181434631 0.6287921667098999
0.6306634545326233 0.628976583480835
0.6307092905044556 0.6290343403816223
0.6306809186935425 0.6311118602752686
0.6306490898132324 0.6283354759216309
0.6305455565452576 0.6304435133934021
0.6305485367774963 0.6283026933670044
0.6306431293487549 0.6295357346534729
0.6305102109909058 0.6286270022392273
0.630378782749176 0.6326278448104858
0.6305857300758362 0.6287755966186523
0.6304953694343567 0.6281265020370483
0.6305643320083618 0.6315680742263794
0.6302502751350403 0.6274871230125427
0.6302827000617981 0.6284211874008179
0.6304806470870972 0.6311582326889038
0.6305536031723022 0.6288484930992126
0.6305299997329712 0.6287668347358704
0.6304123401641846 0.6282814145088196
0.6304344534873962 0.6295529007911682
0.6305256485939026 0.6287128925323486
0.6303391456604004 0.6302006244659424
0.6305235624313354 0.628609299659729
0.6303068399429321 0.630454421043396
0.630363404750824 0.6282387971878052
0.6303727030754089 0.6297522783279419
0.6303187608718872 0.6277298927307129
0.6305221319198608 0.6291946768760681
0.6301681995391846 0.6292017698287964
0.6304219365119934 0.6286853551864624
0.6303620934486389 0.6306031942367554
0.6302345395088196 0.6290763020515442
0.6303210854530334 0.6298125982284546
0.6301481127738953 0.6301067471504211
0.6302658319473267 0.6276986598968506
0.6300712823867798 0.631009578704834
0.6302462220191956 0.6291730403900146
0.6302776336669922 0.6285248398780823
0.6301746964454651 0.6299668550491333
0.6299657821655273 0.6282669901847839
0.6300511360168457 0.6324652433395386
0.6302253603935242 0.6278035044670105
0.6300981044769287 0.6280365586280823
0.6301659941673279 0.6400220990180969
0.630101203918457 0.6287965774536133
0.6301553845405579 0.6285484433174133
0.6302362084388733 0.6307263374328613
0.63011634349823 0.632247269153595
0.6301291584968567 0.6271692514419556
0.6301532983779907 0.6298452615737915
0.6300421953201294 0.6294311285018921
0.6300771832466125 0.6311346292495728
