1.4903706312179565 1.520258903503418
1.479859471321106 1.521046757698059
1.477270245552063 1.5009931325912476
1.476526141166687 1.5037415027618408
1.4758937358856201 1.5254302024841309
1.4754754304885864 1.5168720483779907
1.4747180938720703 1.5065572261810303
1.474971055984497 1.5135859251022339
1.4744762182235718 1.51298987865448
1.4402494430541992 1.46940016746521
1.4052916765213013 1.4563336372375488
1.3808364868164062 1.384897232055664
1.3657225370407104 1.38547682762146
1.3497016429901123 1.3619518280029297
1.3400754928588867 1.3258392810821533
1.2955800294876099 1.2918992042541504
1.2588154077529907 1.2410935163497925
1.217747449874878 1.1958560943603516
1.1751874685287476 1.188989520072937
1.1325629949569702 1.1597135066986084
1.1022982597351074 1.1018277406692505
1.0660041570663452 1.0792021751403809
1.034777045249939 1.035788655281067
1.006532907485962 1.0052294731140137
0.9900161027908325 0.9831629395484924
0.9714623689651489 0.9726958870887756
0.9513328671455383 0.9595702886581421
0.9379005432128906 0.925226092338562
0.9256232976913452 0.9802742004394531
0.9191190004348755 1.0747900009155273
0.907566487789154 0.9043266177177429
0.9034400582313538 0.944275975227356
0.896328866481781 0.8970048427581787
0.8899509906768799 0.8901357650756836
0.8852527737617493 0.8850782513618469
0.8800479769706726 0.9511095881462097
0.8781094551086426 0.8933762311935425
0.8752984404563904 0.8787409663200378
0.8733344674110413 0.8832783102989197
0.8726205229759216 0.8787074685096741
0.8695999979972839 0.8934805393218994
0.8674524426460266 0.956993818283081
0.8671960234642029 0.8728423118591309
0.8650102019309998 0.8723187446594238
0.8660914897918701 0.8689654469490051
0.865657389163971 0.8866568207740784
0.8640651702880859 0.8649498820304871
0.8632336258888245 0.9066136479377747
0.8622116446495056 0.8707254528999329
0.8618021607398987 0.9030159115791321
0.8615533113479614 0.8794838786125183
0.8608914613723755 0.8800962567329407
0.8603217005729675 0.9174546599388123
0.8599929213523865 0.8683578372001648
0.8574443459510803 0.8919599652290344
0.859330952167511 0.8627077341079712
0.8580467700958252 0.8837647438049316
0.8573026657104492 0.8819596171379089
0.8584683537483215 0.8728634119033813
0.8565506935119629 0.8923836350440979
0.8564234972000122 0.8605215549468994
0.8562445044517517 0.8746909499168396
0.8534690737724304 0.868410050868988
0.8579017519950867 0.8954293727874756
0.8539634943008423 0.9938598275184631
0.8558571934700012 0.8659263253211975
0.8563082814216614 0.922217607498169
0.8537225723266602 0.8639630079269409
0.8536611199378967 0.8740872740745544
0.8523740172386169 0.8728958368301392
0.8551271557807922 0.8894005417823792
0.852474570274353 0.8623113036155701
0.8549657464027405 0.8783451318740845
0.8509018421173096 0.8618879914283752
0.8519764542579651 0.8848905563354492
0.8511533141136169 0.8856862187385559
0.851692795753479 0.9140963554382324
0.8526619076728821 0.8636903166770935
0.8504043817520142 0.8588926792144775
0.8511615991592407 0.9271127581596375
0.8517988920211792 0.8641660809516907
0.849602460861206 0.8650751709938049
0.8489452004432678 0.8607469797134399
0.8502421379089355 0.8606558442115784
0.8482894897460938 0.8705009818077087
0.8486247062683105 0.8536306023597717
0.847947895526886 0.8583104014396667
0.8483689427375793 0.8628541827201843
0.8500862121582031 0.8586564660072327
0.8492746949195862 0.8929688334465027
0.8472269177436829 0.8603810667991638
0.849413275718689 0.884972870349884
0.8478461503982544 0.8544211983680725
0.8491417765617371 0.8592461347579956
0.8467647433280945 0.8605563640594482
0.8478074669837952 0.8581422567367554
0.8493781089782715 0.8590139746665955
0.8492816686630249 0.8600900769233704
0.8461620211601257 0.8610360622406006
0.8469114303588867 0.8678492307662964
0.8463666439056396 0.9380182027816772
0.8462067246437073 0.8581560850143433
0.8473761081695557 0.854353666305542
0.8464455008506775 0.8714278340339661
0.8461532592773438 0.8884239792823792
0.8466445803642273 0.8690370321273804
0.8447086811065674 0.9301533699035645
0.8453718423843384 0.8530356287956238
0.8459665775299072 0.8615686893463135
0.8455872535705566 0.8683145046234131
0.8458870053291321 0.8567066192626953
0.8471409678459167 0.8685999512672424
0.8450787663459778 0.918117344379425
0.8459970951080322 0.8628465533256531
0.8434906601905823 0.8787786960601807
0.8442727327346802 0.8882092833518982
0.8415172100067139 0.8971723318099976
0.7959297895431519 0.8322006464004517
0.7130508422851562 0.7262776494026184
0.6324883699417114 0.6234119534492493
0.5686641931533813 0.587744951248169
0.5138037204742432 0.4750598073005676
0.4682430922985077 0.4581209421157837
0.4361332952976227 0.4772796332836151
0.41262122988700867 0.40918561816215515
0.39499640464782715 0.445754736661911
0.3850119113922119 0.37594929337501526
0.37649109959602356 0.3771710693836212
0.36923515796661377 0.3821484446525574
0.3647748529911041 0.38107961416244507
0.361993670463562 0.38952797651290894
0.3578938841819763 0.3686875104904175
0.3567533791065216 0.37419411540031433
0.3524589240550995 0.3885454535484314
0.34988129138946533 0.3461081385612488
0.34942901134490967 0.35393065214157104
0.3468913733959198 0.415079265832901
0.3439415395259857 0.34283244609832764
0.3445640504360199 0.33784180879592896
0.34277138113975525 0.36523228883743286
0.3407798111438751 0.35045984387397766
0.34010669589042664 0.3725144565105438
0.3403783142566681 0.3477512001991272
0.3364940583705902 0.35777533054351807
0.3375173807144165 0.34250232577323914
0.3361507058143616 0.337925523519516
0.3356359899044037 0.350241482257843
0.3353423476219177 0.34332600235939026
0.33338865637779236 0.35123398900032043
0.3347623944282532 0.3318701982498169
0.3330737352371216 0.3424067199230194
0.3320744037628174 0.3266565501689911
0.33204665780067444 0.3403356075286865
0.3312406837940216 0.34971827268600464
0.33041834831237793 0.33109673857688904
0.3309289216995239 0.33984920382499695
0.32853007316589355 0.32931625843048096
0.3295396864414215 0.3335510492324829
0.32773295044898987 0.342134028673172
0.3274415135383606 0.3751327395439148
0.3287575840950012 0.351214736700058
0.32808369398117065 0.3332664966583252
0.32795634865760803 0.34581753611564636
0.32788458466529846 0.3535318672657013
0.32552874088287354 0.36142054200172424
0.3275682330131531 0.3675909638404846
0.325558602809906 0.33093246817588806
0.32605990767478943 0.3314807713031769
0.32588404417037964 0.3419370949268341
0.3246465027332306 0.32862406969070435
0.3250330090522766 0.3373749852180481
0.32567328214645386 0.3226177394390106
0.323982834815979 0.3303943872451782
0.324799507856369 0.3359358310699463
0.3235275447368622 0.32559695839881897
0.3253313899040222 0.3315339982509613
0.32353365421295166 0.3344510495662689
0.3247082829475403 0.3306518495082855
0.3239939212799072 0.33251649141311646
0.32299891114234924 0.3325103521347046
0.3238460123538971 0.3334166705608368
0.32365351915359497 0.3302004635334015
0.3221418857574463 0.355575293302536
0.3241311013698578 0.32435059547424316
0.3219588100910187 0.32972171902656555
0.32248780131340027 0.3509847819805145
0.32114413380622864 0.32285958528518677
0.32128190994262695 0.3250857889652252
0.3230362832546234 0.32439059019088745
0.32225945591926575 0.3527439534664154
0.32270103693008423 0.3424745500087738
0.32225245237350464 0.36158204078674316
0.320998877286911 0.33688732981681824
0.3216184377670288 0.3732227385044098
0.3214321434497833 0.32947269082069397
0.3209071755409241 0.3190890848636627
0.3209425210952759 0.323534220457077
0.32023656368255615 0.3219347596168518
0.32049986720085144 0.3301089107990265
0.32266750931739807 0.3202407658100128
0.32145532965660095 0.31814295053482056
0.3203335404396057 0.32789328694343567
0.32067179679870605 0.324836403131485
0.3201189339160919 0.3683861792087555
0.3199650049209595 0.3252180516719818
0.3203718066215515 0.3209315240383148
0.31950029730796814 0.3231082856655121
0.31915363669395447 0.3217345178127289
0.3195081949234009 0.37842249870300293
0.3198208808898926 0.3255060017108917
0.32014450430870056 0.3549691140651703
0.319751113653183 0.33520856499671936
0.3193834722042084 0.3155120313167572
0.3191664218902588 0.36764830350875854
0.31906312704086304 0.323511004447937
0.32030636072158813 0.32348668575286865
0.31728431582450867 0.3245227634906769
0.31867846846580505 0.35636991262435913
0.318891704082489 0.3251941502094269
0.31818777322769165 0.32687345147132874
0.31689003109931946 0.32673180103302
0.31809794902801514 0.32034099102020264
0.3188554644584656 0.3283707797527313
0.3191421627998352 0.31701499223709106
0.31854015588760376 0.3227998912334442
0.3188990652561188 0.3325512707233429
0.3179914653301239 0.3184959888458252
0.31767329573631287 0.3116174042224884
0.3187643587589264 0.32840558886528015
0.3177386224269867 0.3145853281021118
0.3172597587108612 0.3240754306316376
0.31822800636291504 0.3150443434715271
0.31796377897262573 0.3195481598377228
0.3175329566001892 0.3185664117336273
0.31807181239128113 0.33181533217430115
0.3164922297000885 0.3167658746242523
0.31725236773490906 0.318757027387619
0.31613287329673767 0.3190017342567444
0.31734609603881836 0.32740500569343567
0.3160572350025177 0.33921054005622864
0.3166119456291199 0.32188913226127625
0.3173682987689972 0.31243896484375
0.31499046087265015 0.3158881664276123
0.31792059540748596 0.32315608859062195
0.31670254468917847 0.32502487301826477
0.31567317247390747 0.3200920820236206
0.3159457743167877 0.31481972336769104
0.3153785765171051 0.33017387986183167
0.315369188785553 0.31820905208587646
0.31594303250312805 0.3125707507133484
0.3152797818183899 0.31974923610687256
0.31666576862335205 0.3271894156932831
0.31731709837913513 0.32151564955711365
0.31514063477516174 0.3289925754070282
0.3152068853378296 0.3294985592365265
0.31556570529937744 0.31740546226501465
0.315827339887619 0.34953778982162476
0.31614193320274353 0.3144899606704712
0.3145197331905365 0.32040855288505554
0.31567370891571045 0.3195134103298187
0.31542474031448364 0.3198627531528473
0.3140186667442322 0.3131602108478546
0.31572726368904114 0.3222857117652893
0.31613484025001526 0.31625986099243164
0.31460103392601013 0.3468816578388214
0.31559160351753235 0.32379987835884094
0.3153693377971649 0.3274562358856201
0.3141896426677704 0.345869779586792
0.31655436754226685 0.3177354633808136
0.3138454854488373 0.3377578854560852
0.3146835267543793 0.31282877922058105
0.3140830397605896 0.3131836950778961
0.3147406578063965 0.33347761631011963
0.3136577606201172 0.3234924077987671
0.3136211633682251 0.3445228636264801
0.31470510363578796 0.31226950883865356
0.31448090076446533 0.31288906931877136
0.31425750255584717 0.32133275270462036
0.31456258893013 0.3246716558933258
0.3137046992778778 0.32005682587623596
0.31324225664138794 0.323895663022995
0.31436124444007874 0.33359771966934204
0.3133053779602051 0.3216535449028015
0.31503236293792725 0.3159598112106323
0.3134903013706207 0.3243052065372467
0.31397873163223267 0.313734769821167
0.3144683241844177 0.31412503123283386
0.31424084305763245 0.3230937719345093
0.31405338644981384 0.320073664188385
0.3157171905040741 0.33329132199287415
0.3146054148674011 0.32063648104667664
0.3134404122829437 0.3295333683490753
0.313754141330719 0.3194771409034729
0.3152990937232971 0.31114462018013
0.3136277198791504 0.31437262892723083
0.3131627142429352 0.31884536147117615
0.3132099509239197 0.32000136375427246
0.3121858537197113 0.31921660900115967
0.3124319911003113 0.310720831155777
0.3137403428554535 0.3294263780117035
0.3144058585166931 0.31730183959007263
0.3135441541671753 0.33364367485046387
0.3129872679710388 0.33440980315208435
0.3144785165786743 0.33170241117477417
0.31209596991539 0.32310786843299866
0.3132471442222595 0.31547659635543823
0.3138585388660431 0.33428213000297546
0.3127197325229645 0.3269088864326477
0.3132714033126831 0.3310072422027588
0.3131111264228821 0.3223031163215637
0.3126576542854309 0.3181747794151306
0.3141292929649353 0.32125842571258545
0.31207260489463806 0.312425822019577
0.3120967447757721 0.3406824767589569
0.31227320432662964 0.32899755239486694
0.31259843707084656 0.325205534696579
0.3127444386482239 0.3460063934326172
0.31230852007865906 0.310598760843277
0.31294339895248413 0.3365338444709778
0.3140181601047516 0.31847167015075684
0.3128373622894287 0.3177809417247772
0.31248363852500916 0.3383618891239166
0.31220561265945435 0.3176034688949585
0.3133441209793091 0.3188876509666443
0.31209543347358704 0.31870946288108826
0.31259310245513916 0.34370318055152893
0.31293773651123047 0.32285448908805847
0.31213584542274475 0.3276149034500122
0.31195926666259766 0.3267260789871216
0.3123225271701813 0.3196123242378235
0.3120640814304352 0.32415708899497986
0.3125726282596588 0.3162166178226471
0.31214192509651184 0.3215738832950592
0.31298837065696716 0.32291626930236816
0.3119574785232544 0.31896933913230896
0.3116810917854309 0.3173013925552368
0.31182488799095154 0.3244706690311432
0.3136938512325287 0.3217380940914154
0.3123237192630768 0.32103389501571655
0.3112182915210724 0.32713383436203003
0.31202369928359985 0.3174360692501068
0.3121499717235565 0.32249435782432556
0.31146448850631714 0.3141564428806305
0.3114776611328125 0.32076388597488403
0.3109095096588135 0.3206086754798889
0.31125620007514954 0.31355249881744385
0.31204673647880554 0.31238359212875366
0.312112957239151 0.3190835416316986
0.31296807527542114 0.31406041979789734
0.31199535727500916 0.3208328187465668
0.3118765354156494 0.315032422542572
0.31136950850486755 0.32032161951065063
0.31113430857658386 0.34642863273620605
0.3125949800014496 0.31642910838127136
0.31172212958335876 0.32597124576568604
0.31206417083740234 0.32461076974868774
0.31160348653793335 0.31298917531967163
0.31011638045310974 0.31743520498275757
0.31161612272262573 0.3258773386478424
0.31141263246536255 0.31595683097839355
0.3109516203403473 0.32538899779319763
0.31249669194221497 0.3197365999221802
0.3115047216415405 0.31136658787727356
0.3106824457645416 0.3165157735347748
0.31189537048339844 0.31379592418670654
0.3101257085800171 0.3143357038497925
0.3103078305721283 0.3190326988697052
0.31082549691200256 0.3143174350261688
0.3106488287448883 0.32057303190231323
0.31056860089302063 0.3201160728931427
0.31093519926071167 0.31979086995124817
0.31177833676338196 0.3115588128566742
0.3114509880542755 0.31899815797805786
0.3108225166797638 0.31564274430274963
0.31017225980758667 0.3172207474708557
0.31183457374572754 0.3141351044178009
0.3104982376098633 0.33001649379730225
0.31118494272232056 0.32921040058135986
0.3101876676082611 0.31881892681121826
0.3114616870880127 0.33725324273109436
0.3110882043838501 0.328961044549942
0.31129348278045654 0.310153990983963
0.3100651800632477 0.35483866930007935
0.3115149140357971 0.34082743525505066
0.30979564785957336 0.32029786705970764
0.3107571005821228 0.339286744594574
0.31008055806159973 0.3436383008956909
0.3100607693195343 0.33255088329315186
0.31002870202064514 0.32937806844711304
0.3103451728820801 0.3114909827709198
0.31030163168907166 0.3177109360694885
0.3101192116737366 0.31765612959861755
0.31023886799812317 0.3525717556476593
0.3101690709590912 0.31338241696357727
0.31003615260124207 0.32362380623817444
0.309880793094635 0.31363895535469055
0.3093794286251068 0.30930566787719727
0.3101349174976349 0.3171384930610657
0.30936452746391296 0.314865380525589
0.3094766438007355 0.3102506995201111
0.3091375231742859 0.32328176498413086
0.31073930859565735 0.31147319078445435
0.30995678901672363 0.3110053837299347
0.30919766426086426 0.3138454556465149
0.3100475072860718 0.31379279494285583
0.30946049094200134 0.3165067434310913
0.30954647064208984 0.3158647418022156
0.3091083765029907 0.32121267914772034
0.3101842403411865 0.32735908031463623
0.31128111481666565 0.32397884130477905
0.3093269467353821 0.3343828618526459
0.3090888559818268 0.30888667702674866
0.3091147541999817 0.3303981423377991
0.3086722791194916 0.3121927082538605
0.309414803981781 0.312041699886322
0.30846309661865234 0.36238184571266174
0.30989453196525574 0.31497085094451904
0.30990415811538696 0.32401344180107117
0.3086695969104767 0.31888312101364136
0.30890214443206787 0.3163629174232483
0.3097088038921356 0.32050636410713196
0.3095603287220001 0.3555936813354492
0.3094187378883362 0.3299580514431
0.310799241065979 0.3118351101875305
0.30947262048721313 0.32906559109687805
0.30912336707115173 0.32301846146583557
0.30963805317878723 0.31991225481033325
0.30924883484840393 0.31762540340423584
0.3086217939853668 0.383942574262619
0.30990341305732727 0.33160266280174255
0.3096253573894501 0.3361213207244873
0.309123694896698 0.32821834087371826
0.3091450333595276 0.31650426983833313
0.30910661816596985 0.3242603540420532
0.3079708516597748 0.3090243637561798
0.309998095035553 0.31282439827919006
0.30817586183547974 0.3344688415527344
0.3090613782405853 0.31741735339164734
0.3080582022666931 0.34645411372184753
0.309110164642334 0.3171430826187134
0.3084225654602051 0.3183881640434265
0.3091820478439331 0.31043264269828796
0.30803218483924866 0.31793150305747986
0.3090580403804779 0.3156730532646179
0.31019753217697144 0.3377997875213623
0.3076702356338501 0.3162047564983368
0.3091133236885071 0.31930971145629883
0.30845388770103455 0.3198935091495514
0.30797168612480164 0.32122913002967834
0.30871739983558655 0.311894029378891
0.30882805585861206 0.33019495010375977
0.30746176838874817 0.31464651226997375
0.3076455295085907 0.3128320872783661
0.3087743818759918 0.3273915648460388
0.30808454751968384 0.3104343116283417
0.3080947995185852 0.31466495990753174
0.3084932863712311 0.3515526354312897
0.309396356344223 0.32442277669906616
0.3066973388195038 0.33161211013793945
0.30719831585884094 0.3225312829017639
0.3078486919403076 0.322785347700119
0.3077637553215027 0.310624361038208
0.30763009190559387 0.3135511577129364
0.30726683139801025 0.3312341272830963
0.30796128511428833 0.30723485350608826
0.30854862928390503 0.313956081867218
0.30956846475601196 0.316787451505661
0.3087363541126251 0.3263240158557892
0.3082917034626007 0.3584158420562744
0.3086234927177429 0.39414602518081665
0.3075975477695465 0.3249797821044922
0.30814129114151 0.3178674280643463
0.30886223912239075 0.33219224214553833
0.30939340591430664 0.32306867837905884
0.30793872475624084 0.3150399625301361
0.3083696961402893 0.31358712911605835
0.3076261878013611 0.31036028265953064
0.30843019485473633 0.32579633593559265
0.3087446689605713 0.31221479177474976
0.30842554569244385 0.31612059473991394
0.3077576756477356 0.33420801162719727
0.3078587055206299 0.30818456411361694
0.3072391152381897 0.3196350634098053
0.3067520260810852 0.3227851986885071
0.3088718056678772 0.31839364767074585
0.3076046109199524 0.31979939341545105
0.30772021412849426 0.3150670826435089
0.3082909882068634 0.3180863857269287
0.30785414576530457 0.3168005049228668
0.3074018359184265 0.3148874342441559
0.30778780579566956 0.3508237898349762
0.30820533633232117 0.3120902478694916
0.30816173553466797 0.3368864357471466
0.30790024995803833 0.3238890469074249
0.30826717615127563 0.3147481083869934
0.3080880343914032 0.3529728055000305
0.307563841342926 0.3183852732181549
0.307772696018219 0.32053640484809875
0.3073873817920685 0.3342457413673401
0.30762094259262085 0.31241685152053833
0.30835896730422974 0.3130749464035034
0.30853983759880066 0.3153229355812073
0.3082562983036041 0.31575024127960205
0.307788610458374 0.3220508396625519
0.3087875247001648 0.3233584463596344
0.3059695065021515 0.3220405876636505
0.30757659673690796 0.3115188777446747
0.308091938495636 0.30713361501693726
0.3082190454006195 0.3135971426963806
0.307253897190094 0.314033180475235
0.30661141872406006 0.31054505705833435
0.3066462278366089 0.3081381618976593
0.30733975768089294 0.3494272232055664
0.30713212490081787 0.3083466589450836
0.30779051780700684 0.3225525915622711
0.30617979168891907 0.33217695355415344
0.3081043064594269 0.309732049703598
0.30733633041381836 0.3123660981655121
0.30656030774116516 0.31906408071517944
0.3070521950721741 0.32410454750061035
0.3082122802734375 0.3172915577888489
0.30616894364356995 0.31444883346557617
0.3073290288448334 0.3101460337638855
0.3077934980392456 0.3103744387626648
0.3074412941932678 0.32452207803726196
0.30756327509880066 0.3351171016693115
0.30807411670684814 0.3183288872241974
0.3071867823600769 0.30623602867126465
0.30604174733161926 0.31016820669174194
0.3061222434043884 0.3232492506504059
0.3064787983894348 0.3111626207828522
0.3071279525756836 0.3210742175579071
0.3076857626438141 0.3223588764667511
0.30674344301223755 0.32008668780326843
0.3073771893978119 0.3260068893432617
0.3063814342021942 0.32222774624824524
0.3069818317890167 0.3207329213619232
0.3062730133533478 0.31577199697494507
0.3073359429836273 0.3152160942554474
0.30561211705207825 0.3148249387741089
0.30788546800613403 0.33313485980033875
0.30629435181617737 0.32275131344795227
0.30628085136413574 0.30640915036201477
0.30614298582077026 0.31900471448898315
0.3068920969963074 0.33235830068588257
0.3064720630645752 0.34190574288368225
0.3074026107788086 0.33256444334983826
0.30757227540016174 0.3309383690357208
0.30586427450180054 0.31470322608947754
0.3066287040710449 0.3140537440776825
0.30750206112861633 0.3216250240802765
0.3062998056411743 0.3330286741256714
0.3062921166419983 0.3098827302455902
0.30623888969421387 0.3124065697193146
0.3059392273426056 0.3167356550693512
0.3058832287788391 0.3271832764148712
0.30626702308654785 0.324545294046402
0.30622950196266174 0.31729960441589355
0.3068012297153473 0.3251311182975769
0.3057340979576111 0.3173588812351227
0.3064686357975006 0.3224555552005768
0.3057108521461487 0.32349520921707153
0.30581676959991455 0.3098967969417572
0.30830952525138855 0.315827339887619
0.30559492111206055 0.34399837255477905
0.30628901720046997 0.33765465021133423
0.30626872181892395 0.31101393699645996
0.3060348927974701 0.3137865662574768
0.3061150908470154 0.3178246319293976
0.3060685396194458 0.31946319341659546
0.3057630658149719 0.33147478103637695
0.3053831160068512 0.32646462321281433
0.3069031536579132 0.34058141708374023
0.3062259256839752 0.3223249614238739
0.3064919710159302 0.3136434257030487
0.3060787618160248 0.33388832211494446
0.3061077296733856 0.3125981390476227
0.3060058653354645 0.3108886480331421
0.30582961440086365 0.30790209770202637
0.30579498410224915 0.3264342248439789
0.30613642930984497 0.3168145418167114
0.3051306903362274 0.32629483938217163
0.3067505657672882 0.3288494050502777
0.30705398321151733 0.31669652462005615
0.3056873679161072 0.31527256965637207
0.30634939670562744 0.3170987069606781
0.3051968812942505 0.3207077383995056
0.3053031265735626 0.30980437994003296
0.3054065704345703 0.3235301673412323
0.30640938878059387 0.31248658895492554
0.30636996030807495 0.32122620940208435
0.3069521486759186 0.31038546562194824
0.30582717061042786 0.32097089290618896
0.305978000164032 0.32108253240585327
0.3053734302520752 0.31550344824790955
0.3054552376270294 0.30670762062072754
0.30522531270980835 0.32862144708633423
0.3052099049091339 0.3287304937839508
0.3068963289260864 0.3253884017467499
0.3049190044403076 0.365633487701416
0.3055676221847534 0.3185546398162842
0.3045404553413391 0.3295217454433441
0.30489692091941833 0.31062063574790955
0.30689549446105957 0.3135661780834198
0.3049197494983673 0.31088942289352417
0.3057591915130615 0.31571003794670105
0.3062499165534973 0.3212733566761017
0.3060305118560791 0.31256401538848877
0.30474498867988586 0.3195752799510956
0.30465540289878845 0.31566426157951355
0.3056897521018982 0.3238648474216461
0.30505529046058655 0.3074262738227844
0.3058410584926605 0.3121287226676941
0.3056601583957672 0.3245968818664551
0.3058040142059326 0.30948927998542786
0.30638524889945984 0.3098861575126648
0.305863618850708 0.3136521577835083
0.3058530390262604 0.312035471200943
0.3057076036930084 0.3260982036590576
0.30528712272644043 0.31666189432144165
0.3045467436313629 0.3129209280014038
0.304904043674469 0.3221619129180908
0.3047619163990021 0.3084913492202759
0.306535929441452 0.33976560831069946
0.30568864941596985 0.30693575739860535
0.3060339391231537 0.3115423917770386
0.3042902946472168 0.3097573518753052
0.30501747131347656 0.32486405968666077
0.30543777346611023 0.3093215525150299
0.30499783158302307 0.30811530351638794
0.30573752522468567 0.34270763397216797
0.30390191078186035 0.31886446475982666
0.30656006932258606 0.33526694774627686
0.3053654730319977 0.30886951088905334
0.30501919984817505 0.31956154108047485
0.30463796854019165 0.3138154447078705
0.30522090196609497 0.3285425305366516
0.305526465177536 0.32365116477012634
0.3051394820213318 0.3119259476661682
0.3048022985458374 0.31340909004211426
0.30498698353767395 0.31822511553764343
0.30424466729164124 0.33870410919189453
0.30525973439216614 0.34212222695350647
0.30471792817115784 0.3251190483570099
0.3056444525718689 0.31615373492240906
0.30535265803337097 0.3112104833126068
0.3045124113559723 0.32313108444213867
0.3048016130924225 0.32367005944252014
0.30459195375442505 0.30732667446136475
0.30505239963531494 0.35329997539520264
0.3056730329990387 0.3095496892929077
0.30416131019592285 0.32565033435821533
0.3056631088256836 0.3132823705673218
0.3045039474964142 0.3400753438472748
0.30435511469841003 0.3180675208568573
0.304359495639801 0.3235841989517212
0.3036302924156189 0.35141390562057495
0.3042089343070984 0.3200558125972748
0.3057684302330017 0.33877062797546387
0.305634081363678 0.32052430510520935
0.30389609932899475 0.3173736035823822
0.3038925230503082 0.33333560824394226
0.3055364489555359 0.31882259249687195
0.30436527729034424 0.3123830258846283
0.3041107952594757 0.3154290020465851
0.3045652508735657 0.3156740069389343
0.30421072244644165 0.33682695031166077
0.3046472370624542 0.3505130410194397
0.3052251636981964 0.30691853165626526
0.3042837977409363 0.3073786795139313
0.30518215894699097 0.32047075033187866
0.3042110204696655 0.3235563337802887
0.3044394254684448 0.33881324529647827
0.30408942699432373 0.3169347047805786
0.30399855971336365 0.32480061054229736
0.3040347099304199 0.31954634189605713
0.3034580647945404 0.3218134343624115
0.30472323298454285 0.3173268139362335
0.30482038855552673 0.31234246492385864
0.30457866191864014 0.3432198464870453
0.30268487334251404 0.32142192125320435
0.30428487062454224 0.3112910985946655
0.30346783995628357 0.3437628448009491
0.30370965600013733 0.3230746388435364
0.30469465255737305 0.3226393163204193
0.3046562671661377 0.32231807708740234
0.30266082286834717 0.33096635341644287
0.3036704957485199 0.33577921986579895
0.3029927611351013 0.3370428681373596
0.3044384717941284 0.3135296702384949
0.30316489934921265 0.3279581665992737
0.3046599328517914 0.3181666433811188
0.3037756085395813 0.33728766441345215
0.30451393127441406 0.3291594982147217
0.30424878001213074 0.34806546568870544
0.30354225635528564 0.3170022964477539
0.30375194549560547 0.30934834480285645
0.303315132856369 0.33457380533218384
0.30392658710479736 0.31835493445396423
0.30542072653770447 0.3074222505092621
0.3033216893672943 0.32738474011421204
0.30389299988746643 0.3123091757297516
0.30425405502319336 0.32930853962898254
0.30446961522102356 0.31670254468917847
0.30410656332969666 0.31853798031806946
0.30378419160842896 0.3191855549812317
0.30332493782043457 0.31487980484962463
0.30458831787109375 0.3123904764652252
0.30441147089004517 0.3081218898296356
0.30397096276283264 0.33477699756622314
0.30457350611686707 0.3217012286186218
0.30287784337997437 0.30530229210853577
0.3037925362586975 0.3135409355163574
0.3047328591346741 0.31955501437187195
0.30207473039627075 0.3085653483867645
0.30322372913360596 0.3358728587627411
0.303104430437088 0.31066572666168213
0.3035043776035309 0.31391626596450806
0.30381128191947937 0.31803441047668457
0.3035479187965393 0.3207230865955353
0.30396899580955505 0.32481515407562256
0.30199435353279114 0.3185555338859558
0.303070604801178 0.3208276629447937
0.30262434482574463 0.3207404911518097
0.30372631549835205 0.32499369978904724
0.3036394715309143 0.3304794728755951
0.30421382188796997 0.3151804804801941
0.3031286597251892 0.31455740332603455
0.3040488660335541 0.33780917525291443
0.30313771963119507 0.32171401381492615
0.3037126660346985 0.3127114772796631
0.3023960590362549 0.3380624055862427
0.3029574155807495 0.30988839268684387
0.3033716082572937 0.32226279377937317
0.30320751667022705 0.358675092458725
0.3033077120780945 0.3291465938091278
0.3033716678619385 0.32427555322647095
0.30379602313041687 0.31383824348449707
0.3042140305042267 0.31185248494148254
0.3028174340724945 0.31313851475715637
0.3038707971572876 0.32438716292381287
0.30364730954170227 0.3151599168777466
0.30239012837409973 0.31405001878738403
0.3033576011657715 0.3212699592113495
0.3024945557117462 0.34438273310661316
0.30371376872062683 0.3134978711605072
0.303899347782135 0.3138338625431061
0.30250611901283264 0.3241857886314392
0.30243271589279175 0.31227967143058777
0.30340346693992615 0.3228514790534973
0.3025062680244446 0.3268203139305115
0.3023018538951874 0.3058165907859802
0.30260756611824036 0.3276946544647217
0.30269476771354675 0.32606783509254456
0.30355963110923767 0.31110188364982605
0.302586168050766 0.30825018882751465
0.30258968472480774 0.3144376277923584
0.30290067195892334 0.31912946701049805
0.3027687668800354 0.32583218812942505
0.3020947575569153 0.321776807308197
0.3026704788208008 0.331351101398468
0.3025696277618408 0.31273552775382996
0.30207449197769165 0.3169379234313965
0.30421072244644165 0.3115274906158447
0.30269473791122437 0.3187379240989685
0.30280953645706177 0.3271748125553131
0.30179476737976074 0.32258880138397217
0.30258750915527344 0.31624332070350647
0.304019033908844 0.33700501918792725
0.30238041281700134 0.3266354501247406
0.3020102083683014 0.32041215896606445
0.30245253443717957 0.34085479378700256
0.303205668926239 0.31159257888793945
0.30304065346717834 0.32207784056663513
0.30225029587745667 0.31548741459846497
0.3025827407836914 0.3391110301017761
0.30291372537612915 0.30977487564086914
0.3034531772136688 0.3298710286617279
0.30172649025917053 0.3179963529109955
0.3025399446487427 0.31881171464920044
0.3039040267467499 0.31113484501838684
0.30185920000076294 0.3121337592601776
0.30221572518348694 0.3107493817806244
0.30328571796417236 0.3101663589477539
0.30231335759162903 0.3141573369503021
0.3030504584312439 0.31023526191711426
0.30318841338157654 0.3235481083393097
0.30269482731819153 0.3183884620666504
0.3013312816619873 0.3326523005962372
0.30375638604164124 0.3194637596607208
0.30224287509918213 0.3087526559829712
0.3019934892654419 0.31599703431129456
0.30171477794647217 0.32622790336608887
0.30217429995536804 0.31062400341033936
0.3021734654903412 0.31567439436912537
0.3026507794857025 0.3260917067527771
0.302084356546402 0.330794095993042
0.30195242166519165 0.3246067762374878
0.3024882376194 0.3163434565067291
0.302499383687973 0.31905752420425415
0.30275893211364746 0.32069870829582214
0.3028034567832947 0.31859102845191956
0.3019513487815857 0.30881354212760925
0.30324405431747437 0.3225853741168976
0.3019397556781769 0.3105791211128235
0.30203455686569214 0.32011839747428894
0.3033078908920288 0.3155021071434021
0.3024136424064636 0.3696421682834625
0.30358001589775085 0.3541034460067749
0.3017151951789856 0.3291834592819214
0.3025534451007843 0.31516167521476746
0.30190885066986084 0.32690659165382385
0.30256199836730957 0.32471948862075806
0.3020929992198944 0.3118506669998169
0.3013519048690796 0.3146458566188812
0.3026168942451477 0.32049232721328735
0.30195391178131104 0.31493040919303894
0.30171477794647217 0.31275680661201477
0.3012898862361908 0.3114899694919586
0.30148255825042725 0.3165203630924225
0.30222761631011963 0.3359682857990265
0.3016170561313629 0.3205190896987915
0.30084240436553955 0.33155035972595215
0.30198216438293457 0.31549543142318726
0.3015795350074768 0.31694236397743225
0.301817923784256 0.3407815992832184
0.30307823419570923 0.3119750916957855
0.30143028497695923 0.3185526132583618
0.3010317087173462 0.3121539354324341
0.3016689717769623 0.3222384452819824
0.3016936779022217 0.3086760342121124
0.3014056384563446 0.3165047764778137
0.30173686146736145 0.31405168771743774
0.30175262689590454 0.30860602855682373
0.30130770802497864 0.32924404740333557
0.3010634779930115 0.3113105893135071
0.30215269327163696 0.33837011456489563
0.30144503712654114 0.3215108811855316
0.30130454897880554 0.3119288682937622
0.3017183840274811 0.31929007172584534
0.3021889925003052 0.3228650391101837
0.3019857108592987 0.3239116966724396
0.30197301506996155 0.3116748034954071
0.3008178770542145 0.32045283913612366
0.3034416735172272 0.32724234461784363
0.3010471761226654 0.3167697489261627
0.30185818672180176 0.34355708956718445
0.30120331048965454 0.32721272110939026
0.301653116941452 0.3126237988471985
0.30031687021255493 0.3211299180984497
0.30208227038383484 0.32152730226516724
0.3008495271205902 0.3170722424983978
0.30180802941322327 0.30888831615448
0.30037572979927063 0.3230804204940796
0.3020628094673157 0.31238576769828796
0.30099666118621826 0.31947776675224304
0.3006839156150818 0.3169862627983093
0.30105066299438477 0.30942511558532715
0.3022739291191101 0.3458334505558014
0.3008251190185547 0.3234042227268219
0.30213478207588196 0.31355831027030945
0.3006499707698822 0.3426779508590698
0.3015335500240326 0.31406664848327637
0.3018267750740051 0.3542121946811676
0.3007449805736542 0.3269476294517517
0.30063557624816895 0.32036200165748596
0.30099233984947205 0.3152713477611542
0.30191245675086975 0.31734415888786316
0.300248384475708 0.31021973490715027
0.3004397749900818 0.3118751049041748
0.3006916344165802 0.3200330138206482
0.2998063266277313 0.31376880407333374
0.302021324634552 0.3196614682674408
0.30014899373054504 0.3276294469833374
0.30045372247695923 0.3161119222640991
0.3007694184780121 0.3461608290672302
0.30262309312820435 0.308889240026474
0.30130308866500854 0.3112552762031555
0.3004013001918793 0.31142446398735046
0.3003489077091217 0.3241542875766754
0.3014831840991974 0.3307023346424103
0.30234378576278687 0.3087024688720703
0.2994197607040405 0.35758209228515625
0.301263689994812 0.3192574083805084
0.300898939371109 0.30977845191955566
0.3013874888420105 0.32759013772010803
0.3012087047100067 0.3112581968307495
0.30091148614883423 0.32525357604026794
0.3009592890739441 0.3119036853313446
0.30091023445129395 0.31303200125694275
0.29994598031044006 0.3236284852027893
0.3013541102409363 0.3305235803127289
0.2991306781768799 0.32567986845970154
0.3003525137901306 0.31146177649497986
0.3010736107826233 0.3353058099746704
0.30037999153137207 0.3112541139125824
0.3013509213924408 0.31146445870399475
0.29995033144950867 0.3169735074043274
0.30106547474861145 0.31914618611335754
0.3004548251628876 0.30688828229904175
0.29932254552841187 0.3192649781703949
0.30048906803131104 0.35662269592285156
0.3000747561454773 0.31499210000038147
0.3006517291069031 0.3189273774623871
0.30076372623443604 0.32432839274406433
0.29991963505744934 0.32821711897850037
0.30113303661346436 0.32459425926208496
0.3003872334957123 0.3160805404186249
0.3012612462043762 0.3086484670639038
0.3002149760723114 0.31209689378738403
0.299376904964447 0.332501620054245
0.2990073263645172 0.31712591648101807
0.29997244477272034 0.3164198696613312
0.2992684245109558 0.3101958930492401
0.29962143301963806 0.30850768089294434
0.29984307289123535 0.31611213088035583
0.3002508580684662 0.3144165575504303
0.2998652756214142 0.3225516676902771
0.2997130751609802 0.3466871976852417
0.2999023199081421 0.30927395820617676
0.30087465047836304 0.330455482006073
0.30055493116378784 0.32818853855133057
0.3001323640346527 0.3140624761581421
0.2997458875179291 0.310284823179245
0.29927217960357666 0.3400610089302063
0.3012145757675171 0.3210841417312622
0.30012577772140503 0.3433902859687805
0.29996535181999207 0.31739240884780884
0.30031052231788635 0.3229815363883972
0.2998727858066559 0.32684338092803955
0.3011716306209564 0.3146909773349762
0.2994399964809418 0.3098936975002289
0.3003566265106201 0.31334081292152405
0.2998274564743042 0.31138041615486145
0.29919424653053284 0.32106125354766846
0.30046403408050537 0.3085511028766632
0.30007925629615784 0.3146737813949585
0.29907941818237305 0.31754520535469055
0.29904165863990784 0.32400891184806824
0.29908379912376404 0.30700060725212097
0.29936784505844116 0.31753817200660706
0.29968884587287903 0.3328677713871002
0.2996021509170532 0.31192222237586975
0.29864397644996643 0.351818710565567
0.2995283901691437 0.33041149377822876
0.2989717721939087 0.32675933837890625
0.3001943528652191 0.31796586513519287
0.2992766797542572 0.32380229234695435
0.2999899685382843 0.3286922872066498
0.29902687668800354 0.3116704821586609
0.2990497350692749 0.3230660557746887
0.2982149124145508 0.3120781183242798
0.29912158846855164 0.3194885551929474
0.2997024953365326 0.3125355541706085
0.2997567355632782 0.3186243176460266
0.30067622661590576 0.31870242953300476
0.3001228868961334 0.30802643299102783
0.2995489835739136 0.31060558557510376
0.2988022565841675 0.30873483419418335
0.3012736737728119 0.3157998323440552
0.3001978099346161 0.30669793486595154
0.2991301715373993 0.31535065174102783
0.29989758133888245 0.3094646632671356
0.29866573214530945 0.3122083842754364
0.3001217544078827 0.31983035802841187
0.2996181547641754 0.32685065269470215
0.3008359670639038 0.3240952789783478
0.29884836077690125 0.3243640065193176
0.29847079515457153 0.3154235780239105
0.29938462376594543 0.31306153535842896
0.29945558309555054 0.3242836892604828
0.29859769344329834 0.3079295754432678
0.29865628480911255 0.3179320991039276
0.2997044026851654 0.30794671177864075
0.3000076711177826 0.33055850863456726
0.29798340797424316 0.3466959297657013
0.3006121516227722 0.31440818309783936
0.2990851104259491 0.3156090974807739
0.29859352111816406 0.3338577151298523
0.2990361452102661 0.3149126470088959
0.2999356687068939 0.31310024857521057
0.298991322517395 0.3200778365135193
0.2997578978538513 0.32550135254859924
0.2984553873538971 0.30849406123161316
0.2982810139656067 0.32113116979599
0.29822835326194763 0.31316038966178894
0.29961973428726196 0.32058510184288025
0.29893121123313904 0.3149840831756592
0.29889652132987976 0.3309720754623413
0.2988119125366211 0.30936431884765625
0.29859423637390137 0.323519766330719
0.29855814576148987 0.31863898038864136
0.2979961633682251 0.3124268054962158
0.29871219396591187 0.3098376989364624
0.29895922541618347 0.32850438356399536
0.298178493976593 0.33043214678764343
0.2977588474750519 0.3156212270259857
0.2986868619918823 0.3085695505142212
0.2982066869735718 0.3109842538833618
0.2989055812358856 0.31275665760040283
