1.5032145977020264 1.5044665336608887
1.4820173978805542 1.507996916770935
1.4775326251983643 1.4988677501678467
1.4770406484603882 1.5456880331039429
1.4767181873321533 1.5048398971557617
1.4757392406463623 1.5049079656600952
1.4753493070602417 1.510327935218811
1.4621433019638062 1.4121216535568237
1.3748342990875244 1.3875459432601929
1.331239938735962 1.3536887168884277
1.3039920330047607 1.3169785737991333
1.2872772216796875 1.2969890832901
1.2004854679107666 1.138595700263977
0.9293671250343323 0.7594078779220581
0.6999126672744751 0.6577337384223938
0.6347796320915222 0.6466606855392456
0.6096316576004028 0.5984435081481934
0.5978277325630188 0.5924556255340576
0.5881733894348145 0.5888630747795105
0.5803213715553284 0.5690953135490417
0.5652276873588562 0.5541545748710632
0.5501684546470642 0.6384554505348206
0.4957738220691681 0.4409625828266144
0.40769854187965393 0.39409351348876953
0.3745156228542328 0.3775824010372162
0.3507298231124878 0.34710636734962463
0.3395858407020569 0.3497845232486725
0.3315178155899048 0.3372058868408203
0.32602185010910034 0.3283501863479614
0.32111409306526184 0.31375476717948914
0.317709743976593 0.3155146837234497
0.31649744510650635 0.3193648159503937
0.3124941289424896 0.3220480978488922
0.3105087876319885 0.3115653991699219
0.3073395788669586 0.30782151222229004
0.30562201142311096 0.3110277056694031
0.3046363890171051 0.31118109822273254
0.30465319752693176 0.3117561638355255
0.3029668629169464 0.3140113949775696
0.3009711802005768 0.3016092777252197
0.3010817766189575 0.3124467730522156
0.29953286051750183 0.3197731077671051
0.29889097809791565 0.3026176989078522
0.2998417317867279 0.3132020831108093
0.2970905303955078 0.304378867149353
0.29682955145835876 0.30300623178482056
0.29588159918785095 0.2964230179786682
0.295915812253952 0.29811811447143555
0.2951350808143616 0.2986859977245331
0.2929480969905853 0.2964290380477905
0.2941170632839203 0.3017491400241852
0.29344433546066284 0.3054206073284149
0.29373899102211 0.29366812109947205
0.2926413118839264 0.2999036908149719
0.29197564721107483 0.3013496994972229
0.2913501560688019 0.294308066368103
0.2916918992996216 0.2914694845676422
0.2914814054965973 0.30939188599586487
0.28992101550102234 0.30447354912757874
0.2908571660518646 0.29039129614830017
0.2906067669391632 0.29575401544570923
0.28946101665496826 0.3009391129016876
0.2897648513317108 0.29395437240600586
0.28872811794281006 0.29468029737472534
0.28848081827163696 0.29404085874557495
0.28856760263442993 0.31118276715278625
0.2893756031990051 0.2945345938205719
0.2875954508781433 0.2953283488750458
0.28665250539779663 0.2941197156906128
0.28791970014572144 0.2935357987880707
0.2868455648422241 0.30051207542419434
0.2861696779727936 0.2881665527820587
0.2871245741844177 0.29430875182151794
0.28650036454200745 0.3069044351577759
0.28636041283607483 0.30041149258613586
0.2859004735946655 0.30056193470954895
0.28685230016708374 0.2955203950405121
0.28592532873153687 0.30485448241233826
0.2847718596458435 0.299336701631546
0.2848112881183624 0.297465056180954
0.2844336926937103 0.2966919243335724
0.28433895111083984 0.2887635827064514
0.28425145149230957 0.3030521273612976
0.28358325362205505 0.29625222086906433
0.2838783264160156 0.28571373224258423
0.2841167449951172 0.28851795196533203
0.2837272584438324 0.2837429642677307
0.28393450379371643 0.28707411885261536
0.28370994329452515 0.2848198115825653
0.28284886479377747 0.28832051157951355
0.28320303559303284 0.2946692109107971
0.2822858691215515 0.2974942624568939
0.2827606499195099 0.28693899512290955
0.28238028287887573 0.29517704248428345
0.28213050961494446 0.2864600419998169
0.2820875644683838 0.2905142903327942
0.28205713629722595 0.29495301842689514
0.282672256231308 0.2901410758495331
0.2809419333934784 0.2914923131465912
0.2818017601966858 0.2884118854999542
0.28149181604385376 0.3102532625198364
0.28160545229911804 0.3027373254299164
0.2805214822292328 0.2944747805595398
0.28028810024261475 0.2836223840713501
0.2802000939846039 0.30148300528526306
0.28046777844429016 0.2857758402824402
0.2803932726383209 0.2987573742866516
0.2793954610824585 0.32182976603507996
0.28038251399993896 0.28753459453582764
0.2805090546607971 0.2915783226490021
0.28109174966812134 0.2995116710662842
0.2804361879825592 0.3059656620025635
0.28058570623397827 0.2814658582210541
0.28030386567115784 0.28690463304519653
0.27965205907821655 0.31087541580200195
0.27911320328712463 0.28235816955566406
0.2789885997772217 0.2836788296699524
0.27959144115448 0.28443068265914917
0.27964457869529724 0.28559911251068115
0.28025463223457336 0.28381311893463135
0.2784819006919861 0.2848249077796936
0.2793031334877014 0.2819143831729889
0.27942928671836853 0.2824780344963074
0.2785501778125763 0.28174230456352234
0.27830392122268677 0.29533225297927856
0.27771803736686707 0.280929833650589
0.2785555422306061 0.2799331843852997
0.27818283438682556 0.2800065875053406
0.2788228690624237 0.2841883599758148
0.2778545320034027 0.2875199615955353
0.27839893102645874 0.3122042417526245
0.27799278497695923 0.28781965374946594
0.2789098024368286 0.2887090742588043
0.2776959240436554 0.300027996301651
0.2783109247684479 0.2799403965473175
0.2769855856895447 0.28197261691093445
0.27828317880630493 0.29272332787513733
0.27723538875579834 0.2899765372276306
0.2768465280532837 0.2959318161010742
0.2768801152706146 0.3006304204463959
0.2766609787940979 0.32326817512512207
0.27674999833106995 0.284316748380661
0.2765478789806366 0.2849179208278656
0.2759403884410858 0.28390154242515564
0.2765597403049469 0.27986279129981995
0.2757488191127777 0.2857423722743988
0.27675753831863403 0.306293249130249
0.27680209279060364 0.29212453961372375
0.2764034569263458 0.28385740518569946
0.2763131856918335 0.28709137439727783
0.27545976638793945 0.28122034668922424
0.27641764283180237 0.282683402299881
0.27552488446235657 0.2806093990802765
0.2757626175880432 0.2912273705005646
0.27534183859825134 0.2817871570587158
0.27643245458602905 0.28611069917678833
0.27574288845062256 0.2905881106853485
0.2762174904346466 0.2850992679595947
0.2756052315235138 0.28615546226501465
0.2756706774234772 0.28399455547332764
0.2751874029636383 0.28938716650009155
0.2751403748989105 0.28641578555107117
0.2758375406265259 0.28123605251312256
0.27473950386047363 0.2808893620967865
0.2756355106830597 0.30712786316871643
0.27517813444137573 0.2851148545742035
0.2748761773109436 0.290536493062973
0.2757848799228668 0.28712931275367737
0.2741295099258423 0.2836528718471527
0.2747339606285095 0.2782742381095886
0.2741023898124695 0.30331185460090637
0.27411898970603943 0.283612459897995
0.27365949749946594 0.2800607681274414
0.27433714270591736 0.28714820742607117
0.2737621068954468 0.2900075614452362
0.2738144099712372 0.2915688455104828
0.2744900584220886 0.2894885838031769
0.2742529511451721 0.2815004885196686
0.2737124562263489 0.280619353055954
0.2744402587413788 0.29810887575149536
0.27373605966567993 0.2827865481376648
0.273354172706604 0.2812710106372833
0.2737494111061096 0.2805866003036499
0.2736906111240387 0.2780512571334839
0.2732047736644745 0.27717989683151245
0.27348220348358154 0.2834503948688507
0.27346524596214294 0.2789628505706787
0.2738894522190094 0.28991663455963135
0.27310267090797424 0.28060978651046753
0.27434858679771423 0.28288352489471436
0.27366453409194946 0.2790783941745758
0.2724668085575104 0.2835920453071594
0.27336663007736206 0.2839714288711548
0.2729130983352661 0.28963416814804077
0.2729388475418091 0.2817044258117676
0.27310559153556824 0.29116982221603394
0.2738267779350281 0.2838277220726013
0.2729724943637848 0.281219482421875
0.27270713448524475 0.2880481779575348
0.27275997400283813 0.2784096598625183
0.27327728271484375 0.3021186888217926
0.27278992533683777 0.2905507981777191
0.27215245366096497 0.28057733178138733
0.272318571805954 0.27957823872566223
0.2725176513195038 0.31864917278289795
0.2722179591655731 0.2833244204521179
0.2713300883769989 0.27710428833961487
0.27176210284233093 0.2996033728122711
0.27193084359169006 0.28223055601119995
0.2718595266342163 0.28118470311164856
0.2725432515144348 0.2864663600921631
0.27203381061553955 0.2908298373222351
0.27187108993530273 0.2948324680328369
0.2719040811061859 0.28433647751808167
0.2714788019657135 0.28028377890586853
0.27169927954673767 0.2844976484775543
0.2719256281852722 0.28523337841033936
0.2719179689884186 0.28660911321640015
0.2712669372558594 0.3005150854587555
0.27169397473335266 0.2831156849861145
0.27087464928627014 0.2833843529224396
0.2722215950489044 0.29389190673828125
0.271274596452713 0.2784011662006378
0.2706233561038971 0.28799891471862793
0.27055472135543823 0.2769574522972107
0.2711888253688812 0.29130247235298157
0.2706945538520813 0.2935827970504761
0.272079199552536 0.2791173756122589
0.27027013897895813 0.28263288736343384
0.27073535323143005 0.29563653469085693
0.2700905203819275 0.28451406955718994
0.27103736996650696 0.2905348539352417
0.2715252935886383 0.2778685986995697
0.2700469195842743 0.28954842686653137
0.2705419063568115 0.32629600167274475
0.27020105719566345 0.28166627883911133
0.27051931619644165 0.3075202405452728
0.2699834108352661 0.2815799415111542
0.2702846825122833 0.2795048654079437
0.26968511939048767 0.29372063279151917
0.2705090045928955 0.2904003858566284
0.2706243693828583 0.2788498103618622
0.27016735076904297 0.2805517315864563
0.2705460488796234 0.301999568939209
0.2692808508872986 0.2836075723171234
0.2700519263744354 0.2809714674949646
0.2696482837200165 0.28589460253715515
0.2698439955711365 0.27984818816185
0.27003178000450134 0.306260347366333
0.2690565586090088 0.2858603000640869
0.26956692337989807 0.2816423177719116
0.27042627334594727 0.2806479036808014
0.2695567011833191 0.2822945713996887
0.2696416676044464 0.27732163667678833
0.2700696885585785 0.277801513671875
0.26909807324409485 0.27861863374710083
0.26933354139328003 0.2874613106250763
0.26989129185676575 0.2777901887893677
0.2695053815841675 0.28649529814720154
0.26926541328430176 0.27745261788368225
0.2693454623222351 0.2920464873313904
0.2700110077857971 0.2828289270401001
0.2690501809120178 0.29757681488990784
0.26924166083335876 0.28656718134880066
0.2693786025047302 0.2927919030189514
0.26936084032058716 0.28227710723876953
0.26909297704696655 0.28589242696762085
0.26938146352767944 0.28846436738967896
0.2690633237361908 0.2860529124736786
0.2682420611381531 0.2779099941253662
0.26941144466400146 0.28963136672973633
0.26902973651885986 0.27853211760520935
0.26855507493019104 0.277601033449173
0.2686775028705597 0.2888012230396271
0.2682269215583801 0.29147982597351074
0.2686380445957184 0.28260546922683716
0.26836735010147095 0.28817564249038696
0.2684238851070404 0.2902244031429291
0.2687090337276459 0.28217676281929016
0.26864758133888245 0.28858262300491333
0.2682594060897827 0.2833815813064575
0.26945483684539795 0.28762295842170715
0.2684374153614044 0.2881790101528168
0.268412321805954 0.2814319133758545
0.26819825172424316 0.30236881971359253
0.26811158657073975 0.2806125581264496
0.2682909667491913 0.27664804458618164
0.26826295256614685 0.2835369110107422
0.26863667368888855 0.28100907802581787
0.26844337582588196 0.28149500489234924
0.26822930574417114 0.3119431436061859
0.2676326036453247 0.2822767198085785
0.2688448131084442 0.27877452969551086
0.2682987153530121 0.286070853471756
0.26825201511383057 0.309505432844162
0.2683509290218353 0.2777728736400604
0.2676011025905609 0.27700191736221313
0.26836541295051575 0.29075226187705994
0.2680070698261261 0.28037428855895996
0.2678990066051483 0.2778092622756958
0.2679658532142639 0.27854546904563904
0.2679527997970581 0.28260287642478943
0.26750805974006653 0.2820360064506531
0.26766443252563477 0.2811661660671234
0.26685830950737 0.28270572423934937
0.26782962679862976 0.27965182065963745
0.26714715361595154 0.28304144740104675
0.26672449707984924 0.2820121645927429
0.267629474401474 0.281551718711853
0.26684698462486267 0.27812111377716064
0.267495334148407 0.2769801914691925
0.2676292955875397 0.2778410017490387
0.26721489429473877 0.2945643961429596
0.26727545261383057 0.2810676395893097
0.267014741897583 0.28636670112609863
0.2670566439628601 0.2824900448322296
0.2671537399291992 0.28183701634407043
0.2668413519859314 0.28691473603248596
0.2667948007583618 0.2871829867362976
0.26738837361335754 0.27877774834632874
0.26743221282958984 0.27972176671028137
0.2666242718696594 0.28190210461616516
0.2664548456668854 0.27952641248703003
0.26644089818000793 0.2824568748474121
0.26714026927948 0.27740636467933655
0.266498863697052 0.2840708792209625
0.267398476600647 0.2779144048690796
0.26680073142051697 0.286510169506073
0.26686719059944153 0.2818530797958374
0.2665240168571472 0.2899060547351837
0.26677075028419495 0.29539138078689575
0.266895055770874 0.29159244894981384
0.2666587829589844 0.27683189511299133
0.2669205963611603 0.28728771209716797
0.2666058838367462 0.28883734345436096
0.26687952876091003 0.27955055236816406
0.2662644386291504 0.3070070147514343
0.2667507529258728 0.2851720154285431
0.2656933665275574 0.2822170555591583
0.2659447491168976 0.2887161672115326
0.2664434611797333 0.28553125262260437
0.2660856544971466 0.28041067719459534
0.26575449109077454 0.277436226606369
0.26621460914611816 0.28122958540916443
0.265480637550354 0.2759578227996826
0.2660999894142151 0.2777465879917145
0.265912264585495 0.2779430150985718
0.2652141749858856 0.27973493933677673
0.26658231019973755 0.28998738527297974
0.2653508186340332 0.2873185873031616
0.26622676849365234 0.276228666305542
0.26562681794166565 0.28094595670700073
0.2659495174884796 0.278082937002182
0.265232652425766 0.2789232134819031
0.26565787196159363 0.2849423885345459
0.2651459872722626 0.283892422914505
0.2654331624507904 0.2812841534614563
0.26562580466270447 0.2753574252128601
0.26608261466026306 0.2879479229450226
0.26511335372924805 0.277066171169281
0.26578521728515625 0.2890363931655884
0.2658816874027252 0.2825922966003418
0.2652128338813782 0.27977705001831055
0.26551803946495056 0.2776988744735718
0.26561272144317627 0.27897971868515015
0.26457950472831726 0.2828180193901062
0.26549673080444336 0.2856404781341553
0.2654455900192261 0.2813710868358612
0.26582416892051697 0.27772653102874756
0.2653951644897461 0.27820780873298645
0.2652789354324341 0.2789596915245056
0.26501795649528503 0.2780483663082123
0.26428917050361633 0.28597864508628845
0.2647183835506439 0.2921917140483856
0.2652546465396881 0.27791523933410645
0.2650338113307953 0.28592318296432495
0.2647401690483093 0.2822412848472595
0.2642509341239929 0.2841011881828308
0.2649012506008148 0.2800578474998474
0.26440757513046265 0.2866712212562561
0.26501065492630005 0.2772117853164673
0.2650918960571289 0.2830260694026947
0.2647278308868408 0.28300780057907104
0.2646390199661255 0.28550079464912415
0.2647632956504822 0.2775750160217285
0.26447594165802 0.2785263657569885
0.2642304003238678 0.28416383266448975
0.2641240358352661 0.2777790129184723
0.26419660449028015 0.2775914967060089
0.2650928795337677 0.2772415578365326
0.2643861472606659 0.2772639989852905
0.26440584659576416 0.2792636752128601
0.26454466581344604 0.279699444770813
0.2648669481277466 0.294249027967453
0.26417532563209534 0.2859235107898712
0.2647206485271454 0.28034624457359314
0.26427486538887024 0.27829107642173767
0.2649174630641937 0.28099584579467773
0.2647457420825958 0.2844645380973816
0.264253169298172 0.2787882089614868
0.26452648639678955 0.279019296169281
0.2642239034175873 0.2780156433582306
0.26457804441452026 0.29221242666244507
0.26396557688713074 0.29453718662261963
0.2635943591594696 0.2789565622806549
0.26389798521995544 0.27851182222366333
0.26378658413887024 0.2772400975227356
0.2639755606651306 0.28026241064071655
0.2637072503566742 0.28386157751083374
0.26418226957321167 0.2819194793701172
0.2641981244087219 0.2808724641799927
0.2637823522090912 0.2760199010372162
0.26377660036087036 0.2952384352684021
0.26369497179985046 0.286800354719162
0.2636405825614929 0.2874733805656433
0.26364555954933167 0.27895352244377136
0.26320621371269226 0.2774597704410553
0.26327913999557495 0.3024674952030182
0.26369035243988037 0.278553307056427
0.2636823356151581 0.28114578127861023
0.2637290358543396 0.28183379769325256
0.264207124710083 0.2854347229003906
0.26294922828674316 0.2979602515697479
0.2630634605884552 0.2797294557094574
0.263105183839798 0.28688549995422363
0.26375752687454224 0.2863844633102417
0.2632993459701538 0.27577078342437744
0.26359593868255615 0.2836117148399353
0.2640592157840729 0.2862825393676758
0.2633073031902313 0.2776467204093933
0.2634379267692566 0.2782038748264313
0.26302799582481384 0.2819564938545227
0.2635755240917206 0.28219515085220337
0.2635882794857025 0.28510573506355286
0.2633110582828522 0.27970215678215027
0.26329028606414795 0.292615681886673
0.2630231976509094 0.27931296825408936
0.26336559653282166 0.2848694622516632
0.2627469003200531 0.27785056829452515
0.2625108063220978 0.2802344262599945
0.2626986801624298 0.2808690667152405
0.2631721496582031 0.2805751860141754
0.26296138763427734 0.2859746515750885
0.2626357972621918 0.2789490222930908
0.26278045773506165 0.2782144546508789
0.2632191479206085 0.2903904616832733
0.2631107270717621 0.2789168357849121
0.2623635530471802 0.27746090292930603
0.2625260651111603 0.27690544724464417
0.26244932413101196 0.2793552577495575
0.26247847080230713 0.2809610068798065
0.26260605454444885 0.28390583395957947
0.2625780403614044 0.2773127853870392
0.262357234954834 0.2862826883792877
0.2628463804721832 0.28305381536483765
0.2623646855354309 0.29262739419937134
0.26268139481544495 0.2884488105773926
0.26226183772087097 0.28158214688301086
0.26251667737960815 0.27963191270828247
0.26288434863090515 0.27604809403419495
0.26271143555641174 0.2800197899341583
0.2630806267261505 0.2776068449020386
0.2623524069786072 0.29079440236091614
0.26279574632644653 0.2804213762283325
0.2619648575782776 0.278866708278656
0.26260197162628174 0.2802433967590332
0.2630970776081085 0.279824435710907
0.26196783781051636 0.28567472100257874
0.2628076672554016 0.2813180088996887
0.2619684338569641 0.2797486484050751
0.2620009779930115 0.27760589122772217
0.26208043098449707 0.2811250686645508
0.2619790732860565 0.2821594774723053
0.2622902989387512 0.2764810621738434
0.2624882757663727 0.2780207395553589
0.2624916434288025 0.28247830271720886
0.26204127073287964 0.28279176354408264
0.2616511285305023 0.28475943207740784
0.2622314691543579 0.27559518814086914
0.26204976439476013 0.27776268124580383
0.2613407373428345 0.2805761694908142
0.2618141174316406 0.2835559844970703
0.2615496814250946 0.2884260416030884
0.2619023025035858 0.2858644723892212
0.26157405972480774 0.2894459366798401
0.26151490211486816 0.2808288037776947
0.261534720659256 0.2778850197792053
0.26162266731262207 0.278581827878952
0.26205819845199585 0.2799021899700165
0.2613612115383148 0.2805347144603729
0.26191627979278564 0.28525927662849426
0.26147568225860596 0.27955904603004456
0.2618430256843567 0.277823269367218
0.2614966034889221 0.28315892815589905
0.2614433765411377 0.2794003486633301
0.2616558074951172 0.28185659646987915
0.26134589314460754 0.2818160951137543
0.2618021070957184 0.2780856788158417
0.2615906298160553 0.28550511598587036
0.26139020919799805 0.28765439987182617
0.2613970935344696 0.280331015586853
0.2617473304271698 0.279433935880661
0.26141008734703064 0.28324273228645325
0.261581152677536 0.27885040640830994
0.2609364092350006 0.28906935453414917
0.26123490929603577 0.28163787722587585
0.26088181138038635 0.280424565076828
0.26078686118125916 0.2793097198009491
0.26096609234809875 0.27761685848236084
0.26085108518600464 0.27781134843826294
0.26043936610221863 0.2791421115398407
0.2606077492237091 0.2814761996269226
0.2609412372112274 0.28694474697113037
0.260446697473526 0.28042376041412354
0.26079684495925903 0.27739107608795166
0.26087191700935364 0.2807919979095459
0.26084429025650024 0.28422868251800537
0.2605891227722168 0.28656673431396484
0.26043304800987244 0.27745336294174194
0.2610034942626953 0.2782650887966156
0.2608167827129364 0.28014618158340454
0.26136109232902527 0.29103997349739075
0.2606666088104248 0.28149789571762085
0.2607402503490448 0.27776092290878296
0.2606262266635895 0.2771015763282776
0.26076528429985046 0.28580573201179504
0.26076415181159973 0.2866606116294861
0.26063284277915955 0.2813076078891754
0.26068946719169617 0.2876763343811035
0.2604958117008209 0.288938045501709
0.2607501149177551 0.28133276104927063
0.2598026692867279 0.28522077202796936
0.26080751419067383 0.2775013744831085
0.26065728068351746 0.28717029094696045
0.2604527771472931 0.2912900149822235
0.26017293334007263 0.2788064479827881
0.26065611839294434 0.2778800129890442
0.2608002722263336 0.28134432435035706
0.2602576017379761 0.280671626329422
0.25950825214385986 0.28046613931655884
0.25994032621383667 0.2832407057285309
0.2600163221359253 0.27905720472335815
0.25955212116241455 0.2813549339771271
0.26010051369667053 0.28493964672088623
0.26013433933258057 0.2881540060043335
0.26005253195762634 0.2916005551815033
0.2597801983356476 0.2901938259601593
0.2599438726902008 0.2801726162433624
0.25968703627586365 0.2836035192012787
0.2606562674045563 0.28059670329093933
0.26003795862197876 0.2816779315471649
0.26030513644218445 0.2858029305934906
0.25940677523612976 0.27936044335365295
0.26013174653053284 0.2832184135913849
0.25989508628845215 0.28046560287475586
0.2603863477706909 0.28610265254974365
0.26001277565956116 0.29874637722969055
0.2598547637462616 0.2794926166534424
0.26030102372169495 0.2845625579357147
0.25947314500808716 0.27829858660697937
0.2599961459636688 0.2777102589607239
0.2599993050098419 0.2832358479499817
0.26017633080482483 0.2811416983604431
0.25978127121925354 0.2791714370250702
0.2600862383842468 0.2886768877506256
0.2600422203540802 0.2895509600639343
0.25937023758888245 0.2821274995803833
0.2602135241031647 0.28304195404052734
0.25957027077674866 0.2827147841453552
0.259428471326828 0.2827933728694916
0.2599566876888275 0.28020575642585754
0.25902172923088074 0.2812882959842682
0.25955408811569214 0.2895321846008301
0.2592296302318573 0.27708372473716736
0.25982823967933655 0.2795463800430298
0.2589314579963684 0.2790481150150299
0.25905296206474304 0.27918198704719543
0.2589225172996521 0.2784576714038849
0.2584609389305115 0.28181496262550354
0.25911349058151245 0.2790049612522125
0.2590799629688263 0.2821037173271179
0.25873899459838867 0.27958691120147705
0.25882798433303833 0.27855074405670166
0.25906214118003845 0.2806823253631592
0.2587035000324249 0.28418946266174316
0.2590121626853943 0.2827455401420593
0.2591625154018402 0.28373852372169495
0.2589639723300934 0.28813058137893677
0.2593761086463928 0.2854551076889038
0.25894010066986084 0.27972856163978577
0.2589537501335144 0.27901244163513184
0.2588353753089905 0.2789485454559326
0.25906118750572205 0.2816433310508728
0.2585429549217224 0.2827380895614624
0.258539080619812 0.284681111574173
0.2588484287261963 0.28571176528930664
0.258482426404953 0.2967107594013214
0.25906050205230713 0.2851826846599579
0.2586017847061157 0.27736973762512207
0.2586157023906708 0.2836611568927765
0.25843513011932373 0.28576263785362244
0.25882816314697266 0.2851324677467346
0.2582416236400604 0.27998223900794983
0.25916579365730286 0.2900637686252594
0.2588815987110138 0.2829717695713043
0.2583963871002197 0.28219619393348694
0.25828516483306885 0.28052228689193726
0.25845056772232056 0.2858225405216217
0.2587542235851288 0.2795867621898651
0.2582709789276123 0.28801247477531433
0.25850236415863037 0.2823416292667389
0.25813621282577515 0.28000742197036743
0.25813519954681396 0.28582093119621277
0.258233904838562 0.28436875343322754
0.25811052322387695 0.2824258506298065
0.2584801912307739 0.28066250681877136
0.2576402723789215 0.2805910110473633
0.2580375373363495 0.28215306997299194
0.2581208050251007 0.2818564772605896
0.2577619254589081 0.27874889969825745
0.2581995725631714 0.28517138957977295
0.2575245201587677 0.2816043794155121
0.25825580954551697 0.2937815189361572
0.2581654191017151 0.2786567807197571
0.2583436965942383 0.2913978695869446
0.25780415534973145 0.283651202917099
0.25833603739738464 0.27931320667266846
0.2580089271068573 0.2843545079231262
0.25846946239471436 0.28262749314308167
0.25817835330963135 0.28960585594177246
0.2579808533191681 0.27842044830322266
0.25788629055023193 0.27848273515701294
0.25788670778274536 0.2778082489967346
0.2583421766757965 0.2830667197704315
0.2577359080314636 0.27993783354759216
0.257726788520813 0.28464651107788086
0.2583047151565552 0.28082582354545593
0.25786152482032776 0.29087936878204346
0.25771933794021606 0.2822944223880768
0.2578985393047333 0.2833091616630554
0.25729483366012573 0.2789522111415863
0.25716400146484375 0.2814222574234009
0.25744742155075073 0.2802533209323883
0.25733843445777893 0.27897629141807556
0.25728416442871094 0.27981454133987427
0.2576565444469452 0.29607129096984863
0.2573619484901428 0.2796247899532318
0.2573409080505371 0.2821860611438751
0.25798454880714417 0.2949557304382324
0.2571380138397217 0.28056395053863525
0.25738540291786194 0.28169843554496765
0.2573031783103943 0.2983519732952118
0.2573460340499878 0.28388750553131104
0.2577870190143585 0.2795271873474121
0.25722119212150574 0.2853771448135376
0.25711435079574585 0.2802512049674988
0.2575678527355194 0.2859014868736267
0.2572914958000183 0.28019800782203674
0.2578498125076294 0.28578242659568787
0.25712504982948303 0.28259673714637756
0.25714007019996643 0.28442296385765076
0.2573559880256653 0.28375664353370667
0.2571471929550171 0.2818993031978607
0.25704142451286316 0.28011152148246765
0.2571699917316437 0.2820044457912445
0.257053405046463 0.29741165041923523
0.25698837637901306 0.28593334555625916
0.2572217285633087 0.28020328283309937
0.2570500671863556 0.28351882100105286
0.25689974427223206 0.28104227781295776
0.25702425837516785 0.2794179618358612
0.2572978734970093 0.28309890627861023
0.25702521204948425 0.2796880900859833
0.25692543387413025 0.2811397910118103
0.25692251324653625 0.2796456813812256
0.25705066323280334 0.28004708886146545
0.2564087510108948 0.30042514204978943
0.2568531930446625 0.28286638855934143
0.2570059895515442 0.27935513854026794
0.2563428282737732 0.2828980088233948
0.2569831907749176 0.2830483019351959
0.2567732632160187 0.29431137442588806
0.25666823983192444 0.2889742851257324
0.2569447159767151 0.28129345178604126
0.2565738260746002 0.2813810408115387
0.25662916898727417 0.28961262106895447
0.25656312704086304 0.2824878990650177
0.2566402852535248 0.28503289818763733
0.2567579746246338 0.2846767008304596
0.25649896264076233 0.2821655869483948
0.25699013471603394 0.2879832088947296
0.25626230239868164 0.27997004985809326
0.2562486231327057 0.2794698476791382
0.25611668825149536 0.2812352478504181
0.25606146454811096 0.2805086374282837
0.2559933364391327 0.2833126187324524
0.2563500702381134 0.2852533459663391
0.25623998045921326 0.2855648100376129
0.2568300664424896 0.29124715924263
0.25635504722595215 0.27918729186058044
0.25661492347717285 0.28085750341415405
0.25630298256874084 0.2919817566871643
0.25621071457862854 0.2830820679664612
0.25608447194099426 0.2807708978652954
0.2566206455230713 0.2809146046638489
0.25615110993385315 0.282305508852005
0.25604549050331116 0.2813379168510437
0.25584185123443604 0.2834908366203308
0.2557523548603058 0.27928856015205383
0.25609442591667175 0.2848142087459564
0.2558431625366211 0.2796648442745209
0.25563204288482666 0.29038718342781067
0.255977064371109 0.2802898585796356
0.2559293806552887 0.27956584095954895
0.25609761476516724 0.2827202081680298
0.25572091341018677 0.28079620003700256
0.25638747215270996 0.28254759311676025
0.2557061016559601 0.2827673554420471
0.25629881024360657 0.28097331523895264
0.2560000419616699 0.2820381224155426
0.25573915243148804 0.2808797061443329
0.25599461793899536 0.28067702054977417
0.2554614245891571 0.28213146328926086
0.2558055520057678 0.28237155079841614
0.2555961608886719 0.28948506712913513
0.2556714117527008 0.2882382273674011
0.25578489899635315 0.2841545045375824
0.25573816895484924 0.28026923537254333
0.2563021779060364 0.2863380014896393
0.2556876540184021 0.2824537456035614
0.25581303238868713 0.27935102581977844
0.2559685707092285 0.2878263592720032
0.25574368238449097 0.2812245190143585
0.25574666261672974 0.28124362230300903
0.2550796568393707 0.28842058777809143
0.2556544244289398 0.27903443574905396
0.2556682229042053 0.2811291217803955
0.25580886006355286 0.292829692363739
0.25569263100624084 0.2881350815296173
0.2558731436729431 0.2828671336174011
0.2554832398891449 0.2838539183139801
0.2548416554927826 0.2841397821903229
0.25551697611808777 0.28254711627960205
0.2552974224090576 0.28614968061447144
0.2554408311843872 0.28242024779319763
0.2551153898239136 0.2832982540130615
0.2554161846637726 0.27976176142692566
0.2553890347480774 0.28238487243652344
0.25545236468315125 0.28200024366378784
0.25514447689056396 0.27925655245780945
0.254682332277298 0.28259676694869995
0.2552199065685272 0.28022414445877075
0.254954993724823 0.279739111661911
0.2548588216304779 0.27970945835113525
0.25504446029663086 0.28064435720443726
0.25460198521614075 0.2821361720561981
0.25478988885879517 0.28454849123954773
0.25489193201065063 0.2859349846839905
0.2548823952674866 0.28242194652557373
0.2554190754890442 0.2819597125053406
0.25488731265068054 0.28604254126548767
0.2548229694366455 0.28387826681137085
0.2548101544380188 0.290799617767334
0.25492072105407715 0.28442129492759705
0.254730224609375 0.282279372215271
0.25494974851608276 0.29001790285110474
0.25538015365600586 0.28038910031318665
0.2549908459186554 0.285918265581131
0.25499090552330017 0.28119006752967834
0.2553499639034271 0.2835606336593628
0.2554299533367157 0.29019486904144287
0.25509393215179443 0.28048762679100037
0.2548351287841797 0.2828136086463928
0.25493133068084717 0.28178414702415466
0.25424855947494507 0.28137534856796265
0.25462108850479126 0.2818169891834259
0.25445085763931274 0.2799317538738251
0.254608154296875 0.28488874435424805
0.2545323967933655 0.2808387875556946
0.2544562816619873 0.28144124150276184
0.25488296151161194 0.28317004442214966
0.25432801246643066 0.2787086069583893
0.2545497417449951 0.27887842059135437
0.25425243377685547 0.2853066325187683
0.2546142637729645 0.28405115008354187
0.25439900159835815 0.2813691794872284
0.25438401103019714 0.2978193163871765
0.2543867528438568 0.29732489585876465
0.2548093795776367 0.28458479046821594
0.25458499789237976 0.28818777203559875
0.25402358174324036 0.28575050830841064
0.2544918954372406 0.2880358099937439
0.254390686750412 0.28172191977500916
0.25417816638946533 0.28283753991127014
0.25420042872428894 0.2800244390964508
0.2545916438102722 0.2959907352924347
0.25443035364151 0.2792505621910095
0.2542029619216919 0.28907397389411926
0.2539736032485962 0.2830190360546112
0.25429919362068176 0.28462493419647217
