1.5432575941085815 1.5355114936828613
1.4833515882492065 1.5013632774353027
1.4791735410690308 1.5014063119888306
1.4776499271392822 1.533765196800232
1.4763007164001465 1.5285531282424927
1.4759442806243896 1.4988219738006592
1.4758884906768799 1.523766279220581
1.4749232530593872 1.4990648031234741
1.4749650955200195 1.5015287399291992
1.4754762649536133 1.498948097229004
1.4748475551605225 1.5094558000564575
1.47465181350708 1.5005110502243042
1.4746323823928833 1.5097455978393555
1.474724292755127 1.5055789947509766
1.4742720127105713 1.502834677696228
1.474408507347107 1.498725414276123
1.354161024093628 1.104838252067566
0.9875438213348389 0.9030383229255676
0.8302777409553528 0.8132782578468323
0.7455427646636963 0.7598788142204285
0.6986243724822998 0.6846086978912354
0.6707295179367065 0.6659490466117859
0.650084376335144 0.6401583552360535
0.6316806674003601 0.635768711566925
0.6211277842521667 0.6225274205207825
0.6145392656326294 0.6236584782600403
0.6053667664527893 0.6009922623634338
0.5998104810714722 0.6065483093261719
0.5914671421051025 0.5818962454795837
0.5845150947570801 0.576174259185791
0.5792900323867798 0.5798945426940918
0.573341965675354 0.6270536184310913
0.5649991631507874 0.569720447063446
0.5546401739120483 0.554190456867218
0.5343549847602844 0.5498963594436646
0.5019177198410034 0.47730132937431335
0.4646880030632019 0.451903760433197
0.4351353645324707 0.4167276918888092
0.4160902798175812 0.4115557372570038
0.4019210636615753 0.4003031253814697
0.3884711265563965 0.3921164274215698
0.3785333037376404 0.3670899569988251
0.5454009175300598 0.48779505491256714
0.45914366841316223 0.4825323224067688
0.4250801205635071 0.43241462111473083
0.40612074732780457 0.3934827744960785
0.3929232954978943 0.38495934009552
0.3840024471282959 0.37564411759376526
0.37758076190948486 0.37416377663612366
0.37139892578125 0.3856320381164551
0.36601951718330383 0.3619476556777954
0.36249762773513794 0.3504684269428253
0.3587971031665802 0.3619888722896576
0.3540078401565552 0.3676387369632721
0.3500625193119049 0.3446960747241974
0.3478134870529175 0.3392055332660675
0.34501713514328003 0.38196420669555664
0.3427428603172302 0.37683436274528503
0.33969175815582275 0.3378755748271942
0.3377355933189392 0.37774011492729187
0.3360081613063812 0.3309270143508911
0.33338645100593567 0.3281233012676239
0.3341674208641052 0.3581482470035553
0.3308021128177643 0.3436557650566101
0.33084186911582947 0.3353942036628723
0.3274473547935486 0.3228514790534973
0.32643064856529236 0.3384568393230438
0.32432883977890015 0.33857423067092896
0.3231518864631653 0.35022619366645813
0.32231977581977844 0.3298402726650238
0.32037192583084106 0.3221306800842285
0.3200090527534485 0.34808769822120667
0.3187553584575653 0.3253645896911621
0.3166431784629822 0.3435145616531372
0.3165399134159088 0.3285372853279114
0.3160395324230194 0.33665505051612854
0.314318984746933 0.3181271255016327
0.3143433928489685 0.3270342946052551
0.3141356408596039 0.3243277966976166
0.31220072507858276 0.30883994698524475
0.3114638030529022 0.31087738275527954
0.3112773001194 0.3178357183933258
0.3113645315170288 0.3079037070274353
0.31105801463127136 0.3138096034526825
0.3091077506542206 0.32334670424461365
0.3086793124675751 0.3107370436191559
0.30823814868927 0.333381712436676
0.30752256512641907 0.3402950167655945
0.30680039525032043 0.3093060255050659
0.30600136518478394 0.3060782849788666
0.3072684705257416 0.31316664814949036
0.30575332045555115 0.31412896513938904
0.30518388748168945 0.305260568857193
0.30481046438217163 0.3292897641658783
0.30468660593032837 0.3269907236099243
0.3043089509010315 0.30155807733535767
0.3034534752368927 0.30651724338531494
0.303287148475647 0.3105456233024597
0.30184096097946167 0.3281180262565613
0.30243998765945435 0.31160345673561096
0.3008210361003876 0.30195653438568115
0.2997933030128479 0.3031803071498871
0.2994973957538605 0.29707106947898865
0.29882457852363586 0.30321168899536133
0.29918578267097473 0.30762872099876404
0.2983322739601135 0.3030923306941986
0.29889851808547974 0.32945865392684937
0.2973785400390625 0.30013152956962585
0.29656338691711426 0.3057069480419159
0.2975926697254181 0.2958482801914215
0.29711949825286865 0.2960943579673767
0.29609379172325134 0.3270205557346344
0.29522815346717834 0.3054901957511902
0.2947568893432617 0.3173047602176666
0.2944713234901428 0.31162944436073303
0.29419782757759094 0.30066338181495667
0.29516342282295227 0.3069555163383484
0.2937033176422119 0.30981162190437317
0.29379722476005554 0.3023165464401245
0.2932547628879547 0.3080892562866211
0.29329782724380493 0.2987709641456604
0.29332098364830017 0.2966935932636261
0.2929241359233856 0.29784879088401794
0.2923022508621216 0.3139541447162628
0.29224061965942383 0.2962915599346161
0.29228475689888 0.3017624318599701
0.2919699251651764 0.29460760951042175
0.29085177183151245 0.29476648569107056
0.2915882468223572 0.31438949704170227
0.2903994619846344 0.2970428168773651
0.29004940390586853 0.3052130341529846
0.29046356678009033 0.30693891644477844
0.28994131088256836 0.3052869141101837
0.28976520895957947 0.29972729086875916
0.28928378224372864 0.29637381434440613
0.2889855206012726 0.29801031947135925
0.28897759318351746 0.2877669930458069
0.28819361329078674 0.3038213551044464
0.2872927784919739 0.29303327202796936
0.28756973147392273 0.3051692247390747
0.28786563873291016 0.29071980714797974
0.28823021054267883 0.30856016278266907
0.2878352701663971 0.28829389810562134
0.2871326506137848 0.29480665922164917
0.2870040535926819 0.30492883920669556
0.28677722811698914 0.29551756381988525
0.28669410943984985 0.2954237461090088
0.2861615717411041 0.2937435805797577
0.2853478491306305 0.2981776297092438
0.28597748279571533 0.3065604567527771
0.28657832741737366 0.32425418496131897
0.2859035134315491 0.2927415668964386
0.28546854853630066 0.3076903522014618
0.2850184142589569 0.2925949990749359
0.2859035134315491 0.2996998131275177
0.2848046123981476 0.2944190204143524
0.28416475653648376 0.2941499650478363
0.28508302569389343 0.2879030108451843
0.2847100496292114 0.29829084873199463
0.2853688597679138 0.28834718465805054
0.28465700149536133 0.305881142616272
0.2844013273715973 0.2914193868637085
0.28442591428756714 0.29973822832107544
0.28333327174186707 0.3064205050468445
0.28377565741539 0.28687697649002075
0.28327423334121704 0.29645487666130066
0.2839721441268921 0.29017528891563416
0.28365570306777954 0.30111825466156006
0.2830747961997986 0.3102588653564453
0.2826729416847229 0.2916184067726135
0.2830461263656616 0.294132262468338
0.28289154171943665 0.295399934053421
0.2824746072292328 0.29979202151298523
0.28214988112449646 0.30620184540748596
0.28225448727607727 0.286582350730896
0.28199899196624756 0.2887764275074005
0.28187546133995056 0.2933109700679779
0.2815103530883789 0.29027149081230164
0.2827283442020416 0.29071906208992004
0.2811059057712555 0.29479432106018066
0.28101035952568054 0.2884465157985687
0.2813776433467865 0.28686296939849854
0.2814175486564636 0.29019227623939514
0.2816336154937744 0.2855081558227539
0.2811320424079895 0.29080599546432495
0.2812115252017975 0.2952820956707001
0.28096121549606323 0.2957060933113098
0.28119492530822754 0.29106947779655457
0.2810048460960388 0.2830566167831421
0.280831903219223 0.2864494323730469
0.27998852729797363 0.2899087369441986
0.28015297651290894 0.2828473448753357
0.2810497581958771 0.30517566204071045
0.2806607782840729 0.29557475447654724
0.2807770073413849 0.28507986664772034
0.2803991436958313 0.284955769777298
0.28061026334762573 0.2932242453098297
0.2801242768764496 0.2853764295578003
0.28029564023017883 0.2983689308166504
0.278984397649765 0.2825964689254761
0.2795867323875427 0.29004454612731934
0.27969062328338623 0.2859041094779968
0.2787078022956848 0.2871849834918976
0.27901867032051086 0.28428781032562256
0.27928245067596436 0.2868445813655853
0.2784666419029236 0.28731125593185425
0.27860671281814575 0.28857851028442383
0.27864527702331543 0.2825612723827362
0.27837860584259033 0.28507566452026367
0.2786116302013397 0.2959868609905243
0.2777630090713501 0.2916449010372162
0.2781156003475189 0.29261815547943115
0.2786616086959839 0.2970806360244751
0.27825620770454407 0.29461345076560974
0.27794018387794495 0.28674906492233276
0.27795273065567017 0.3113930821418762
0.2775663435459137 0.3141935467720032
0.27762189507484436 0.28650549054145813
0.2772824764251709 0.2845351994037628
0.27763205766677856 0.28923365473747253
0.27800363302230835 0.28819993138313293
0.2779114246368408 0.2855287194252014
0.27673548460006714 0.2818428874015808
0.2773977220058441 0.28727954626083374
0.277105450630188 0.2962484061717987
0.2775024175643921 0.301364928483963
0.2769005298614502 0.28594768047332764
0.2767338156700134 0.2912769317626953
0.2768276333808899 0.285520076751709
0.2764662802219391 0.28242257237434387
0.27652090787887573 0.28911203145980835
0.27640801668167114 0.28423503041267395
0.2767508924007416 0.3114720284938812
0.2763928174972534 0.28830066323280334
0.27687472105026245 0.29664555191993713
0.2763972878456116 0.283300518989563
0.27609527111053467 0.2884669303894043
0.27598536014556885 0.2888803780078888
0.27556201815605164 0.2880013585090637
0.2752940058708191 0.2830130457878113
0.2751433849334717 0.2824796140193939
0.2756201922893524 0.28899145126342773
0.27542752027511597 0.2832953929901123
0.27515265345573425 0.28299766778945923
0.2751508057117462 0.28181982040405273
0.2755749523639679 0.28304195404052734
0.2756204903125763 0.28244003653526306
0.2749207317829132 0.2819642126560211
0.27508702874183655 0.2850859463214874
0.27468764781951904 0.3030634820461273
0.2747220993041992 0.2862555980682373
0.2746486961841583 0.2808931767940521
0.2746664881706238 0.2817041575908661
0.274693101644516 0.29789841175079346
0.2740834355354309 0.2855614721775055
0.2745632827281952 0.2861120402812958
0.2745412290096283 0.28278204798698425
0.2743965685367584 0.2807064354419708
0.2742452323436737 0.2887336313724518
0.27405256032943726 0.2836432456970215
0.2743827998638153 0.285715252161026
0.2744120955467224 0.2875697910785675
0.27404913306236267 0.2866031527519226
0.2742811143398285 0.2996691167354584
0.27398040890693665 0.2870517075061798
0.27394625544548035 0.28299397230148315
0.2742841839790344 0.2906869649887085
0.27422094345092773 0.284586638212204
0.2739165127277374 0.2952178418636322
0.2734469771385193 0.2864299714565277
0.27309197187423706 0.28454113006591797
0.27398213744163513 0.28559911251068115
0.2730093002319336 0.28666722774505615
0.27296483516693115 0.2958647906780243
0.2728305459022522 0.2886054217815399
0.2729974091053009 0.28995615243911743
0.27252745628356934 0.28129842877388
0.27307629585266113 0.2890104651451111
0.2729000747203827 0.2814384698867798
0.27284932136535645 0.2878902852535248
0.2727189064025879 0.28888359665870667
0.2722654938697815 0.27943846583366394
0.2734045386314392 0.2954500615596771
0.27279892563819885 0.27829959988594055
0.27266764640808105 0.2839905917644501
0.2724945545196533 0.29402559995651245
0.2726050615310669 0.28025493025779724
0.2724737524986267 0.2891041934490204
0.2728135287761688 0.2797289490699768
0.2719039022922516 0.28462380170822144
0.27187585830688477 0.27840209007263184
0.27273890376091003 0.28362634778022766
0.27238789200782776 0.2807857096195221
0.2722644805908203 0.2856622636318207
0.27225372195243835 0.2827950716018677
0.2720448970794678 0.28162068128585815
0.2719678580760956 0.2896835505962372
0.2719690799713135 0.2918882369995117
0.2724284827709198 0.2843009829521179
0.2723121643066406 0.29353493452072144
0.2722448706626892 0.28431668877601624
0.27189403772354126 0.2912046015262604
0.27098098397254944 0.2875545024871826
0.2720775306224823 0.29198241233825684
0.2714639902114868 0.291422575712204
0.2714552581310272 0.2807893753051758
0.2717149555683136 0.28335079550743103
0.27109670639038086 0.28636792302131653
0.27120542526245117 0.2802858352661133
0.2707609534263611 0.2840000092983246
0.27087944746017456 0.28650423884391785
0.2709677517414093 0.2940824329853058
0.27099180221557617 0.28805816173553467
0.2711280286312103 0.2797927260398865
0.2713266611099243 0.2831020653247833
0.2707110047340393 0.2803286612033844
0.2710263133049011 0.2808219790458679
0.27089953422546387 0.28409427404403687
0.27100715041160583 0.2843535244464874
0.2707783877849579 0.2831920087337494
0.2707568407058716 0.2802274525165558
0.2710399329662323 0.28124842047691345
0.2705762982368469 0.2795531749725342
0.2706851363182068 0.28710564970970154
0.2705327272415161 0.27924680709838867
0.2709329128265381 0.288106769323349
0.2704395651817322 0.27821385860443115
0.27032139897346497 0.28264448046684265
0.27067944407463074 0.28687426447868347
0.2707626223564148 0.28960326313972473
0.270059734582901 0.28480014204978943
0.27085766196250916 0.2881964445114136
0.27040863037109375 0.28117287158966064
0.2704586386680603 0.27791905403137207
0.27017951011657715 0.2810945510864258
0.27052193880081177 0.28815707564353943
0.2699834406375885 0.2830568850040436
0.26944276690483093 0.28487810492515564
0.270266056060791 0.28529298305511475
0.27003058791160583 0.2863233685493469
0.2697502076625824 0.2821236848831177
0.27010029554367065 0.28122478723526
0.26972001791000366 0.2828899025917053
0.26943835616111755 0.2798704206943512
0.2696867287158966 0.28047218918800354
0.2695237696170807 0.2835175395011902
0.2695569396018982 0.2814440131187439
0.26916512846946716 0.2792438566684723
0.2699684500694275 0.2797231674194336
0.2692370116710663 0.28092774748802185
0.2696472704410553 0.28710055351257324
0.26950255036354065 0.2772583067417145
0.26938703656196594 0.29576367139816284
0.26894891262054443 0.2779046595096588
0.2699146270751953 0.281360387802124
0.26899391412734985 0.2821405529975891
0.2695126533508301 0.2828063666820526
0.26955482363700867 0.279275119304657
0.2693326473236084 0.2809121608734131
0.2693294882774353 0.2812144458293915
0.26892298460006714 0.2781452238559723
0.2692175507545471 0.2774713337421417
0.2688322067260742 0.28261780738830566
0.2691025733947754 0.2859841287136078
0.2689180076122284 0.2827722430229187
0.26863473653793335 0.28458312153816223
0.26839086413383484 0.2867004871368408
0.26882749795913696 0.2815600335597992
0.26867786049842834 0.2848285436630249
0.26849862933158875 0.2950708270072937
0.26892784237861633 0.28432345390319824
0.2688460946083069 0.28728294372558594
0.2684279978275299 0.28260889649391174
0.2685457170009613 0.27892327308654785
0.2678474485874176 0.28304290771484375
0.2686845362186432 0.288003534078598
0.26888635754585266 0.2918446660041809
0.26782363653182983 0.2820582091808319
0.267939954996109 0.28036659955978394
0.2685372829437256 0.28671833872795105
0.26815173029899597 0.29070112109184265
0.26791253685951233 0.28243693709373474
0.26843833923339844 0.2813590466976166
0.26799124479293823 0.2809748947620392
0.2677936255931854 0.2817333936691284
0.2681831121444702 0.27797383069992065
0.2678673565387726 0.28138867020606995
0.2680756449699402 0.28277310729026794
0.2679440975189209 0.28130385279655457
0.26773378252983093 0.2958815097808838
0.2681417763233185 0.2877637445926666
0.2685324251651764 0.2795475721359253
0.2682843804359436 0.28744345903396606
0.2677353620529175 0.27855512499809265
0.2675645053386688 0.288237065076828
0.2675570845603943 0.2898881435394287
0.26784107089042664 0.2811204195022583
0.2679731249809265 0.2843156158924103
0.2677525579929352 0.285352498292923
0.267940491437912 0.2814505398273468
0.2676742374897003 0.28428569436073303
0.2678225636482239 0.2795386016368866
0.26781168580055237 0.28135040402412415
0.26753488183021545 0.29888996481895447
0.2674925625324249 0.2782077193260193
0.26719674468040466 0.28159621357917786
0.2668491005897522 0.2828678786754608
0.26708218455314636 0.28924354910850525
0.267115980386734 0.2858792245388031
0.2671431005001068 0.2864845395088196
0.2668571174144745 0.2779496908187866
0.26724812388420105 0.2801489531993866
0.2668377161026001 0.27863913774490356
0.26718637347221375 0.2816861867904663
0.26682981848716736 0.2819920778274536
0.2671273350715637 0.2861487567424774
0.26678529381752014 0.2842997610569
0.2669870853424072 0.29654523730278015
0.2672082781791687 0.28635871410369873
0.26665249466896057 0.27966511249542236
0.266619473695755 0.28400954604148865
0.26705217361450195 0.2923993766307831
0.26723524928092957 0.2891257703304291
0.26686200499534607 0.28063300251960754
0.26642733812332153 0.2783680856227875
0.266311377286911 0.2841663956642151
0.26704972982406616 0.27794909477233887
0.2664928138256073 0.2815338969230652
0.2672417461872101 0.28085216879844666
0.2671821415424347 0.28464919328689575
0.2668731212615967 0.2828846871852875
0.2672112286090851 0.27841803431510925
0.2662196159362793 0.2775782346725464
0.26634693145751953 0.28479576110839844
0.2668430507183075 0.29531559348106384
0.2667515277862549 0.2889995276927948
0.2667495906352997 0.2798647880554199
0.26611068844795227 0.280157208442688
0.2664859890937805 0.28465136885643005
0.2662245035171509 0.28595036268234253
0.2658693790435791 0.2787354588508606
0.26596978306770325 0.2831358313560486
0.2660728096961975 0.27905037999153137
0.2658793032169342 0.28569474816322327
0.2666221857070923 0.28425395488739014
0.2657914161682129 0.2825786769390106
0.2663510739803314 0.2789188623428345
0.2658837139606476 0.2899353802204132
0.26609358191490173 0.29311227798461914
0.26582208275794983 0.28378671407699585
0.26584723591804504 0.28299203515052795
0.26602479815483093 0.2794610261917114
0.26603132486343384 0.28164833784103394
0.2662067711353302 0.29170751571655273
0.26570314168930054 0.28311583399772644
0.26612573862075806 0.280078262090683
0.2659587562084198 0.281785249710083
0.2655926048755646 0.2905378043651581
0.2654154598712921 0.2781977951526642
0.26603564620018005 0.28627538681030273
0.2654060423374176 0.2800883948802948
0.2659556567668915 0.28065550327301025
0.2654086947441101 0.28276321291923523
0.26563647389411926 0.2818141281604767
0.2653394937515259 0.282789409160614
0.26565954089164734 0.2969076335430145
0.2658766210079193 0.27794933319091797
0.26543980836868286 0.2847660183906555
0.2661798894405365 0.278990238904953
0.2657746970653534 0.28774121403694153
0.2656855881214142 0.2802836000919342
0.26500317454338074 0.29175907373428345
0.2651953399181366 0.2850213050842285
0.2652287781238556 0.27988624572753906
0.2652888596057892 0.2869718074798584
0.2649434506893158 0.27728554606437683
0.2650434970855713 0.2780649662017822
0.2651131749153137 0.27902138233184814
0.26518839597702026 0.28142887353897095
0.26482170820236206 0.27984538674354553
0.2649505138397217 0.2822501063346863
0.26532629132270813 0.2870032489299774
0.26519712805747986 0.2868557572364807
0.2652783691883087 0.27816349267959595
0.2648935317993164 0.2828301191329956
0.26457372307777405 0.2805960476398468
0.2645568251609802 0.28278160095214844
0.26478853821754456 0.28664353489875793
0.2648314833641052 0.2810216248035431
0.26471221446990967 0.284237265586853
0.26485663652420044 0.2821706533432007
0.26496851444244385 0.28205573558807373
0.26488804817199707 0.28070342540740967
0.26471611857414246 0.2818111479282379
0.26465392112731934 0.2959318459033966
0.2644554078578949 0.29212599992752075
0.2645213305950165 0.2916606664657593
0.26483914256095886 0.2900559604167938
0.26467111706733704 0.280902236700058
0.2645851671695709 0.28739267587661743
0.26448342204093933 0.2839878797531128
0.26478686928749084 0.2810565233230591
0.2644994556903839 0.2802973985671997
0.26458272337913513 0.28448373079299927
0.26493752002716064 0.27936065196990967
0.2638625502586365 0.28036004304885864
0.2642374336719513 0.29094821214675903
0.2640036940574646 0.2822209894657135
0.2644585371017456 0.28052565455436707
0.26390528678894043 0.28172826766967773
0.26445648074150085 0.28025582432746887
0.2642345130443573 0.28370699286460876
0.2642698287963867 0.2966974973678589
0.2638648748397827 0.2802298367023468
0.2641621232032776 0.29919910430908203
0.2638327479362488 0.29913389682769775
0.2642277777194977 0.2773587703704834
0.26414647698402405 0.2779158055782318
0.2638995945453644 0.2791160047054291
0.26399409770965576 0.2782999873161316
0.2639627456665039 0.28337302803993225
0.26372694969177246 0.2800220251083374
0.2636224031448364 0.28446492552757263
0.26380130648612976 0.2788030207157135
0.26382964849472046 0.29090023040771484
0.2636153995990753 0.2775018513202667
0.26378482580184937 0.28510573506355286
0.2639622986316681 0.28094610571861267
0.26348641514778137 0.2819315493106842
0.2639969289302826 0.2788279056549072
0.2637954652309418 0.27875587344169617
0.2638665437698364 0.28857913613319397
0.2637633681297302 0.2840966582298279
0.2639930844306946 0.2786698341369629
0.26404625177383423 0.28064438700675964
0.2639739215373993 0.2849941849708557
0.26328185200691223 0.28297093510627747
0.26389795541763306 0.27834585309028625
0.26339125633239746 0.2793636918067932
0.2635338306427002 0.2782668173313141
0.26334458589553833 0.2818897068500519
0.26313868165016174 0.28060558438301086
0.2632136642932892 0.28393325209617615
0.2634599804878235 0.28578120470046997
0.2632063627243042 0.27908217906951904
0.2630864381790161 0.28251880407333374
0.2632293403148651 0.2809033989906311
0.26337334513664246 0.280364066362381
0.26302579045295715 0.28386667370796204
0.263151079416275 0.2797618806362152
0.2628397047519684 0.2884744107723236
0.26340001821517944 0.2805325388908386
0.2633545696735382 0.29612797498703003
0.2630959153175354 0.2905808389186859
0.2625933289527893 0.279884934425354
0.26268765330314636 0.28689536452293396
0.2633777856826782 0.28051307797431946
0.2632654011249542 0.2855161726474762
0.26294758915901184 0.28113603591918945
0.2629520893096924 0.28033384680747986
0.26280614733695984 0.27679839730262756
0.26274749636650085 0.2818642556667328
0.2629130184650421 0.2873850166797638
0.26309701800346375 0.2810623049736023
0.26251599192619324 0.2845439016819
0.26310861110687256 0.28714412450790405
0.26289838552474976 0.2798488736152649
0.2629721164703369 0.2859589159488678
0.2630109190940857 0.28398099541664124
0.2626144587993622 0.2814722955226898
0.26244881749153137 0.28340092301368713
0.2626950442790985 0.2821308970451355
0.26247966289520264 0.2815532982349396
0.26230648159980774 0.2812489867210388
0.2625185549259186 0.28158876299858093
0.2626277208328247 0.2794111669063568
0.26252099871635437 0.2863389551639557
0.2619604766368866 0.28213778138160706
0.26232680678367615 0.291107714176178
0.2627078592777252 0.2768593728542328
0.2621323764324188 0.27974581718444824
0.2622930109500885 0.28228768706321716
0.26228663325309753 0.28334349393844604
0.2620183527469635 0.2816140651702881
0.26252302527427673 0.2818133533000946
0.26204782724380493 0.2857780456542969
0.2616517245769501 0.2780342996120453
0.2624746263027191 0.2935672700405121
0.26236021518707275 0.2828740179538727
0.2623074948787689 0.2843504548072815
0.26208415627479553 0.2821904718875885
0.26229411363601685 0.2791808247566223
0.2621919512748718 0.28058648109436035
0.2621237635612488 0.27905458211898804
0.26195135712623596 0.27910611033439636
0.2620152533054352 0.2825184464454651
0.26189956068992615 0.2828446626663208
0.2619314193725586 0.2850305736064911
0.26201820373535156 0.28538453578948975
0.2618884742259979 0.2839251160621643
0.2621632516384125 0.2783367335796356
0.2621441185474396 0.2863995134830475
0.26190632581710815 0.28028440475463867
0.26222920417785645 0.2849727272987366
0.26185667514801025 0.29074299335479736
0.26173439621925354 0.28182920813560486
0.26156336069107056 0.28269967436790466
0.26144683361053467 0.28424614667892456
0.26167988777160645 0.2797063887119293
0.2613956928253174 0.2872025966644287
0.26189160346984863 0.2769526541233063
0.2612699568271637 0.28009361028671265
0.26139217615127563 0.27882200479507446
0.2617877423763275 0.28331258893013
0.26160719990730286 0.27861565351486206
0.26153644919395447 0.2904087007045746
0.26105332374572754 0.2802211046218872
0.2615931034088135 0.2808510363101959
0.26117321848869324 0.2795754075050354
0.2612430155277252 0.2852804660797119
0.2611994445323944 0.2827853262424469
0.26136016845703125 0.27994686365127563
0.26162898540496826 0.28486770391464233
0.26148927211761475 0.2793532609939575
0.2612192630767822 0.27903807163238525
0.2617976665496826 0.28488948941230774
0.26079460978507996 0.2847665846347809
0.2613081634044647 0.2817491888999939
0.2616615295410156 0.28291434049606323
0.26111900806427 0.2831532657146454
0.2613527178764343 0.28430822491645813
0.2614664137363434 0.2874089181423187
0.2612577974796295 0.28159797191619873
0.2619956135749817 0.27912577986717224
0.26109394431114197 0.2822408080101013
0.26161661744117737 0.2846103608608246
0.26138001680374146 0.2807675302028656
0.26127034425735474 0.27803727984428406
0.2610604465007782 0.28193172812461853
0.260987251996994 0.27963951230049133
0.2605782449245453 0.28222864866256714
0.2604871988296509 0.28697285056114197
0.2606421113014221 0.2801685929298401
0.26064515113830566 0.2823421061038971
0.26091837882995605 0.28146713972091675
0.2607865035533905 0.29007476568222046
0.2609509229660034 0.27915140986442566
0.2609487771987915 0.2811252176761627
0.26082587242126465 0.2849784791469574
0.26040032505989075 0.28568047285079956
0.26092544198036194 0.27727094292640686
0.2604391872882843 0.27987873554229736
0.2607254087924957 0.28320473432540894
0.2603716254234314 0.2786240577697754
0.2607884407043457 0.2837398648262024
0.2606537342071533 0.2773664593696594
0.26038917899131775 0.2766248881816864
0.26028522849082947 0.2834436893463135
0.26078784465789795 0.2888564467430115
0.2610236406326294 0.2782307267189026
0.26064085960388184 0.27975866198539734
0.2604024410247803 0.27809298038482666
0.2607654333114624 0.2835509181022644
0.26063239574432373 0.27867916226387024
0.2601872384548187 0.2777998447418213
0.26030153036117554 0.2836122512817383
0.26055359840393066 0.2822355628013611
0.26012691855430603 0.29020756483078003
0.2605392038822174 0.27968621253967285
0.2605787515640259 0.2828155755996704
0.260277658700943 0.2863215208053589
0.2605188488960266 0.28106990456581116
0.26023799180984497 0.2808152139186859
0.25945115089416504 0.28066927194595337
0.2600755989551544 0.2775149941444397
0.259956955909729 0.2776639759540558
0.25997647643089294 0.2817988097667694
0.2597634196281433 0.2797151803970337
0.25951993465423584 0.28472161293029785
0.25970685482025146 0.2808457314968109
0.26012352108955383 0.2782589793205261
0.25976479053497314 0.28225982189178467
0.2597109079360962 0.28033310174942017
0.26016780734062195 0.2810099124908447
0.25974082946777344 0.2857816815376282
0.25989657640457153 0.2793383300304413
0.2599896788597107 0.2797401249408722
0.2599640190601349 0.2816902697086334
0.2600155472755432 0.2823725640773773
0.25973886251449585 0.2852100133895874
0.25994518399238586 0.27900683879852295
0.2601413130760193 0.27979084849357605
0.25959116220474243 0.2786971926689148
0.2598877549171448 0.289937287569046
0.25980180501937866 0.2821449637413025
0.2594868540763855 0.280294805765152
0.26001280546188354 0.279754638671875
0.2596234381198883 0.2806297540664673
0.26009249687194824 0.27877888083457947
0.2595672309398651 0.2801870107650757
0.25964877009391785 0.28190863132476807
0.2600421905517578 0.2828635573387146
0.25925230979919434 0.28579747676849365
0.2599550485610962 0.28677642345428467
0.2597503066062927 0.28591370582580566
0.2595829665660858 0.2805812656879425
0.2593331038951874 0.28242766857147217
0.25927087664604187 0.2801496684551239
0.2592712938785553 0.28528207540512085
0.25919532775878906 0.27775248885154724
0.25929972529411316 0.28355497121810913
0.2594476640224457 0.2804279923439026
0.2591947317123413 0.28715160489082336
0.25904491543769836 0.28504088521003723
0.2593517303466797 0.27970725297927856
0.2592613101005554 0.27785009145736694
0.2592008411884308 0.2841295599937439
0.25928518176078796 0.28174659609794617
0.2590988576412201 0.27620625495910645
0.25972023606300354 0.282821923494339
0.2590705454349518 0.2807142436504364
0.2592121362686157 0.28365981578826904
0.2589898407459259 0.2808084487915039
0.259174644947052 0.28525805473327637
0.25878074765205383 0.28209662437438965
0.25923117995262146 0.281593382358551
0.2587295174598694 0.2846103310585022
0.2592848837375641 0.29136887192726135
0.2589404582977295 0.27885401248931885
0.2589351534843445 0.2777012288570404
0.25902652740478516 0.2777230143547058
0.25900527834892273 0.27906233072280884
0.25914013385772705 0.2822708189487457
0.25884172320365906 0.2792351543903351
0.2588386833667755 0.27966734766960144
0.2587672173976898 0.2853087782859802
0.25896310806274414 0.2849544882774353
0.2592494785785675 0.2841504216194153
0.2588783800601959 0.28750407695770264
0.2589455842971802 0.28097090125083923
0.25884416699409485 0.27827706933021545
0.25902724266052246 0.28694891929626465
0.25845572352409363 0.28119391202926636
0.2585892081260681 0.28101634979248047
0.258550226688385 0.28334787487983704
0.25847357511520386 0.2766266465187073
0.2582247257232666 0.2868136167526245
0.2583608627319336 0.2814226448535919
0.25849106907844543 0.28272539377212524
0.2582259476184845 0.28290805220603943
0.2584614157676697 0.2844337224960327
0.25843268632888794 0.28871896862983704
0.2587127983570099 0.27816852927207947
0.25825586915016174 0.28125911951065063
0.2586432993412018 0.28098106384277344
0.25851571559906006 0.2809547781944275
0.2584839463233948 0.2819925844669342
0.25865787267684937 0.28601381182670593
0.25846028327941895 0.2781796455383301
0.2583857774734497 0.27821826934814453
0.2580556273460388 0.28349560499191284
0.2578665316104889 0.2777692377567291
0.25821003317832947 0.28054025769233704
0.2582576274871826 0.2792997360229492
0.2582833766937256 0.2788228392601013
0.2580370604991913 0.28017860651016235
0.2581861615180969 0.28083449602127075
0.258537232875824 0.28076809644699097
0.2579585909843445 0.27858954668045044
0.25816184282302856 0.2808417081832886
0.2581375241279602 0.2792586386203766
0.2582557499408722 0.2815418243408203
0.25819700956344604 0.2820516526699066
0.25827690958976746 0.2786480486392975
0.2578287422657013 0.2907263934612274
0.25805774331092834 0.28089287877082825
0.2580547034740448 0.28625231981277466
0.25773754715919495 0.28043389320373535
0.2579026222229004 0.2881314754486084
0.25797590613365173 0.2837870717048645
0.2574557662010193 0.2857440710067749
0.2578071057796478 0.2808202803134918
0.25780189037323 0.280546635389328
0.2577817440032959 0.28849396109580994
0.257883757352829 0.28387293219566345
0.25726816058158875 0.2796369791030884
0.2576267123222351 0.27765050530433655
0.2578689157962799 0.2839309275150299
0.25748690962791443 0.2776775360107422
0.25772222876548767 0.2852431535720825
0.25739985704421997 0.2783268094062805
0.2576075792312622 0.27935656905174255
0.2579953372478485 0.27737292647361755
0.2576390206813812 0.28067928552627563
0.25742584466934204 0.2778262495994568
0.2577751874923706 0.2790730595588684
0.25757554173469543 0.2816556692123413
0.25757572054862976 0.2836759090423584
0.2577647864818573 0.28321993350982666
0.2576886713504791 0.2872849106788635
