1.5139967203140259 1.503843903541565
1.4823285341262817 1.5161330699920654
1.449453592300415 1.412546157836914
1.36819589138031 1.4077205657958984
1.3147361278533936 1.2917088270187378
1.219944715499878 1.1803524494171143
1.1100698709487915 1.0351927280426025
1.0012898445129395 0.9793606400489807
0.9098906517028809 0.8624225854873657
0.8521313667297363 0.8467974066734314
0.8090744614601135 1.0202391147613525
0.7668914198875427 0.7288667559623718
0.742759108543396 0.7670930624008179
0.7256125211715698 0.9025470614433289
0.7092791199684143 0.7681918740272522
0.6974109411239624 0.6652054190635681
0.6907100677490234 0.6654418110847473
0.6828877925872803 0.6846926212310791
0.6758139133453369 0.6405113339424133
0.6693363785743713 0.6695430278778076
0.6602151393890381 0.6308872103691101
0.6530031561851501 0.7172161936759949
0.6414909362792969 0.6672178506851196
0.6276007294654846 0.6110503077507019
0.6173949837684631 0.5801565051078796
0.5971865057945251 0.583788275718689
0.5853668451309204 0.5628300309181213
0.5719769597053528 0.6061882376670837
0.5592747330665588 0.5622559785842896
0.5430600047111511 0.5279409885406494
0.5333274602890015 0.5441405177116394
0.5244001150131226 0.5052797198295593
0.5131116509437561 0.48151764273643494
0.5074599385261536 0.47704416513442993
0.49617433547973633 0.47661685943603516
0.48908936977386475 0.4736669063568115
0.47879183292388916 0.4706505835056305
0.4700694680213928 0.4765855371952057
0.46740925312042236 0.46876561641693115
0.4615039825439453 0.44796016812324524
0.45333775877952576 0.4511217176914215
0.4510733187198639 0.46105995774269104
0.4486747682094574 0.4314182996749878
0.4428623616695404 0.4394087493419647
0.4388572871685028 0.4566100537776947
0.43309658765792847 0.45060107111930847
0.4297008216381073 0.4536566436290741
0.4276304841041565 0.4256598949432373
0.4255598187446594 0.43486982583999634
0.4241162836551666 0.43640804290771484
0.42013460397720337 0.45857906341552734
0.41789692640304565 0.4442996680736542
0.4146896302700043 0.4150775969028473
0.41424688696861267 0.4003293812274933
0.4100804626941681 0.4116345942020416
0.4093475937843323 0.41058745980262756
0.4085727334022522 0.4261775314807892
0.40626421570777893 0.4043920338153839
0.4048338532447815 0.39651477336883545
0.404274046421051 0.3937094211578369
0.4038960933685303 0.407095342874527
0.39922693371772766 0.39444777369499207
0.39913007616996765 0.3872378170490265
0.39718979597091675 0.43132880330085754
0.39729923009872437 0.3924272060394287
0.3975619375705719 0.39400428533554077
0.3953656554222107 0.39538565278053284
0.3950185477733612 0.40089061856269836
0.39398762583732605 0.4204050302505493
0.39368051290512085 0.39078575372695923
0.393037348985672 0.40390193462371826
0.3926037847995758 0.38464149832725525
0.39294081926345825 0.3974452018737793
0.3916271924972534 0.40294018387794495
0.3897140920162201 0.39253222942352295
0.3900032341480255 0.40367066860198975
0.38803714513778687 0.39522382616996765
0.3880835175514221 0.38644060492515564
0.3877677023410797 0.3940838873386383
0.38835057616233826 0.39794906973838806
0.3870593011379242 0.3871616721153259
0.38740020990371704 0.38650211691856384
0.38712960481643677 0.38777124881744385
0.3863001763820648 0.3780527710914612
0.38629066944122314 0.4054749011993408
0.38371169567108154 0.3835184574127197
0.3840225636959076 0.38979092240333557
0.3828205168247223 0.40535253286361694
0.38226696848869324 0.4111550450325012
0.3831905722618103 0.3777175545692444
0.38319042325019836 0.39727023243904114
0.3819391429424286 0.401024729013443
0.3816688060760498 0.38588476181030273
0.37980011105537415 0.3860858976840973
0.3818347454071045 0.38179758191108704
0.38010266423225403 0.443829208612442
0.3796127736568451 0.41566476225852966
0.3790382742881775 0.37162771821022034
0.37841832637786865 0.38680127263069153
0.3805044889450073 0.3765462338924408
0.37853091955184937 0.38375699520111084
0.3781471252441406 0.3807826042175293
0.3775477707386017 0.3754040598869324
0.377254843711853 0.38869747519493103
0.3779047429561615 0.38281309604644775
0.37733396887779236 0.38664156198501587
0.37750521302223206 0.3948887288570404
0.3772575557231903 0.3770171105861664
0.3764418959617615 0.3809182345867157
0.37660205364227295 0.3838648200035095
0.375956654548645 0.3789292871952057
0.3760935068130493 0.40935418009757996
0.3757001459598541 0.39294618368148804
0.3755670189857483 0.3897639513015747
0.376250296831131 0.3813980519771576
0.37462541460990906 0.3879460096359253
0.37371397018432617 0.36906540393829346
0.37259799242019653 0.37923458218574524
0.3753012716770172 0.37205538153648376
0.37344059348106384 0.3925323188304901
0.3728591799736023 0.4092746376991272
0.3738478720188141 0.36845433712005615
0.3734907805919647 0.37680894136428833
0.37231677770614624 0.37236273288726807
0.3729846775531769 0.3789917826652527
0.37265169620513916 0.40689411759376526
0.37358927726745605 0.38306549191474915
0.3728185296058655 0.37105900049209595
0.37242889404296875 0.39911410212516785
0.3711738884449005 0.39338940382003784
0.371574342250824 0.37649819254875183
0.37094029784202576 0.3818664848804474
0.3726933002471924 0.3739447295665741
0.37040358781814575 0.36585918068885803
0.37054184079170227 0.3663773536682129
0.3700225353240967 0.3666723966598511
0.3713538348674774 0.3690081238746643
0.3705355226993561 0.3825288414955139
0.3708626329898834 0.3801150918006897
0.36978334188461304 0.37140509486198425
0.37076693773269653 0.37518495321273804
0.36976534128189087 0.37935498356819153
0.36901575326919556 0.4073116183280945
0.3703480660915375 0.37127354741096497
0.3707939386367798 0.37656667828559875
0.3698045313358307 0.3667134642601013
0.36778298020362854 0.3673689365386963
0.3695872128009796 0.36834707856178284
0.3686680495738983 0.36985960602760315
0.3689199984073639 0.36710140109062195
0.36806273460388184 0.3760276138782501
0.3697807788848877 0.3748342990875244
0.3681729733943939 0.36578989028930664
0.36704128980636597 0.4592702090740204
0.36843442916870117 0.3910370171070099
0.36809051036834717 0.3667329251766205
0.367008239030838 0.40423429012298584
0.36715933680534363 0.38641098141670227
0.3670719265937805 0.4066213369369507
0.36803242564201355 0.3743801712989807
0.36674758791923523 0.3888418972492218
0.3671516478061676 0.37448835372924805
0.36762723326683044 0.3768654763698578
0.36604663729667664 0.48556363582611084
0.36656123399734497 0.39089757204055786
0.36725154519081116 0.36288517713546753
0.36595767736434937 0.3748401403427124
0.3662780523300171 0.36822250485420227
0.3661540448665619 0.37314170598983765
0.3670617341995239 0.3691723048686981
0.36588045954704285 0.39496734738349915
0.36498749256134033 0.3724501132965088
0.3660086393356323 0.375418096780777
0.3662864565849304 0.381062388420105
0.3658187985420227 0.3651803433895111
0.36581534147262573 0.38164517283439636
0.3647001385688782 0.3608436584472656
0.36598995327949524 0.3728637993335724
0.36425650119781494 0.41792044043540955
0.36490345001220703 0.36477622389793396
0.3649091422557831 0.37635093927383423
0.36452698707580566 0.3798384964466095
0.3645336627960205 0.37335526943206787
0.36493414640426636 0.37040412425994873
0.36401960253715515 0.36330294609069824
0.3651503920555115 0.3702561557292938
0.36395904421806335 0.3619577884674072
0.36292764544487 0.3630124628543854
0.3644171357154846 0.36841708421707153
0.36369195580482483 0.3994428515434265
0.36506807804107666 0.3915518820285797
0.3650565445423126 0.3706708252429962
0.3642646372318268 0.4016355574131012
0.36429789662361145 0.3672981560230255
0.3642047643661499 0.3612418472766876
0.3643016219139099 0.3618423640727997
0.3636960983276367 0.374213308095932
0.362792432308197 0.3939550817012787
0.36309704184532166 0.3655581474304199
0.3633772134780884 0.39254990220069885
0.3642028570175171 0.3718336820602417
0.36323708295822144 0.366289883852005
0.36357319355010986 0.37182581424713135
0.36333489418029785 0.36677441000938416
0.36291420459747314 0.3652367889881134
0.3632190525531769 0.3698808550834656
0.3633892834186554 0.36894693970680237
0.36269450187683105 0.36571556329727173
0.3636484444141388 0.3839719891548157
0.36274605989456177 0.37307775020599365
0.36183738708496094 0.3750704824924469
0.36187541484832764 0.3804764151573181
0.36192479729652405 0.3852002024650574
0.36269357800483704 0.3595896363258362
0.3626081645488739 0.39393851161003113
0.36319848895072937 0.37770211696624756
0.3608458638191223 0.36636894941329956
0.36285400390625 0.3781682550907135
0.36286744475364685 0.36436164379119873
0.3626033365726471 0.3588356375694275
0.3611053228378296 0.38153350353240967
0.3611140251159668 0.37058162689208984
0.3628586530685425 0.3778696656227112
0.3616601824760437 0.36276787519454956
0.362714022397995 0.37521782517433167
0.36137673258781433 0.3696136474609375
0.36080819368362427 0.36785054206848145
0.36148199439048767 0.38011541962623596
0.3614985942840576 0.380834698677063
0.3605864346027374 0.3721582591533661
0.362169474363327 0.36571070551872253
0.3612677752971649 0.3629807233810425
0.3602406680583954 0.364690363407135
0.36090803146362305 0.40351760387420654
0.36133402585983276 0.41344746947288513
0.3617696166038513 0.3905814588069916
0.35945144295692444 0.3842928409576416
0.3598855435848236 0.3736305832862854
0.36081311106681824 0.35703378915786743
0.3601827621459961 0.36600810289382935
0.3601781725883484 0.35745492577552795
0.35953575372695923 0.36705705523490906
0.36113429069519043 0.3720787465572357
0.3606545627117157 0.3794991672039032
0.36005979776382446 0.36262789368629456
0.3604816496372223 0.35980936884880066
0.35930535197257996 0.3645155727863312
0.35965344309806824 0.3594905734062195
0.3621872365474701 0.4113740921020508
0.35901138186454773 0.3624500036239624
0.36118805408477783 0.3705117702484131
0.35876694321632385 0.35815149545669556
0.3599669933319092 0.36176255345344543
0.35895809531211853 0.3617080748081207
0.3591264486312866 0.3638770580291748
0.36031123995780945 0.37697747349739075
0.3633151352405548 0.38178637623786926
0.35836270451545715 0.36889103055000305
0.35940301418304443 0.36662596464157104
0.35969963669776917 0.37551066279411316
0.35991618037223816 0.3865414559841156
0.3602026402950287 0.36941617727279663
0.3596537709236145 0.3630587160587311
0.3590267300605774 0.3608452379703522
0.35852479934692383 0.44021809101104736
0.3591157793998718 0.37343311309814453
0.35801684856414795 0.38311058282852173
0.3586142659187317 0.3840111494064331
0.35861533880233765 0.3652513027191162
0.35787004232406616 0.36211079359054565
0.3594730496406555 0.3851875364780426
0.35870203375816345 0.37109842896461487
0.35923370718955994 0.37120625376701355
0.35903650522232056 0.3771439492702484
0.35796263813972473 0.37278541922569275
0.35798320174217224 0.35859787464141846
0.3577432632446289 0.3640599846839905
0.35882964730262756 0.3612561821937561
0.35838133096694946 0.3594317138195038
0.3590487539768219 0.3852889835834503
0.3584866225719452 0.36539700627326965
0.35791411995887756 0.3619843125343323
0.359273225069046 0.3772178888320923
0.35798683762550354 0.3757961690425873
0.3573437035083771 0.37756240367889404
0.35864338278770447 0.3696807324886322
0.35795649886131287 0.3603382408618927
0.35794925689697266 0.3675648272037506
0.3587489128112793 0.3602820634841919
0.35827791690826416 0.36853423714637756
0.356886088848114 0.37408435344696045
0.3572354316711426 0.3695700764656067
0.3573363423347473 0.3638685941696167
0.3579908013343811 0.3747418522834778
0.3577601909637451 0.3633453845977783
0.35947567224502563 0.3645656704902649
0.3569968640804291 0.3601767420768738
0.35698243975639343 0.3721553087234497
0.35716354846954346 0.3834713399410248
0.35745877027511597 0.37579870223999023
0.35704997181892395 0.3681022524833679
0.3567947447299957 0.3862326741218567
0.3574720323085785 0.359233558177948
0.3564969599246979 0.36411795020103455
0.356444388628006 0.36946165561676025
0.35937708616256714 0.3657928705215454
0.35725709795951843 0.3596007823944092
0.35669398307800293 0.3554571568965912
0.35682082176208496 0.3645637333393097
0.35677269101142883 0.3628312945365906
0.3552870452404022 0.3736434578895569
0.3562459945678711 0.3591761291027069
0.3558711111545563 0.3582318425178528
0.35581907629966736 0.3621070384979248
0.35637372732162476 0.38481009006500244
0.3559461236000061 0.37671959400177
0.3562956154346466 0.3643798232078552
0.3557661175727844 0.3559933304786682
0.3561418950557709 0.36031755805015564
0.35717543959617615 0.37269359827041626
0.35551053285598755 0.4151906669139862
0.3564407527446747 0.4263271689414978
0.3557131886482239 0.3795192539691925
0.35595616698265076 0.3629561960697174
0.3562488555908203 0.35825642943382263
0.3558266758918762 0.37452325224876404
0.35523930191993713 0.36426666378974915
0.3554060757160187 0.3756600320339203
0.3562970459461212 0.3651852309703827
0.3553647994995117 0.3641798794269562
0.3560056984424591 0.3653950095176697
0.35513874888420105 0.35934245586395264
0.35553663969039917 0.361465185880661
0.35450536012649536 0.3621912896633148
0.3555276095867157 0.36705565452575684
0.35538023710250854 0.36848369240760803
0.3554457128047943 0.3990139961242676
0.3550873100757599 0.36125460267066956
0.3550889492034912 0.3734106123447418
0.3544660210609436 0.36927276849746704
0.35589537024497986 0.3578995168209076
0.3554839491844177 0.3731781542301178
0.3555355668067932 0.38420093059539795
0.3540675938129425 0.3755152225494385
0.3547542989253998 0.3702983856201172
0.3541792333126068 0.35903170704841614
0.3560313284397125 0.36184173822402954
0.3549151122570038 0.3882640302181244
0.35427916049957275 0.3573722243309021
0.3533393442630768 0.3725517690181732
0.35416117310523987 0.35543715953826904
0.35428792238235474 0.35865798592567444
0.3546154797077179 0.39033961296081543
0.35463568568229675 0.3649548888206482
0.35458463430404663 0.3609028160572052
0.3541378676891327 0.361630916595459
0.3541002869606018 0.36541810631752014
0.3540709316730499 0.3657677471637726
0.35504835844039917 0.35414379835128784
0.35354283452033997 0.37385255098342896
0.3542438745498657 0.3550223410129547
0.3538312613964081 0.3602905571460724
0.353861540555954 0.3594343662261963
0.3539867699146271 0.3648480176925659
0.3530004620552063 0.35361480712890625
0.35406842827796936 0.3762112855911255
0.3543379008769989 0.3704146444797516
0.35326218605041504 0.36369794607162476
0.3551250398159027 0.366090327501297
0.354251891374588 0.3724912703037262
0.3533070683479309 0.36055925488471985
0.3539506196975708 0.363559365272522
0.3534773588180542 0.36044231057167053
0.35441073775291443 0.3629416227340698
0.352133184671402 0.38636600971221924
0.35277679562568665 0.38424572348594666
0.35417476296424866 0.36720705032348633
0.3532958924770355 0.36067768931388855
0.35244572162628174 0.3773197829723358
0.3533138930797577 0.3621904253959656
0.354140967130661 0.36749985814094543
0.3535895347595215 0.3562218248844147
0.3537076711654663 0.3721163272857666
0.3537439703941345 0.4018399715423584
0.3526943325996399 0.36489441990852356
0.3522951900959015 0.3565462827682495
0.3530728816986084 0.3813346028327942
0.3535582423210144 0.35633984208106995
0.35379552841186523 0.36541715264320374
0.35317838191986084 0.3576613962650299
0.35230642557144165 0.3728632628917694
0.3533986806869507 0.3587663173675537
0.35199975967407227 0.364673912525177
0.3515729308128357 0.3655405342578888
0.3526664972305298 0.36259132623672485
0.3531304895877838 0.38226619362831116
0.35166892409324646 0.3981011211872101
0.35319119691848755 0.39842453598976135
0.35311004519462585 0.35813871026039124
0.35161638259887695 0.37679919600486755
0.3523921072483063 0.3692847192287445
0.35170891880989075 0.35796767473220825
0.35244879126548767 0.3988129794597626
0.35294750332832336 0.3820711076259613
0.351891428232193 0.38532090187072754
0.3513784408569336 0.3713008761405945
0.35121408104896545 0.3592444956302643
0.35146215558052063 0.393059104681015
0.35129302740097046 0.35552456974983215
0.35184869170188904 0.35896867513656616
0.3519027829170227 0.35875070095062256
0.3519352376461029 0.3599047064781189
0.3520546853542328 0.3688133955001831
0.3519560396671295 0.3591787815093994
0.35159075260162354 0.3862609565258026
0.35126981139183044 0.3604668378829956
0.3515812158584595 0.3546775281429291
0.3510347306728363 0.3639087677001953
0.3523831069469452 0.3586323857307434
0.3517099618911743 0.35879409313201904
0.35159924626350403 0.35638290643692017
0.35046592354774475 0.3594910204410553
0.35112258791923523 0.38451069593429565
0.350818008184433 0.37052279710769653
0.35041025280952454 0.35709086060523987
0.35134607553482056 0.37193116545677185
0.35070061683654785 0.35850128531455994
0.3513498306274414 0.3619579076766968
0.35159364342689514 0.3712412416934967
0.3510383665561676 0.35770368576049805
0.35073375701904297 0.36504778265953064
0.35097602009773254 0.3712467849254608
0.350908100605011 0.3605464696884155
0.3514113426208496 0.36186403036117554
0.349915474653244 0.36146777868270874
0.35036200284957886 0.3617556095123291
0.35093045234680176 0.3665286600589752
0.3508561849594116 0.3605363368988037
0.34972989559173584 0.3528866469860077
0.3510968089103699 0.3606533706188202
0.3504263460636139 0.3593522608280182
0.3499758541584015 0.3652620315551758
0.3499116599559784 0.3674890995025635
0.35316598415374756 0.3952256739139557
0.35028037428855896 0.3560777008533478
0.3488589823246002 0.38590338826179504
0.3498404324054718 0.37862107157707214
0.3493281900882721 0.368760347366333
0.34968292713165283 0.3579503297805786
0.3505479395389557 0.35906392335891724
0.3501312732696533 0.36089691519737244
0.350028395652771 0.3544957637786865
0.3508382737636566 0.3620864152908325
0.34940189123153687 0.36139583587646484
0.34968554973602295 0.37503743171691895
0.35030579566955566 0.36328479647636414
0.34972184896469116 0.3614252507686615
0.34951046109199524 0.36838194727897644
0.3506520688533783 0.3678115904331207
0.3496374189853668 0.36719810962677
0.34957650303840637 0.3561685383319855
0.34878721833229065 0.3559688627719879
0.34880006313323975 0.3630423843860626
0.349139004945755 0.3799319863319397
0.34856635332107544 0.36207863688468933
0.3494340181350708 0.3565356433391571
0.3488493263721466 0.36818763613700867
0.348696231842041 0.3670392632484436
0.34984755516052246 0.35412731766700745
0.34831318259239197 0.3765631914138794
0.3494105041027069 0.3618215322494507
0.3480549156665802 0.35685423016548157
0.3490334153175354 0.3728826344013214
0.34930771589279175 0.3690878748893738
0.3478100299835205 0.35821205377578735
0.3485599458217621 0.36050882935523987
0.3485984802246094 0.37758779525756836
0.3476848900318146 0.36007484793663025
0.34802645444869995 0.36038678884506226
0.3485776484012604 0.3620465397834778
0.3487156331539154 0.37736064195632935
0.34838029742240906 0.35960230231285095
0.34794020652770996 0.36100220680236816
0.3474554419517517 0.36550164222717285
0.3530769348144531 0.359209805727005
0.3486381769180298 0.3547777533531189
0.3487156331539154 0.38299068808555603
0.3475356101989746 0.37355390191078186
0.3472420573234558 0.3578386604785919
0.34882986545562744 0.35275235772132874
0.3474406599998474 0.3532148599624634
0.3472713828086853 0.3735789954662323
0.34779560565948486 0.38191768527030945
0.352740079164505 0.370756059885025
0.3492885231971741 0.3674844801425934
0.3479275703430176 0.368980348110199
0.34762781858444214 0.39002275466918945
0.34708350896835327 0.36265721917152405
0.34794488549232483 0.36528629064559937
0.3477656841278076 0.35920408368110657
