3.0675885677337646 1.5418916940689087
1.5103875398635864 1.5150219202041626
1.4917593002319336 1.547685980796814
1.4827419519424438 1.5129895210266113
1.478078007698059 1.5051120519638062
1.476948618888855 1.5130678415298462
1.4758350849151611 1.5173673629760742
1.4753029346466064 1.5126831531524658
1.4761961698532104 1.4994217157363892
1.4752590656280518 1.5066670179367065
1.4747275114059448 1.519230604171753
1.474807858467102 1.5030359029769897
1.4746257066726685 1.512413740158081
1.4747004508972168 1.5146335363388062
1.4743174314498901 1.5058468580245972
1.4742976427078247 1.5026518106460571
1.4744333028793335 1.4984511137008667
1.474160075187683 1.5064282417297363
1.4743086099624634 1.5116161108016968
1.4743728637695312 1.5063159465789795
1.4740206003189087 1.499443531036377
1.4740395545959473 1.5012763738632202
1.4739220142364502 1.5005924701690674
1.4740571975708008 1.5001603364944458
1.4740501642227173 1.5035659074783325
1.47394859790802 1.5114322900772095
1.4737473726272583 1.5054508447647095
1.4737474918365479 1.5125869512557983
1.47367525100708 1.5081772804260254
1.2707533836364746 0.8371369242668152
0.7833502888679504 0.9563305974006653
0.6653986573219299 0.6325038075447083
0.5987194776535034 0.5914486646652222
0.5597392320632935 0.5464333891868591
0.5206078886985779 0.484099805355072
0.6430163979530334 0.652958333492279
0.48680225014686584 0.4808935523033142
0.47125062346458435 0.4597955644130707
0.46603912115097046 0.8831487894058228
0.48004913330078125 0.44188860058784485
0.45578160881996155 0.4326864182949066
0.4565025866031647 0.545830249786377
0.45243361592292786 0.44955724477767944
0.44507724046707153 0.4503774642944336
0.4426923096179962 0.4175929129123688
0.4385788142681122 0.4631219208240509
0.4375718832015991 0.411903977394104
0.4400694966316223 0.40829041600227356
0.4337138533592224 0.4246564507484436
0.43685096502304077 0.42902871966362
0.43036118149757385 0.4722852408885956
0.42657968401908875 0.42447900772094727
0.42297470569610596 0.4166243076324463
0.47956347465515137 0.43792101740837097
0.42235249280929565 0.43861621618270874
0.4230281412601471 0.4098743498325348
0.4198242127895355 0.40449199080467224
0.417113333940506 0.5069962739944458
0.4167485237121582 0.3979779779911041
0.41832560300827026 0.44508469104766846
0.4133632481098175 0.43248435854911804
0.40926703810691833 0.39726465940475464
0.4083583354949951 0.42512738704681396
0.4081904888153076 0.39710235595703125
0.43836987018585205 0.3859447240829468
0.41525450348854065 0.4324093461036682
0.4058026969432831 0.4571682810783386
0.407086580991745 0.42593514919281006
0.40441787242889404 0.4168858826160431
0.4023362696170807 0.44660577178001404
0.40075451135635376 0.3921097218990326
0.4009203016757965 0.38855594396591187
0.39693817496299744 0.4068424701690674
0.39711326360702515 0.39015766978263855
0.39702698588371277 0.3780864477157593
0.3947131335735321 0.3857797682285309
0.39481502771377563 0.4277532994747162
0.3963758051395416 0.42162880301475525
0.3965473473072052 0.405983030796051
0.39310482144355774 0.3943796157836914
0.3938363492488861 0.37981584668159485
0.3896815776824951 0.40118950605392456
0.39057180285453796 0.3864544630050659
0.38990887999534607 0.3833911418914795
0.38797110319137573 0.37660515308380127
0.3909330666065216 0.3850800395011902
0.3873389959335327 0.38968992233276367
0.39011210203170776 0.40355703234672546
0.3879721462726593 0.3680271506309509
0.38499772548675537 0.399472177028656
0.3880840539932251 0.3741427958011627
0.3831225633621216 0.36419478058815
0.38321226835250854 0.3752695620059967
0.38188257813453674 0.3838057816028595
0.4261730909347534 0.48439279198646545
0.38128623366355896 0.3745116889476776
0.3823925256729126 0.3929627537727356
0.379464328289032 0.3900536596775055
0.38191676139831543 0.3680039048194885
0.3842007517814636 0.3714606761932373
0.3810771405696869 0.36542314291000366
0.3767508864402771 0.3710290789604187
0.3788737952709198 0.35646069049835205
0.38324594497680664 0.3863476514816284
0.3758537471294403 0.3626084625720978
0.37876367568969727 0.36026740074157715
0.37540680170059204 0.37387174367904663
0.37404802441596985 0.37226372957229614
0.375349223613739 0.38628658652305603
0.376167356967926 0.38907161355018616
0.37389203906059265 0.39498427510261536
0.3733466565608978 0.3927268087863922
0.3720714747905731 0.3741557002067566
0.3772454559803009 0.4333544969558716
0.3747064173221588 0.3826942443847656
0.37502095103263855 0.37920987606048584
0.3733918070793152 0.3675575852394104
0.3726039230823517 0.4311845004558563
0.36963146924972534 0.3687209486961365
0.3701702356338501 0.37915486097335815
0.37148451805114746 0.3579868972301483
0.36750516295433044 0.3594587445259094
0.368969202041626 0.36069896817207336
0.3715149760246277 0.37008851766586304
0.36722007393836975 0.3635040819644928
0.3706344962120056 0.39539751410484314
0.3698888123035431 0.36937272548675537
0.3700104355812073 0.4041267931461334
0.3675927221775055 0.4168277978897095
0.36985495686531067 0.3607243299484253
0.36656269431114197 0.37329918146133423
0.3676207363605499 0.36994272470474243
0.3660798966884613 0.3658040463924408
0.3664877116680145 0.3522634506225586
0.36782681941986084 0.35924243927001953
0.36739611625671387 0.3740130364894867
0.3654552102088928 0.3696210980415344
0.3700317144393921 0.36299917101860046
0.36421141028404236 0.3557402491569519
0.3641262948513031 0.3499486744403839
0.3662852346897125 0.36038342118263245
0.364800363779068 0.36179375648498535
0.3629642724990845 0.36593204736709595
0.36308401823043823 0.3786970376968384
0.36389222741127014 0.35574543476104736
0.36734798550605774 0.39204350113868713
0.36508381366729736 0.40895336866378784
0.3622930645942688 0.4456632435321808
0.36206457018852234 0.349710613489151
0.3618185222148895 0.35199061036109924
0.3614121377468109 0.3516649305820465
0.3625640869140625 0.34988415241241455
0.36174583435058594 0.3721921443939209
0.36486124992370605 0.3771047294139862
0.363566517829895 0.35333189368247986
0.36118388175964355 0.37306883931159973
0.36061030626296997 0.4357544183731079
0.36280882358551025 0.35879093408584595
0.35924142599105835 0.3894505202770233
0.3596403896808624 0.3455398976802826
0.3602447807788849 0.3513975441455841
0.3591771423816681 0.36965855956077576
0.3580937087535858 0.42203187942504883
0.3582836985588074 0.35188403725624084
0.3598092794418335 0.347321480512619
0.35840874910354614 0.3500186800956726
0.3575804829597473 0.35414886474609375
0.3591957092285156 0.3651876449584961
0.3566526174545288 0.35904017090797424
0.3566257953643799 0.34665507078170776
0.35596737265586853 0.3663335144519806
0.35659676790237427 0.3703809678554535
0.3571886718273163 0.34932199120521545
0.35928624868392944 0.35169705748558044
0.35725635290145874 0.3459986746311188
0.35744625329971313 0.37806227803230286
0.358364462852478 0.355975866317749
0.35794100165367126 0.3784160614013672
0.3563867211341858 0.35512444376945496
0.35478848218917847 0.3641679584980011
0.35666435956954956 0.38284915685653687
0.35722407698631287 0.3514789342880249
0.35649457573890686 0.5398316979408264
0.3584035336971283 0.36143964529037476
0.35556715726852417 0.35685014724731445
0.35514575242996216 0.3686408996582031
0.3535456657409668 0.3547738194465637
0.3551561236381531 0.3633335828781128
0.3545818030834198 0.3436141014099121
0.3529599606990814 0.3920947015285492
0.35436296463012695 0.36232122778892517
0.3541591763496399 0.3660736382007599
0.3523697555065155 0.35356956720352173
0.3529433608055115 0.4332982301712036
0.3535119593143463 0.35780858993530273
0.3527887463569641 0.36226028203964233
0.35400059819221497 0.36045822501182556
0.3533598482608795 0.38280418515205383
0.3548601567745209 0.3502567708492279
0.35306888818740845 0.39987611770629883
0.3530033826828003 0.37804165482521057
0.35259389877319336 0.3540526330471039
0.35100841522216797 0.35217663645744324
0.35180819034576416 0.34923937916755676
0.35279154777526855 0.3759152889251709
0.3513859212398529 0.3538455367088318
0.3518667221069336 0.3473571538925171
0.35105910897254944 0.34385573863983154
0.35185202956199646 0.37040165066719055
0.3514799475669861 0.3438575863838196
0.3527947962284088 0.37852978706359863
0.35314086079597473 0.3413313031196594
0.3507986068725586 0.3515220880508423
0.3519833981990814 0.34788018465042114
0.3496342897415161 0.37050965428352356
0.35166260600090027 0.3623305559158325
0.35083675384521484 0.3530724346637726
0.3519251048564911 0.36142459511756897
0.3493627905845642 0.3671143651008606
0.35111841559410095 0.44707241654396057
0.3510265350341797 0.4034220576286316
0.3491295576095581 0.3568980395793915
0.34828123450279236 0.3749852180480957
0.35044142603874207 0.34835121035575867
0.34874433279037476 0.3405773639678955
0.3496696949005127 0.3459577262401581
0.34954896569252014 0.3551445007324219
0.34984663128852844 0.3620520830154419
0.3470284640789032 0.34823063015937805
0.3505832850933075 0.3428304195404053
0.35043859481811523 0.35578492283821106
0.3478355407714844 0.3449183702468872
0.3478233516216278 0.342133492231369
0.3493008613586426 0.3561363220214844
0.3492811620235443 0.34979039430618286
0.3494202494621277 0.35498037934303284
0.3559072017669678 0.3682692348957062
0.3482135534286499 0.44745683670043945
0.3482179641723633 0.353933185338974
0.34955841302871704 0.35132214426994324
0.35040512681007385 0.3699350953102112
0.348188191652298 0.36849817633628845
0.34752318263053894 0.36750900745391846
0.34858381748199463 0.3495112359523773
0.3475759029388428 0.348813533782959
0.3480321168899536 0.3501153886318207
0.3464231789112091 0.38278499245643616
0.34947505593299866 0.34317249059677124
0.349141389131546 0.34955301880836487
0.34706470370292664 0.34741511940956116
0.34835073351860046 0.3591976761817932
0.34770944714546204 0.3576578199863434
0.3486969769001007 0.3696151375770569
0.3490832448005676 0.36287757754325867
0.3474491238594055 0.36359068751335144
0.34700652956962585 0.4102475345134735
0.3459564745426178 0.3513144254684448
0.3486083447933197 0.41783618927001953
0.34599170088768005 0.34182652831077576
0.34715747833251953 0.3473609983921051
0.3465173542499542 0.37660008668899536
0.3454124629497528 0.3444700837135315
0.3463214039802551 0.36371830105781555
0.3444403409957886 0.34531068801879883
0.3456634283065796 0.34973177313804626
0.34592702984809875 0.34696781635284424
0.3447125554084778 0.3501257300376892
0.34517908096313477 0.376074880361557
0.3450625538825989 0.34152230620384216
0.34498336911201477 0.34555521607398987
0.3460465669631958 0.37749505043029785
0.3459925949573517 0.3506908714771271
0.3456112742424011 0.3373047709465027
0.34576109051704407 0.3468901216983795
0.34600791335105896 0.3416669964790344
0.34384647011756897 0.3445001542568207
0.3442121744155884 0.34935396909713745
0.3450898826122284 0.35767075419425964
0.34516623616218567 0.3767979145050049
0.34426480531692505 0.3576470911502838
0.3438180685043335 0.3466833233833313
0.34496578574180603 0.3931702673435211
0.3441060483455658 0.3452330231666565
0.34556299448013306 0.3702901005744934
0.3447763919830322 0.3469284772872925
0.344607949256897 0.35094326734542847
0.3441600501537323 0.3481108844280243
0.34453099966049194 0.34499481320381165
0.34583860635757446 0.35351768136024475
0.3428300619125366 0.35709887742996216
0.3436019718647003 0.33885735273361206
0.3432876765727997 0.3546290099620819
0.3442583680152893 0.34871184825897217
0.34310540556907654 0.34912699460983276
0.34527963399887085 0.3371863067150116
0.34239891171455383 0.3466162383556366
0.34839850664138794 0.3403854966163635
0.3476998805999756 0.345176637172699
0.3447427451610565 0.3451939523220062
0.3456357419490814 0.345542311668396
0.3439698815345764 0.3471890389919281
0.3433525264263153 0.3467414975166321
0.34307822585105896 0.3512139618396759
0.34241145849227905 0.34381425380706787
0.342326283454895 0.33513376116752625
0.3432095944881439 0.35094398260116577
0.34407517313957214 0.34702998399734497
0.3434390425682068 0.33653387427330017
0.34236282110214233 0.355133056640625
0.3424569070339203 0.3314867317676544
0.3422946631908417 0.35020193457603455
0.3428105115890503 0.3452361822128296
0.3427777886390686 0.34041377902030945
0.34194210171699524 0.3514553904533386
0.34184786677360535 0.3895646929740906
0.342515230178833 0.33758437633514404
0.34186995029449463 0.3483288586139679
0.3419869840145111 0.36435607075691223
0.3413698971271515 0.3448675274848938
0.34370702505111694 0.36864036321640015
0.3428727388381958 0.35904064774513245
0.34106776118278503 0.37514829635620117
0.3400093913078308 0.3395654559135437
0.3420644998550415 0.34922391176223755
0.3406570553779602 0.35373517870903015
0.3410375118255615 0.34510865807533264
0.341678261756897 0.38289329409599304
0.34147071838378906 0.34964630007743835
0.3402329087257385 0.3950464129447937
0.3410746455192566 0.3629610240459442
0.3407893180847168 0.35072803497314453
0.3403322994709015 0.341110497713089
0.34031054377555847 0.34585994482040405
0.33951231837272644 0.3493604063987732
0.3400272727012634 0.3516448140144348
0.34174156188964844 0.3432905972003937
0.3401426374912262 0.3535553514957428
0.3412160277366638 0.3479408025741577
0.34060317277908325 0.34111055731773376
0.3419511616230011 0.3404396176338196
0.3411608338356018 0.3613395392894745
0.3407488465309143 0.34270477294921875
0.3401089310646057 0.3653803765773773
0.33922842144966125 0.35459673404693604
0.3397877514362335 0.34821856021881104
0.34062817692756653 0.3390808403491974
0.3409542143344879 0.33625128865242004
0.33882027864456177 0.3489649295806885
0.3404460549354553 0.3407694101333618
0.33920818567276 0.3583572506904602
0.3397602140903473 0.3616083562374115
0.3398355543613434 0.3706092834472656
0.34050270915031433 0.3604033887386322
0.3392115533351898 0.36191368103027344
0.3397621214389801 0.3377879559993744
0.3406512439250946 0.36137881875038147
0.3397776484489441 0.3369584381580353
0.3394862115383148 0.33540716767311096
0.33839866518974304 0.33539921045303345
0.3383762538433075 0.36549273133277893
0.34027794003486633 0.36197370290756226
0.34034833312034607 0.33681049942970276
0.33846497535705566 0.3465452492237091
0.3392027020454407 0.35296669602394104
0.3389440178871155 0.3854983448982239
0.3395223617553711 0.34519216418266296
0.3395102024078369 0.3358493149280548
0.33807462453842163 0.37847378849983215
0.3391667604446411 0.358016699552536
0.33801206946372986 0.3528265655040741
0.33908897638320923 0.3421677052974701
0.33874282240867615 0.3538719415664673
0.3394644856452942 0.3429448902606964
0.3396581709384918 0.3534277379512787
0.337207168340683 0.36026284098625183
0.33897849917411804 0.3377962112426758
0.33942893147468567 0.3763341009616852
0.3396136462688446 0.33943071961402893
0.3389465808868408 0.34740346670150757
0.3387869894504547 0.35511523485183716
0.33801114559173584 0.352713942527771
0.3379203975200653 0.3353966474533081
0.33960506319999695 0.3477307856082916
0.3378902077674866 0.3553464710712433
0.33768582344055176 0.34279099106788635
0.33972251415252686 0.38905465602874756
0.3375466763973236 0.34120944142341614
0.33907729387283325 0.34494835138320923
0.3388107120990753 0.3462321162223816
0.3384227752685547 0.3617008924484253
0.3372723460197449 0.3335985541343689
0.33798933029174805 0.3403129577636719
0.33878982067108154 0.36846232414245605
0.3380489945411682 0.34740516543388367
0.3375164270401001 0.3602885603904724
0.3396674692630768 0.3412136435508728
0.33894598484039307 0.35602208971977234
0.33818140625953674 0.34958216547966003
0.3386041522026062 0.3392620384693146
0.33696532249450684 0.3432631194591522
0.33852189779281616 0.3335336446762085
0.3386130928993225 0.3637405335903168
0.3371160328388214 0.334293931722641
0.33711349964141846 0.3539097309112549
0.33823052048683167 0.3432296812534332
0.33813533186912537 0.35637494921684265
0.3351167142391205 0.33486512303352356
0.33742302656173706 0.3356112241744995
0.3376697897911072 0.3528115451335907
0.3367811143398285 0.34667035937309265
0.33631056547164917 0.34913966059684753
0.3359529376029968 0.35908615589141846
0.33765968680381775 0.33908551931381226
0.33711716532707214 0.34622642397880554
0.337436705827713 0.34777313470840454
0.3377712070941925 0.34900301694869995
0.3372683525085449 0.34003114700317383
0.33710211515426636 0.3582058548927307
0.3361928462982178 0.35803842544555664
0.3372809588909149 0.34299013018608093
0.3369014859199524 0.36493808031082153
0.33640754222869873 0.3644489049911499
0.3369443714618683 0.3645230531692505
0.3362656533718109 0.34529706835746765
0.3353837728500366 0.35913920402526855
0.33749133348464966 0.3382538855075836
0.3361862003803253 0.34265977144241333
0.3367590308189392 0.3450942635536194
0.3361581861972809 0.33599579334259033
0.33544719219207764 0.33812519907951355
0.33626410365104675 0.355197548866272
0.3360013961791992 0.33621034026145935
0.3361244201660156 0.33742064237594604
0.3357146084308624 0.3430921733379364
0.3363976776599884 0.35350316762924194
0.3358916640281677 0.3417263627052307
0.3346090614795685 0.33876368403434753
0.33612996339797974 0.36314523220062256
0.3358297646045685 0.33999982476234436
0.3358892798423767 0.34456145763397217
0.3355957567691803 0.36606520414352417
0.3363828659057617 0.364847332239151
0.3362088203430176 0.34970229864120483
0.3376522958278656 0.33710408210754395
0.33468395471572876 0.3544807434082031
0.3342721462249756 0.3518640398979187
0.3368643522262573 0.35100096464157104
0.3348201513290405 0.3423295319080353
0.33504971861839294 0.3392751216888428
0.3355010151863098 0.39086082577705383
0.3357046842575073 0.3439181447029114
0.33517834544181824 0.3366858661174774
0.3359251022338867 0.3448920249938965
0.3350975513458252 0.3401607573032379
0.334900826215744 0.4015398919582367
0.33530282974243164 0.34217119216918945
0.33484935760498047 0.33992454409599304
0.33535489439964294 0.3443354666233063
0.3347555994987488 0.3672783076763153
0.3363201320171356 0.33609357476234436
0.33398982882499695 0.341381698846817
0.33372944593429565 0.33456432819366455
0.33591514825820923 0.34421321749687195
0.3328634202480316 0.34397539496421814
0.33503395318984985 0.33967161178588867
0.33507677912712097 0.3584248125553131
0.3342808187007904 0.3534558415412903
0.3347868025302887 0.3546149730682373
0.33444300293922424 0.33991730213165283
0.33490487933158875 0.36426088213920593
0.3359045386314392 0.34328925609588623
0.3357892334461212 0.3441879153251648
0.334741473197937 0.33389151096343994
0.33492645621299744 0.3493933081626892
0.33602988719940186 0.3417865037918091
0.3331197500228882 0.33516189455986023
0.33491185307502747 0.3574585020542145
0.33389517664909363 0.3456231951713562
0.3341296911239624 0.3351851999759674
0.33441027998924255 0.35956859588623047
0.33390989899635315 0.3381178081035614
0.3334025740623474 0.3416160047054291
0.3333125412464142 0.3498336970806122
0.33484140038490295 0.3427872657775879
0.333965927362442 0.357983261346817
0.33421581983566284 0.3476439118385315
0.3353101313114166 0.3391665518283844
0.3332903981208801 0.3374788761138916
0.33355996012687683 0.3387290835380554
0.3350100517272949 0.34978732466697693
0.3336056172847748 0.34882450103759766
0.33412861824035645 0.34611383080482483
0.33467936515808105 0.342327743768692
0.3321082890033722 0.3396405875682831
0.33335769176483154 0.33542951941490173
0.3325273096561432 0.3419489860534668
0.33285537362098694 0.3352889120578766
0.3351207375526428 0.33475983142852783
0.3333559036254883 0.3349689841270447
0.3339272737503052 0.3364737033843994
