1.4876059293746948 1.6304072141647339
1.4761730432510376 1.631570816040039
1.4746061563491821 1.6309754848480225
1.4752277135849 1.6329830884933472
1.4696450233459473 1.637589931488037
1.4607415199279785 1.4973338842391968
0.6079902648925781 0.433917373418808
0.38524186611175537 0.4053032398223877
0.36577385663986206 0.3596358001232147
0.34672805666923523 0.4117979109287262
0.32960548996925354 0.31541913747787476
0.31750309467315674 0.3435084819793701
0.30669429898262024 0.30578064918518066
0.2970921993255615 0.320672869682312
0.29456594586372375 0.3416193425655365
0.2874353528022766 0.29158368706703186
0.28452107310295105 0.371450811624527
0.2819787263870239 0.2776656746864319
0.27803969383239746 0.28957268595695496
0.27463477849960327 0.29145103693008423
0.274227112531662 0.28434619307518005
0.2689516544342041 0.29505327343940735
0.2669354975223541 0.30311909317970276
0.26482686400413513 0.32686594128608704
0.2630561590194702 0.27038082480430603
0.2620891332626343 0.28814300894737244
0.2614678740501404 0.27010881900787354
0.2575366795063019 0.25967562198638916
0.264375239610672 0.26521599292755127
0.26110827922821045 0.26355382800102234
0.25388526916503906 0.2609032690525055
0.25668254494667053 0.28338178992271423
0.25544166564941406 0.25931742787361145
0.2514604926109314 0.2629779577255249
0.2521214187145233 0.32230082154273987
0.25184476375579834 0.2686294913291931
0.2502370774745941 0.3413453996181488
0.24858754873275757 0.2576608657836914
0.2510882318019867 0.2507116496562958
0.24684451520442963 0.28382816910743713
0.24918541312217712 0.282856285572052
0.2469780296087265 0.27011409401893616
0.2466381937265396 0.2469068318605423
0.2444969117641449 0.2727375626564026
0.24237500131130219 0.2693542540073395
0.24262383580207825 0.2789633274078369
0.24219536781311035 0.26092663407325745
0.24324087798595428 0.26754477620124817
0.24068279564380646 0.2592542767524719
0.2410549819469452 0.25768980383872986
0.2404966801404953 0.2545069754123688
0.23931719362735748 0.2342928797006607
0.24144892394542694 0.2668534815311432
0.2397008240222931 0.2799787223339081
0.2392030954360962 0.24005840718746185
0.23921522498130798 0.26623955368995667
0.23842206597328186 0.2538614571094513
0.23686395585536957 0.2490691840648651
0.2364140897989273 0.2502609193325043
0.2355920523405075 0.2581535279750824
0.23757794499397278 0.2825411260128021
0.235822856426239 0.25198423862457275
0.23706012964248657 0.246144637465477
0.2340693324804306 0.25331878662109375
0.23508767783641815 0.24214637279510498
0.23439113795757294 0.24249257147312164
0.23270544409751892 0.24717342853546143
0.23255014419555664 0.2404283732175827
0.23196034133434296 0.2493593990802765
0.2316647619009018 0.2391601800918579
0.23206190764904022 0.26801198720932007
0.23158371448516846 0.23300287127494812
0.23078493773937225 0.26212167739868164
0.23065203428268433 0.253542959690094
0.22864945232868195 0.2513611614704132
0.23028506338596344 0.2524182200431824
0.22905176877975464 0.2706722319126129
0.23075327277183533 0.2498501092195511
0.2308817207813263 0.25272035598754883
0.22926096618175507 0.23820778727531433
0.22879323363304138 0.23308002948760986
0.2296258956193924 0.2449025809764862
0.22851338982582092 0.24181804060935974
0.22895529866218567 0.24739044904708862
0.22877921164035797 0.24276907742023468
0.22841936349868774 0.25447237491607666
0.22783729434013367 0.25841522216796875
0.22619573771953583 0.2325434386730194
0.22720523178577423 0.2617270350456238
0.22724732756614685 0.2474815547466278
0.226433664560318 0.24968372285366058
0.2256002575159073 0.23820137977600098
0.22632557153701782 0.2842771112918854
0.22610212862491608 0.2567533850669861
0.2264287918806076 0.2569097876548767
0.226235032081604 0.2428763061761856
0.22560153901576996 0.26165011525154114
0.22411639988422394 0.2330416887998581
0.22543790936470032 0.23314101994037628
0.2249184548854828 0.24992522597312927
0.22315405309200287 0.2890496551990509
0.22481699287891388 0.23958025872707367
0.22284984588623047 0.23442743718624115
0.22328978776931763 0.23647475242614746
0.225093275308609 0.23109231889247894
0.22345781326293945 0.22923514246940613
0.22273719310760498 0.23779959976673126
0.22334499657154083 0.22822535037994385
0.22333095967769623 0.3211941123008728
0.2230333685874939 0.23416218161582947
0.22124579548835754 0.22453917562961578
0.2224498838186264 0.2562466561794281
0.22230176627635956 0.22773587703704834
0.22186098992824554 0.2285364419221878
0.2213379442691803 0.2478252649307251
0.22122161090373993 0.2331404983997345
0.2204454243183136 0.2425738275051117
0.2221013456583023 0.2680838704109192
0.22190003097057343 0.25390684604644775
0.22056253254413605 0.23489998281002045
0.22277520596981049 0.2408813238143921
0.22058378159999847 0.2385978251695633
0.22143146395683289 0.25731807947158813
0.2202276587486267 0.26696112751960754
0.21910487115383148 0.23915155231952667
0.22025053203105927 0.23299071192741394
0.2205182909965515 0.22843867540359497
0.21926432847976685 0.2270587533712387
0.21984250843524933 0.25934022665023804
0.22020280361175537 0.23714710772037506
0.2171466201543808 0.2662898302078247
0.22053052484989166 0.2650633752346039
0.21945469081401825 0.25900086760520935
0.21827954053878784 0.242535799741745
0.21842597424983978 0.22118312120437622
0.2184266597032547 0.23766860365867615
0.21777649223804474 0.21882273256778717
0.21736539900302887 0.24176867306232452
0.21731026470661163 0.25571760535240173
0.2165420651435852 0.2221509963274002
0.2178121954202652 0.23580987751483917
0.2164580374956131 0.22230006754398346
0.2165917605161667 0.23465348780155182
0.21603955328464508 0.2264089584350586
0.21619944274425507 0.23322424292564392
0.21611128747463226 0.2326645851135254
0.2161668986082077 0.24411728978157043
0.21647882461547852 0.2486027479171753
0.21682319045066833 0.23908832669258118
0.21607346832752228 0.22147059440612793
0.21545441448688507 0.2322932928800583
0.21576552093029022 0.22735051810741425
0.214749276638031 0.23465868830680847
0.21468503773212433 0.2291654795408249
0.21534889936447144 0.2467251867055893
0.2155611515045166 0.2238651067018509
0.21556206047534943 0.23886528611183167
0.2143334001302719 0.2223786562681198
0.2149536907672882 0.23973965644836426
0.21436353027820587 0.247879296541214
0.2156887948513031 0.23849210143089294
0.21374763548374176 0.227916419506073
0.21488910913467407 0.23219868540763855
0.21466244757175446 0.2394188791513443
0.2142370492219925 0.2351890206336975
0.21449048817157745 0.2389683574438095
0.21499021351337433 0.22824272513389587
0.2148667573928833 0.21925124526023865
0.21365591883659363 0.2449067234992981
0.2138441503047943 0.23168417811393738
0.21342803537845612 0.24752947688102722
0.2147444784641266 0.23478645086288452
0.2132635861635208 0.24347147345542908
0.21225062012672424 0.22843074798583984
0.2128235250711441 0.22472365200519562
0.21454808115959167 0.22737500071525574
0.2134346216917038 0.2427404373884201
0.2122456133365631 0.23240366578102112
0.2115088552236557 0.23881660401821136
0.21199437975883484 0.22986437380313873
0.21320165693759918 0.21940545737743378
0.21127401292324066 0.2191983461380005
0.21206840872764587 0.23951415717601776
0.2104695737361908 0.2310129702091217
0.21172356605529785 0.21877352893352509
0.21153903007507324 0.23637986183166504
0.21186211705207825 0.22797079384326935
0.21074143052101135 0.2466578185558319
0.2112492471933365 0.22343245148658752
0.21090105175971985 0.23362737894058228
0.21076075732707977 0.2209184616804123
0.21114683151245117 0.2291344702243805
0.21150387823581696 0.22963197529315948
0.211589053273201 0.22801947593688965
0.21077829599380493 0.22865091264247894
0.21198973059654236 0.2188403606414795
0.21021872758865356 0.23009900748729706
0.21159008145332336 0.2211698740720749
0.21032646298408508 0.253121942281723
0.21000976860523224 0.24211949110031128
0.21064706146717072 0.24212592840194702
0.21065206825733185 0.25484761595726013
0.21094565093517303 0.23597100377082825
0.21062599122524261 0.2290543168783188
0.20980995893478394 0.22785715758800507
0.2105964720249176 0.21963103115558624
0.2095726728439331 0.2207641750574112
0.21358241140842438 0.22786873579025269
0.20887097716331482 0.23260727524757385
0.21060077846050262 0.25413528084754944
0.21035641431808472 0.2377062439918518
0.2101481854915619 0.2220880687236786
0.2109108716249466 0.2552558481693268
0.20854397118091583 0.21613644063472748
0.20946109294891357 0.31762805581092834
0.20970509946346283 0.2307019978761673
0.2091117948293686 0.22352848947048187
0.21061255037784576 0.22747865319252014
0.2094300389289856 0.2319873571395874
0.20898723602294922 0.2318660318851471
0.2096920609474182 0.22395256161689758
0.2103521227836609 0.22216957807540894
0.20968858897686005 0.21606387197971344
0.20828324556350708 0.22868333756923676
0.2093699425458908 0.22229433059692383
0.20817723870277405 0.22583891451358795
0.20873412489891052 0.234308123588562
0.20953397452831268 0.2534838914871216
0.20960605144500732 0.23966072499752045
0.20861175656318665 0.23769870400428772
0.2082483023405075 0.2276473045349121
0.20941931009292603 0.22347243130207062
0.20747651159763336 0.2471136450767517
0.20851673185825348 0.2312353253364563
0.2078801393508911 0.23637601733207703
0.20707380771636963 0.21668653190135956
0.20704881846904755 0.22281214594841003
0.20819541811943054 0.2331703156232834
0.20901420712471008 0.23164448142051697
0.207723930478096 0.2216852307319641
0.2077414095401764 0.2650965452194214
0.20830893516540527 0.22379763424396515
0.20887437462806702 0.22004415094852448
0.2082340121269226 0.23203769326210022
0.20618148148059845 0.2187895029783249
0.20782943069934845 0.2307175099849701
0.20593437552452087 0.23349803686141968
0.2069249302148819 0.22196628153324127
0.2073979377746582 0.23241665959358215
0.207240030169487 0.2404933124780655
0.20733240246772766 0.22106300294399261
0.2066771388053894 0.22519905865192413
0.20733706653118134 0.21780504286289215
0.20648352801799774 0.22225147485733032
0.20691753923892975 0.23228591680526733
0.20761540532112122 0.21409039199352264
0.20743250846862793 0.23380586504936218
0.2069164216518402 0.2156982421875
0.20846231281757355 0.21812807023525238
0.20817753672599792 0.2214960753917694
0.20570766925811768 0.2240115851163864
0.2085709273815155 0.22129574418067932
0.2055586725473404 0.22214706242084503
0.20811940729618073 0.2277493178844452
0.20640714466571808 0.2298811376094818
0.20676696300506592 0.2217528373003006
0.20573292672634125 0.22532641887664795
0.20651160180568695 0.22770175337791443
0.20568759739398956 0.22814367711544037
0.20589494705200195 0.22427500784397125
0.2068137377500534 0.2200661450624466
0.2054515928030014 0.22636526823043823
0.20637941360473633 0.2290777713060379
0.2060990333557129 0.2276398241519928
0.20685449242591858 0.2251068353652954
0.2063051462173462 0.23436696827411652
0.20589588582515717 0.23415212333202362
0.20646074414253235 0.2160789966583252
0.20625464618206024 0.2277061939239502
0.2066587209701538 0.28633546829223633
0.2062159776687622 0.22807441651821136
0.20559535920619965 0.24582035839557648
0.20495252311229706 0.2123556286096573
0.20654352009296417 0.25177836418151855
0.20455005764961243 0.21550826728343964
0.20441488921642303 0.22832760214805603
0.20559386909008026 0.22969390451908112
0.204157292842865 0.2266773283481598
0.20559927821159363 0.23840869963169098
0.20570847392082214 0.21824324131011963
0.20523753762245178 0.2419317662715912
0.2051953375339508 0.2426634579896927
0.2050432711839676 0.24390389025211334
0.2039983570575714 0.24447433650493622
0.205126091837883 0.22812317311763763
0.20377129316329956 0.25987544655799866
0.20425018668174744 0.24302451312541962
0.2046709954738617 0.22055137157440186
0.20467859506607056 0.2203478217124939
0.2049233466386795 0.21449507772922516
0.20428889989852905 0.22729887068271637
0.20514874160289764 0.23771321773529053
0.20541557669639587 0.21678221225738525
0.20475633442401886 0.21872861683368683
0.20476648211479187 0.23403257131576538
0.2056044489145279 0.24626660346984863
0.2038729339838028 0.2301616072654724
0.2028164267539978 0.24720028042793274
0.20481668412685394 0.22054216265678406
0.20429717004299164 0.23840370774269104
0.20327430963516235 0.2199176847934723
0.20382651686668396 0.23592929542064667
0.2036256641149521 0.23708131909370422
0.20475545525550842 0.22364874184131622
0.2042228728532791 0.23291009664535522
0.20358099043369293 0.242497980594635
0.20501664280891418 0.2375308722257614
0.2039315551519394 0.24264736473560333
0.20432966947555542 0.23238356411457062
0.20362773537635803 0.2236594259738922
0.20332778990268707 0.23551462590694427
0.2039598971605301 0.24160543084144592
0.2030886858701706 0.219343364238739
0.20362424850463867 0.22243864834308624
0.20398563146591187 0.22495698928833008
0.2030775547027588 0.21602752804756165
0.2031884491443634 0.22308769822120667
0.2027803510427475 0.2276269644498825
0.20282535254955292 0.23915372788906097
0.20258928835391998 0.22162725031375885
0.20354661345481873 0.21681946516036987
0.2035371959209442 0.22236944735050201
0.20273953676223755 0.23694488406181335
0.20454944670200348 0.21683675050735474
0.20394977927207947 0.23178547620773315
0.20189648866653442 0.23177792131900787
0.20350706577301025 0.22078485786914825
0.2027488499879837 0.23421338200569153
0.20377768576145172 0.22363074123859406
0.20212438702583313 0.23109649121761322
0.20278382301330566 0.22537609934806824
0.20337387919425964 0.23506121337413788
0.20401600003242493 0.22498084604740143
0.20252177119255066 0.23484696447849274
0.20269671082496643 0.22893328964710236
0.20288853347301483 0.22324462234973907
0.20333854854106903 0.23441746830940247
0.2034793347120285 0.23925364017486572
0.20352235436439514 0.23057858645915985
0.2028413712978363 0.21957950294017792
0.20243757963180542 0.22403712570667267
0.20291979610919952 0.2531934380531311
0.20268040895462036 0.22247707843780518
0.20176832377910614 0.21385478973388672
0.20257380604743958 0.24011091887950897
0.20208631455898285 0.22841088473796844
0.20240384340286255 0.21902590990066528
0.20272736251354218 0.2676286995410919
0.2012615203857422 0.23038528859615326
0.20146723091602325 0.26318103075027466
0.20070156455039978 0.22935956716537476
0.20213285088539124 0.2229582816362381
0.2019069641828537 0.24624985456466675
0.20203833281993866 0.24625161290168762
0.20169697701931 0.2178228348493576
0.20231108367443085 0.2186802327632904
0.201946422457695 0.22289957106113434
0.20121128857135773 0.21921566128730774
0.2019236832857132 0.24948836863040924
0.2021818906068802 0.22121621668338776
0.20134221017360687 0.22428616881370544
0.20154421031475067 0.2207421511411667
0.2022380828857422 0.2269773632287979
0.20069873332977295 0.233116015791893
0.20171742141246796 0.2480699121952057
0.20111769437789917 0.21891528367996216
0.2014560103416443 0.2319783866405487
0.20053893327713013 0.2190237194299698
0.20230631530284882 0.21901452541351318
0.20225892961025238 0.23092599213123322
0.20090952515602112 0.2314099669456482
0.20097416639328003 0.23705892264842987
0.201319620013237 0.21609094738960266
0.2024073749780655 0.25822147727012634
0.20132498443126678 0.23341399431228638
0.20146940648555756 0.24115492403507233
0.20201070606708527 0.22356247901916504
0.2015322595834732 0.22162793576717377
0.20101262629032135 0.21602387726306915
0.20223626494407654 0.23733209073543549
0.20255933701992035 0.21940571069717407
0.20131738483905792 0.2274850755929947
0.2016252875328064 0.2823646664619446
0.20071062445640564 0.23383881151676178
0.20051708817481995 0.22904299199581146
0.2010391801595688 0.21768298745155334
0.2014976292848587 0.23835095763206482
0.20160363614559174 0.23159372806549072
0.2010098695755005 0.23420265316963196
0.2011609673500061 0.23646357655525208
0.20078928768634796 0.22657091915607452
0.20137205719947815 0.23432667553424835
0.20151178538799286 0.227982759475708
0.2003331184387207 0.23197752237319946
0.20136915147304535 0.2670283019542694
0.20019041001796722 0.21668414771556854
0.20145581662654877 0.21881626546382904
0.2001449018716812 0.23982244729995728
0.20016087591648102 0.22265852987766266
0.20022721588611603 0.29049402475357056
0.20124849677085876 0.21991309523582458
0.20008374750614166 0.223332017660141
0.19966226816177368 0.22047625482082367
0.19994957745075226 0.2586475908756256
0.20046283304691315 0.22780883312225342
0.2009202241897583 0.2390250414609909
0.20106428861618042 0.22149649262428284
0.2000628560781479 0.23870956897735596
0.20075049996376038 0.22000424563884735
0.19960583746433258 0.22225768864154816
0.200908362865448 0.22652271389961243
0.20059850811958313 0.23018942773342133
0.19962477684020996 0.23036471009254456
0.19958999752998352 0.234153613448143
0.19979001581668854 0.24710896611213684
0.1988041251897812 0.22840376198291779
0.20014724135398865 0.23089078068733215
0.19991865754127502 0.22439107298851013
0.20050325989723206 0.2891750931739807
0.19916656613349915 0.22406329214572906
0.1998254358768463 0.24381239712238312
0.1998966634273529 0.2199767678976059
0.20023958384990692 0.27075377106666565
0.19903606176376343 0.23067249357700348
0.20048405230045319 0.2213106006383896
0.19884932041168213 0.2342386096715927
0.20026159286499023 0.22653691470623016
0.1988058090209961 0.21940039098262787
0.19997566938400269 0.2192363440990448
0.19912952184677124 0.24024631083011627
0.19987569749355316 0.2348596453666687
0.19919072091579437 0.21818454563617706
0.199154332280159 0.21711882948875427
0.1995074599981308 0.2459516078233719
0.20065981149673462 0.2293950766324997
0.1996886432170868 0.23079781234264374
0.19974257051944733 0.22587783634662628
0.19997766613960266 0.22167512774467468
0.2001604288816452 0.222259059548378
0.19990324974060059 0.2268819808959961
0.1978968381881714 0.23872128129005432
0.19964085519313812 0.2143782675266266
0.20111288130283356 0.23513327538967133
0.19999836385250092 0.21815259754657745
0.2006920874118805 0.22052516043186188
0.20040851831436157 0.22466780245304108
0.19979190826416016 0.21897420287132263
0.19963668286800385 0.22072726488113403
0.19955530762672424 0.21523167192935944
0.19865673780441284 0.21411146223545074
0.19965073466300964 0.22660969197750092
0.19940099120140076 0.2215137928724289
0.1999417096376419 0.23429015278816223
0.19879694283008575 0.23266106843948364
0.20006395876407623 0.22928674519062042
0.1988348662853241 0.22676530480384827
0.19971691071987152 0.22225286066532135
0.19943906366825104 0.21161679923534393
0.19970621168613434 0.27326393127441406
0.19883817434310913 0.2233864665031433
0.20016254484653473 0.2235768884420395
0.19984319806098938 0.22358182072639465
0.20001383125782013 0.21076811850070953
0.19882066547870636 0.24865272641181946
0.19879020750522614 0.24210768938064575
0.1981932371854782 0.2151712328195572
0.19980663061141968 0.23188813030719757
0.19923093914985657 0.24383237957954407
0.19858920574188232 0.21451692283153534
0.19822821021080017 0.22498063743114471
0.19849267601966858 0.23735925555229187
0.19813759624958038 0.24058060348033905
0.19861610233783722 0.21984919905662537
0.1986461728811264 0.22460675239562988
0.19823810458183289 0.22283190488815308
0.19826586544513702 0.22279952466487885
0.19959387183189392 0.24720872938632965
0.1991346925497055 0.216948002576828
0.19889870285987854 0.21470005810260773
0.19905944168567657 0.2219071090221405
0.19757860898971558 0.23807312548160553
0.1990429311990738 0.2187638133764267
0.19954504072666168 0.21867424249649048
0.19839660823345184 0.2239789068698883
0.19817009568214417 0.25343209505081177
0.19992734491825104 0.22162280976772308
0.19784897565841675 0.22552429139614105
0.19853132963180542 0.22197137773036957
0.19870291650295258 0.22241027653217316
0.1976795345544815 0.22533123195171356
0.19868075847625732 0.2372751384973526
0.19826757907867432 0.24560758471488953
0.19838429987430573 0.22730466723442078
0.19790920615196228 0.2432531863451004
0.19798997044563293 0.21651297807693481
0.19856789708137512 0.2191573828458786
0.19883018732070923 0.22283421456813812
0.19837191700935364 0.24548348784446716
0.19839921593666077 0.2150522619485855
0.19744835793972015 0.21854989230632782
0.19819849729537964 0.21901866793632507
0.19827516376972198 0.2504616677761078
0.1982448548078537 0.224924236536026
0.19752922654151917 0.23480293154716492
0.19833965599536896 0.2106671780347824
0.19833731651306152 0.22793428599834442
0.19785909354686737 0.22409698367118835
0.1981978416442871 0.2291811853647232
0.19743773341178894 0.24109485745429993
0.19753186404705048 0.25591370463371277
0.1978013813495636 0.22574080526828766
0.19774748384952545 0.2167196273803711
0.19652721285820007 0.2162690907716751
0.19831201434135437 0.2290310114622116
0.19878067076206207 0.2218323051929474
0.19751690328121185 0.22333867847919464
0.19928182661533356 0.21798567473888397
0.1967749297618866 0.22552208602428436
0.19813750684261322 0.22523298859596252
0.19757325947284698 0.2498813420534134
0.1986624300479889 0.21651911735534668
0.19784660637378693 0.23111514747142792
0.19871708750724792 0.2291252762079239
0.19859609007835388 0.2276337593793869
0.1980365812778473 0.24204322695732117
0.19794248044490814 0.2238687127828598
0.1970895528793335 0.21759995818138123
0.19699981808662415 0.24271823465824127
0.19777023792266846 0.22003395855426788
0.19818395376205444 0.23229408264160156
0.19836853444576263 0.22349576652050018
0.19820472598075867 0.22724327445030212
0.1972520500421524 0.2197379618883133
0.1971157342195511 0.21526092290878296
0.19723281264305115 0.2316601276397705
0.19719178974628448 0.2205522656440735
0.19769597053527832 0.22513514757156372
0.19746725261211395 0.21647237241268158
0.1975269913673401 0.21699652075767517
0.19716592133045197 0.2150612771511078
0.19699418544769287 0.2551519572734833
0.1979084610939026 0.22452101111412048
0.19699107110500336 0.23682641983032227
0.19676390290260315 0.21529512107372284
0.19619302451610565 0.21899248659610748
0.19702188670635223 0.23168063163757324
0.1955658495426178 0.24155357480049133
0.19751454889774323 0.23733533918857574
0.19776642322540283 0.2457389384508133
0.19736623764038086 0.22343620657920837
0.19772574305534363 0.21488597989082336
0.1969420164823532 0.23818771541118622
0.19774100184440613 0.23626111447811127
0.19659523665905 0.25954124331474304
0.19643348455429077 0.2564432621002197
0.19747097790241241 0.2156742960214615
0.19681531190872192 0.24359075725078583
0.19834944605827332 0.22871212661266327
0.19708384573459625 0.22081272304058075
0.19718964397907257 0.224153071641922
0.1965600848197937 0.22511562705039978
0.19748161733150482 0.23312021791934967
0.19692541658878326 0.21873125433921814
0.19675354659557343 0.23507480323314667
0.19686079025268555 0.2191077023744583
0.196288600564003 0.21893833577632904
0.1965542435646057 0.23710931837558746
0.1967707723379135 0.21652792394161224
0.19607961177825928 0.2140105664730072
0.19608443975448608 0.22077693045139313
0.19675561785697937 0.22308824956417084
0.19695322215557098 0.21809887886047363
0.19649654626846313 0.23876889050006866
0.19663862884044647 0.26581284403800964
0.1962045282125473 0.22844333946704865
0.19669942557811737 0.22376081347465515
0.19741085171699524 0.22158405184745789
0.1968587338924408 0.22783151268959045
0.19665104150772095 0.24155448377132416
0.19650204479694366 0.23618802428245544
0.1974799782037735 0.23542575538158417
0.19755083322525024 0.2395806610584259
0.1963604986667633 0.2190472036600113
0.19737501442432404 0.21782466769218445
0.19662874937057495 0.2282630354166031
0.19571782648563385 0.21494050323963165
0.19593815505504608 0.22430847585201263
0.19559164345264435 0.22278088331222534
0.19639863073825836 0.22853150963783264
0.19634686410427094 0.21394553780555725
0.1965123414993286 0.23906965553760529
0.1961829513311386 0.23239636421203613
0.19741582870483398 0.21674267947673798
0.19748035073280334 0.21868211030960083
0.19533687829971313 0.2495526522397995
0.1967364400625229 0.21811921894550323
0.19742967188358307 0.22009684145450592
0.19632691144943237 0.2132226824760437
0.19674023985862732 0.21823805570602417
0.19663210213184357 0.24218755960464478
0.19664612412452698 0.22252045571804047
0.19564126431941986 0.22497686743736267
0.19696611166000366 0.21940478682518005
0.19594340026378632 0.22213074564933777
0.19566775858402252 0.23010048270225525
0.19576908648014069 0.2200094312429428
0.1954863965511322 0.21213337779045105
0.1960044652223587 0.21587008237838745
0.1952921599149704 0.2218104749917984
0.19696378707885742 0.21723026037216187
0.19536785781383514 0.2358969897031784
0.19601240754127502 0.22133304178714752
0.19635871052742004 0.22526094317436218
0.19502268731594086 0.21781249344348907
0.19535429775714874 0.22907152771949768
0.19625528156757355 0.21209682524204254
0.19555163383483887 0.21643419563770294
0.19582001864910126 0.21711724996566772
0.1970258206129074 0.2302798628807068
0.1957118958234787 0.21136634051799774
0.19672082364559174 0.2195276916027069
0.1950412392616272 0.22745901346206665
0.19579176604747772 0.23032212257385254
0.19596008956432343 0.24180759489536285
0.19538827240467072 0.21821947395801544
0.19573728740215302 0.22651593387126923
0.19651800394058228 0.20936687290668488
0.19536443054676056 0.21337579190731049
0.19537568092346191 0.22424446046352386
0.19664548337459564 0.21936000883579254
0.19568601250648499 0.2183506339788437
0.19523030519485474 0.2152862846851349
0.19561757147312164 0.21272850036621094
0.19629238545894623 0.235179603099823
0.19591253995895386 0.22500570118427277
0.19540181756019592 0.22881220281124115
0.1961216926574707 0.2186826765537262
0.19587811827659607 0.2236766368150711
0.1959131807088852 0.22692689299583435
0.19535522162914276 0.21808646619319916
0.19536003470420837 0.22271952033042908
0.19490624964237213 0.22173205018043518
0.19549426436424255 0.2149503082036972
0.19540074467658997 0.21715150773525238
0.19397225975990295 0.23007391393184662
0.19623535871505737 0.21437932550907135
0.19573664665222168 0.2281828373670578
0.19604980945587158 0.21613460779190063
0.19590668380260468 0.22542867064476013
0.19582383334636688 0.2143402397632599
0.19695131480693817 0.23313377797603607
0.1947760134935379 0.23194047808647156
0.1948585957288742 0.2252630889415741
0.19510364532470703 0.21827922761440277
0.1948544830083847 0.2554857134819031
0.19613783061504364 0.2194596529006958
0.1998872011899948 0.2200639247894287
0.1953291893005371 0.22480525076389313
0.19533653557300568 0.25265172123908997
0.1961653232574463 0.22566449642181396
0.19559872150421143 0.23929117619991302
0.1961798220872879 0.23696304857730865
0.19493481516838074 0.21554887294769287
0.19457010924816132 0.21168066561222076
0.19476383924484253 0.24024324119091034
0.19494430720806122 0.22114181518554688
0.19626310467720032 0.23891092836856842
0.1954605132341385 0.2360108643770218
0.19553889334201813 0.23306575417518616
0.19518937170505524 0.22047631442546844
0.19596169888973236 0.22422601282596588
0.19584156572818756 0.2569945156574249
0.19606587290763855 0.21353420615196228
0.19450874626636505 0.22870075702667236
0.19541248679161072 0.2207862138748169
0.19547754526138306 0.2231445461511612
0.19540458917617798 0.24105508625507355
0.1948649138212204 0.22035321593284607
0.19498109817504883 0.21470914781093597
0.1950232982635498 0.21161571145057678
0.1942128986120224 0.21948398649692535
0.19400042295455933 0.2339060753583908
0.19495856761932373 0.21538768708705902
0.19517552852630615 0.23978424072265625
0.1942201852798462 0.22224761545658112
0.1950821578502655 0.21720999479293823
0.19513383507728577 0.22071178257465363
0.19489185512065887 0.21967540681362152
0.19431419670581818 0.21581362187862396
0.1948363482952118 0.23398298025131226
0.19416005909442902 0.22704486548900604
0.19418631494045258 0.23459136486053467
0.19623160362243652 0.21302983164787292
0.19532157480716705 0.22411756217479706
0.1939166784286499 0.256264865398407
0.19441504776477814 0.2345052808523178
0.1952066570520401 0.23319034278392792
0.19480371475219727 0.21808525919914246
0.19546151161193848 0.22256185114383698
0.19470924139022827 0.225193589925766
0.19485093653202057 0.21127861738204956
0.1935771405696869 0.22338715195655823
0.19382193684577942 0.2394355684518814
0.1952604204416275 0.2097337245941162
0.19375012814998627 0.21132439374923706
0.1948901265859604 0.25570300221443176
0.19530600309371948 0.2277248203754425
0.19506385922431946 0.23000682890415192
0.19412150979042053 0.2164098024368286
0.1950308084487915 0.21951662003993988
0.1942504644393921 0.22833721339702606
0.19426706433296204 0.21474947035312653
0.19549144804477692 0.24443349242210388
0.19554080069065094 0.2183268964290619
0.1937757432460785 0.21201668679714203
0.19528630375862122 0.23030051589012146
0.1952570378780365 0.21462154388427734
0.19479481875896454 0.22993984818458557
0.19503691792488098 0.2345769852399826
0.19449768960475922 0.21890251338481903
0.19542846083641052 0.26001155376434326
0.1941237449645996 0.2230079621076584
0.19581933319568634 0.23450496792793274
0.19365234673023224 0.2433328777551651
0.1938163936138153 0.25749585032463074
0.1947842538356781 0.2213383913040161
0.19474507868289948 0.22164376080036163
0.19519197940826416 0.2444913387298584
0.19524328410625458 0.22477088868618011
0.19526711106300354 0.21364453434944153
0.1942230761051178 0.24582722783088684
0.19500303268432617 0.21796803176403046
0.19413737952709198 0.24143265187740326
0.19446714222431183 0.21523062884807587
0.19419848918914795 0.21256613731384277
0.19529999792575836 0.2214037925004959
0.19540508091449738 0.23684468865394592
0.19340665638446808 0.2196759581565857
0.19424472749233246 0.21814735233783722
0.1941349059343338 0.21590715646743774
0.19493581354618073 0.2240087240934372
0.19325745105743408 0.23339733481407166
0.19266508519649506 0.2339048683643341
0.19488836824893951 0.22026605904102325
0.19401276111602783 0.21423153579235077
0.19451802968978882 0.2174871861934662
0.19471047818660736 0.23224574327468872
0.1950751543045044 0.22163444757461548
0.19374343752861023 0.2502543032169342
0.19387304782867432 0.2311331182718277
0.19358962774276733 0.2323264479637146
0.19303683936595917 0.23621246218681335
0.193970188498497 0.2245754897594452
0.19468283653259277 0.2286980301141739
0.19409899413585663 0.21844889223575592
0.1926543265581131 0.23392269015312195
0.19362419843673706 0.2293810397386551
0.1934681534767151 0.22500282526016235
0.1932702362537384 0.24280725419521332
0.1936698704957962 0.2376914620399475
0.19370636343955994 0.24389620125293732
0.19479787349700928 0.21611841022968292
0.19428826868534088 0.2135475128889084
0.19437739253044128 0.22234122455120087
0.1942335069179535 0.22217661142349243
0.19307512044906616 0.22256165742874146
0.19328390061855316 0.22675028443336487
0.194529727101326 0.24496430158615112
0.19395506381988525 0.21744336187839508
0.19488824903964996 0.21857436001300812
0.19500094652175903 0.22532621026039124
0.19345559179782867 0.2244754433631897
0.19357536733150482 0.25251686573028564
0.19421236217021942 0.24335581064224243
0.19389115273952484 0.23150260746479034
0.19372670352458954 0.2786053419113159
0.19452954828739166 0.2130126655101776
0.19379127025604248 0.2658580541610718
0.19431592524051666 0.21461376547813416
0.1930481344461441 0.24087001383304596
0.19410444796085358 0.2134997844696045
0.19355124235153198 0.21857847273349762
0.19303691387176514 0.2168281227350235
0.193093940615654 0.2336067259311676
0.19344833493232727 0.21358057856559753
0.19417180120944977 0.21665209531784058
0.19298744201660156 0.22406691312789917
0.19393973052501678 0.21467679738998413
0.19350597262382507 0.23506611585617065
0.19429656863212585 0.226786270737648
0.19371001422405243 0.23421728610992432
0.19305354356765747 0.21439199149608612
0.194132000207901 0.22013887763023376
0.19409963488578796 0.21526116132736206
0.19273613393306732 0.22871319949626923
0.19315402209758759 0.23735113441944122
0.19456373155117035 0.22809265553951263
0.19315998256206512 0.23951669037342072
0.19482813775539398 0.21386457979679108
0.19335362315177917 0.23023328185081482
0.1929531693458557 0.22308897972106934
0.19248543679714203 0.22021430730819702
0.1947707086801529 0.2403462529182434
0.1928715705871582 0.2522055506706238
0.19399836659431458 0.21158403158187866
0.19355633854866028 0.23223739862442017
0.19257014989852905 0.2198772132396698
0.19335225224494934 0.2434537261724472
0.19471853971481323 0.21253573894500732
0.1940806359052658 0.22912879288196564
0.19339630007743835 0.21829546988010406
0.19363969564437866 0.22348278760910034
0.19394926726818085 0.21991170942783356
0.19384388625621796 0.22837138175964355
0.19357432425022125 0.22122028470039368
0.1934436857700348 0.22742171585559845
0.19290243089199066 0.24047620594501495
0.192704975605011 0.21554386615753174
0.1927763819694519 0.2467503547668457
0.1932755708694458 0.22146570682525635
0.19301196932792664 0.22471606731414795
0.19388797879219055 0.2133864313364029
0.1930980533361435 0.2147769182920456
0.1932022124528885 0.2200566828250885
0.1927070915699005 0.21479982137680054
0.1939162313938141 0.22515927255153656
0.19338683784008026 0.22778452932834625
0.19259458780288696 0.22252106666564941
0.19251178205013275 0.22131690382957458
0.1936194747686386 0.24371923506259918
0.1938076913356781 0.22315160930156708
0.19388045370578766 0.2586154639720917
0.1939905434846878 0.22992143034934998
0.19281834363937378 0.213870108127594
0.19340099394321442 0.2258255034685135
0.19297011196613312 0.22219042479991913
0.1946081966161728 0.23518425226211548
0.1928805708885193 0.21910688281059265
0.19298233091831207 0.21604609489440918
0.1945488452911377 0.21252413094043732
0.1925707459449768 0.2125208079814911
0.19190390408039093 0.21587605774402618
0.19336964190006256 0.2279144823551178
0.19340062141418457 0.21792170405387878
0.1933242529630661 0.22695744037628174
0.19274099171161652 0.22156985104084015
0.1935736984014511 0.21770311892032623
0.1920543760061264 0.21377307176589966
0.1931065171957016 0.2350941151380539
0.19308361411094666 0.21551388502120972
0.19234073162078857 0.2218942493200302
0.19305680692195892 0.22160305082798004
0.19373047351837158 0.2279246598482132
0.19254915416240692 0.21667644381523132
0.19346462190151215 0.22097069025039673
0.1937103569507599 0.23159699141979218
0.19325296580791473 0.2638101577758789
0.1930195391178131 0.21548891067504883
0.19292239844799042 0.23544615507125854
0.1920846849679947 0.2474687397480011
0.193071648478508 0.2478727102279663
0.19301389157772064 0.2131618708372116
0.1933981031179428 0.22566670179367065
0.19242382049560547 0.21612608432769775
0.19470049440860748 0.24408429861068726
0.19347171485424042 0.22264066338539124
0.19259443879127502 0.21129414439201355
0.19256675243377686 0.22500786185264587
0.19281113147735596 0.2205112725496292
0.19307124614715576 0.2209695428609848
0.1926116794347763 0.2191556692123413
0.19292324781417847 0.2267402559518814
0.19381865859031677 0.24089418351650238
0.19254057109355927 0.24164924025535583
0.193901926279068 0.22354573011398315
0.19352124631404877 0.21802489459514618
0.19339799880981445 0.22847945988178253
0.19210375845432281 0.21685117483139038
0.19312787055969238 0.2181488275527954
0.19304333627223969 0.24294273555278778
0.19380292296409607 0.2648690938949585
0.19289375841617584 0.24802881479263306
0.19309380650520325 0.23708081245422363
0.1922721564769745 0.21774131059646606
0.192645862698555 0.2131391167640686
0.192331925034523 0.22444351017475128
0.19216468930244446 0.2553952634334564
0.19285009801387787 0.215772807598114
0.19278982281684875 0.25410890579223633
0.19341756403446198 0.23116302490234375
0.19221295416355133 0.21463391184806824
0.19164533913135529 0.2437577098608017
0.19282835721969604 0.21239668130874634
0.19289998710155487 0.21755918860435486
0.19240708649158478 0.22159560024738312
0.1922888457775116 0.2242843061685562
0.1932661086320877 0.21879695355892181
0.19204536080360413 0.23547883331775665
0.19202931225299835 0.2521640360355377
0.19263941049575806 0.22557352483272552
0.19193945825099945 0.21591657400131226
0.1927095353603363 0.2166251838207245
0.19303672015666962 0.22340869903564453
0.1921170949935913 0.22890125215053558
0.19244612753391266 0.22210414707660675
0.1916850507259369 0.2144729048013687
0.19259165227413177 0.22867920994758606
0.19277605414390564 0.21292142570018768
0.19264811277389526 0.22857846319675446
0.19284875690937042 0.2200714498758316
0.19175082445144653 0.2235906571149826
0.19236652553081512 0.21786926686763763
0.19318842887878418 0.23057489097118378
0.19261032342910767 0.23480655252933502
0.19368402659893036 0.2322845309972763
0.1929079294204712 0.22258934378623962
0.19304165244102478 0.2233993411064148
0.1926535964012146 0.21851320564746857
0.19168402254581451 0.2292807251214981
0.19194437563419342 0.21925140917301178
0.19250288605690002 0.23206155002117157
0.1917034387588501 0.21825896203517914
0.1925535351037979 0.2334907203912735
0.19305381178855896 0.236404687166214
0.19219066202640533 0.23523448407649994
0.19231995940208435 0.22041288018226624
0.1927509754896164 0.2238084226846695
0.1930239498615265 0.23615041375160217
0.19202719628810883 0.20907536149024963
0.19413809478282928 0.2174910306930542
0.19204287230968475 0.22260546684265137
0.19162121415138245 0.22616393864154816
0.19221267104148865 0.24384790658950806
0.19210556149482727 0.21670415997505188
0.19283582270145416 0.22152741253376007
0.1913786232471466 0.23997795581817627
0.1921979784965515 0.21098582446575165
0.19256283342838287 0.21590355038642883
0.19262507557868958 0.22536268830299377
0.19119365513324738 0.22103174030780792
0.19186457991600037 0.21060198545455933
0.1916186809539795 0.22147363424301147
0.19185712933540344 0.21696022152900696
0.19168692827224731 0.22967179119586945
0.19269727170467377 0.2374931275844574
0.191395565867424 0.22057580947875977
0.19182726740837097 0.23653297126293182
0.19226494431495667 0.21776260435581207
0.19168198108673096 0.21199791133403778
0.1925559788942337 0.21320407092571259
0.19158099591732025 0.21659083664417267
0.19152730703353882 0.22647051513195038
0.19135452806949615 0.23676137626171112
0.19218623638153076 0.2372349202632904
0.1929233819246292 0.23520351946353912
0.1906978189945221 0.2213762104511261
0.19208289682865143 0.22791646420955658
0.19138720631599426 0.22060008347034454
0.1915110945701599 0.23438192903995514
0.1913108080625534 0.2318611741065979
0.19119837880134583 0.21415573358535767
0.19157837331295013 0.22721564769744873
0.19235044717788696 0.21950362622737885
0.19150441884994507 0.22707664966583252
0.19160036742687225 0.23327666521072388
0.19068670272827148 0.23165543377399445
0.19057035446166992 0.23130518198013306
0.19169987738132477 0.20844171941280365
0.1918487846851349 0.21559038758277893
0.19191217422485352 0.20890162885189056
0.19118550419807434 0.253182053565979
0.19169467687606812 0.22460228204727173
0.19229155778884888 0.2213253229856491
0.19205786287784576 0.2212752401828766
0.19075313210487366 0.21741095185279846
0.19264785945415497 0.22231194376945496
0.1918087601661682 0.22239479422569275
0.19068868458271027 0.22531920671463013
0.1914631873369217 0.2155642956495285
0.19245119392871857 0.21421922743320465
0.19115076959133148 0.22114692628383636
0.19113168120384216 0.21037068963050842
0.19096991419792175 0.21907666325569153
0.19069582223892212 0.2199644297361374
0.19171299040317535 0.22303950786590576
0.19161376357078552 0.2138204127550125
0.19151349365711212 0.21450352668762207
0.19094868004322052 0.21567656099796295
0.19151131808757782 0.22861771285533905
0.19143031537532806 0.2247440069913864
