1.4867281913757324 1.5256540775299072
1.4791866540908813 1.5144751071929932
1.4767978191375732 1.5008643865585327
1.475821614265442 1.498491883277893
1.4754087924957275 1.5096652507781982
1.4750584363937378 1.506279706954956
1.4752637147903442 1.5286976099014282
1.4746887683868408 1.500018835067749
1.4745285511016846 1.5140608549118042
1.4745427370071411 1.507399320602417
1.4745230674743652 1.5045796632766724
1.4745343923568726 1.4983530044555664
1.4744024276733398 1.5043840408325195
1.4743633270263672 1.4999020099639893
1.4740688800811768 1.5016226768493652
1.4740291833877563 1.5063891410827637
1.4743380546569824 1.4989066123962402
1.474225640296936 1.5044611692428589
1.473990559577942 1.4991376399993896
1.47408127784729 1.507443904876709
1.473982810974121 1.5047483444213867
1.4738397598266602 1.5033577680587769
1.474027395248413 1.5070770978927612
1.4740362167358398 1.505055546760559
1.4740521907806396 1.5035474300384521
1.4740931987762451 1.5023193359375
1.473905324935913 1.5048056840896606
1.4738471508026123 1.5111713409423828
1.473889708518982 1.5010654926300049
1.4739220142364502 1.505090355873108
1.4738911390304565 1.5029609203338623
1.4738484621047974 1.503097414970398
1.474027156829834 1.5076714754104614
1.4736483097076416 1.4995065927505493
1.4738194942474365 1.5009279251098633
1.4736517667770386 1.5002723932266235
1.4737708568572998 1.5035303831100464
1.4736413955688477 1.5008667707443237
1.4737248420715332 1.5008183717727661
1.473720908164978 1.5158836841583252
1.4738185405731201 1.5008045434951782
1.4737703800201416 1.5006681680679321
1.473742127418518 1.4994888305664062
1.4737083911895752 1.5067839622497559
1.4736652374267578 1.503160834312439
1.4736343622207642 1.5047119855880737
1.4736818075180054 1.502539038658142
1.473787784576416 1.499435544013977
1.4737526178359985 1.502387285232544
1.473695158958435 1.5014724731445312
1.473641276359558 1.5172427892684937
1.473740816116333 1.5058703422546387
1.4737253189086914 1.5038890838623047
1.4736751317977905 1.4990129470825195
1.473516821861267 1.5001487731933594
1.4736353158950806 1.5067858695983887
1.473528265953064 1.5012232065200806
1.47358238697052 1.4995152950286865
1.4734879732131958 1.5048174858093262
1.4735137224197388 1.502040147781372
1.4736487865447998 1.501733422279358
1.4735440015792847 1.5023928880691528
1.4734554290771484 1.5001455545425415
1.4735546112060547 1.5101289749145508
1.4734902381896973 1.5011138916015625
1.4732613563537598 1.503508448600769
1.4734020233154297 1.5080339908599854
1.4734288454055786 1.5085736513137817
1.473267674446106 1.5029523372650146
1.4732240438461304 1.5006906986236572
1.4731004238128662 1.4989818334579468
1.4734357595443726 1.5010236501693726
1.473114013671875 1.500516414642334
1.4732048511505127 1.5007389783859253
1.4731495380401611 1.5178412199020386
1.4731603860855103 1.5068175792694092
1.473090648651123 1.5072236061096191
1.4732855558395386 1.5049082040786743
1.4730948209762573 1.5019627809524536
1.4732121229171753 1.501865029335022
1.4731770753860474 1.5019720792770386
1.4730000495910645 1.5117614269256592
1.4730688333511353 1.5057610273361206
1.4731179475784302 1.5070734024047852
1.4730579853057861 1.506304144859314
1.4730188846588135 1.5070743560791016
1.4729584455490112 1.5032665729522705
1.4731258153915405 1.5038142204284668
1.4729315042495728 1.507858157157898
1.4730275869369507 1.5111773014068604
1.4730037450790405 1.5014816522598267
1.4728530645370483 1.5057395696640015
1.4729180335998535 1.5030137300491333
1.4726879596710205 1.5022087097167969
1.4728419780731201 1.5055357217788696
1.4729210138320923 1.502913236618042
1.472860336303711 1.5095863342285156
1.4730067253112793 1.5035778284072876
1.47272527217865 1.5027292966842651
1.4728690385818481 1.508141040802002
1.4728264808654785 1.5053333044052124
1.4727632999420166 1.5019303560256958
1.472837209701538 1.5139648914337158
1.472830057144165 1.5043997764587402
1.4728721380233765 1.5064446926116943
1.4728634357452393 1.5016230344772339
1.472796082496643 1.4998646974563599
1.472691297531128 1.5189846754074097
1.4728524684906006 1.5083404779434204
1.4728267192840576 1.5041427612304688
1.4727187156677246 1.5038434267044067
1.4727733135223389 1.5087320804595947
1.4728528261184692 1.5005210638046265
1.4726868867874146 1.5071486234664917
1.4727346897125244 1.5180102586746216
1.4727734327316284 1.502453327178955
1.4726827144622803 1.5052775144577026
1.472585678100586 1.4998060464859009
1.4727553129196167 1.5094934701919556
1.4727873802185059 1.505081057548523
1.4727356433868408 1.5080790519714355
1.4726674556732178 1.5032800436019897
1.4726665019989014 1.5028282403945923
1.4727033376693726 1.499802589416504
1.472662329673767 1.5028997659683228
1.4726060628890991 1.5098484754562378
1.4726371765136719 1.5056930780410767
1.4726823568344116 1.50568425655365
1.4726614952087402 1.5039888620376587
1.4725462198257446 1.5007688999176025
1.4723478555679321 1.5016934871673584
1.4442684650421143 1.4471136331558228
1.341133713722229 1.2829829454421997
1.182419776916504 1.1695919036865234
1.1274408102035522 1.1198294162750244
1.0914885997772217 1.0984792709350586
1.0573853254318237 1.0656545162200928
1.0343456268310547 1.0362387895584106
1.0236146450042725 1.0364339351654053
1.0146013498306274 1.0348622798919678
1.0056686401367188 1.0121172666549683
0.9963080883026123 1.0192137956619263
0.9892609119415283 0.9943148493766785
0.9825353026390076 0.9902524352073669
0.9765446186065674 0.985188901424408
0.9714264273643494 0.9967122673988342
0.9668329954147339 0.9666566252708435
0.9618836045265198 0.9817283749580383
0.9582581520080566 0.9658910036087036
0.9533628821372986 0.9761337041854858
0.9506471753120422 0.9498388767242432
0.9488661289215088 0.9459617137908936
0.9433053731918335 0.9546188116073608
0.9399265646934509 0.9321407675743103
0.7753925323486328 0.6845672726631165
0.6664119958877563 0.669528603553772
0.6373303532600403 0.6082301735877991
0.6246116161346436 0.6009067296981812
0.6170001029968262 0.5953632593154907
0.6087339520454407 0.6015952229499817
0.6008579134941101 0.584065318107605
0.5973085165023804 0.5834867358207703
0.5980200171470642 0.5796546339988708
0.5941718816757202 0.5869266986846924
0.5876504778862 0.584597647190094
0.5874785780906677 0.6084415912628174
0.584693193435669 0.5861351490020752
0.5853256583213806 0.5885539650917053
0.5842646956443787 0.5951424837112427
0.5788264870643616 0.5902242660522461
0.5793221592903137 0.6275343894958496
0.5777897238731384 0.5710217356681824
0.5753289461135864 0.5855599641799927
0.5771891474723816 0.6452977061271667
0.5758521556854248 0.614894688129425
0.5740233063697815 0.5899071097373962
0.571032702922821 0.6250192523002625
0.5732119679450989 0.5849920511245728
0.5704011917114258 0.6049821972846985
0.5685591101646423 0.6024200320243835
0.5707926750183105 0.6002032160758972
0.5679345726966858 0.5595537424087524
0.5661851167678833 0.5836887955665588
0.5671322345733643 0.5500765442848206
0.5653539896011353 0.5557860732078552
0.5641211271286011 0.5537841320037842
0.5669441223144531 0.6288108229637146
0.5647544264793396 0.6330275535583496
0.5648800134658813 0.552749752998352
0.5664163827896118 0.5569440722465515
0.5636585354804993 0.5772292613983154
0.5605013370513916 0.5967311263084412
0.5598909854888916 0.5703941583633423
0.5605567693710327 0.554060697555542
0.5591642260551453 0.5857669711112976
0.5613756775856018 0.5874093174934387
0.559995710849762 0.5739383101463318
0.5576344132423401 0.5599350333213806
0.5581607222557068 0.6247395277023315
0.5601723194122314 0.5523793697357178
0.5556872487068176 0.5482959747314453
0.5559953451156616 0.5725769400596619
0.5547495484352112 0.5566028952598572
0.5547140836715698 0.5705826282501221
0.5606183409690857 0.5536738634109497
0.5587236285209656 0.5612314939498901
0.5543186664581299 0.5625791549682617
0.5498982667922974 0.5513070225715637
0.5536817908287048 0.5686113834381104
0.5537617206573486 0.5810248851776123
0.5557934641838074 0.5463640689849854
0.5534471273422241 0.5436314344406128
0.552170991897583 0.5703014731407166
0.5537495613098145 0.5633429288864136
0.5508456230163574 0.5580175518989563
0.5529550313949585 0.5641735792160034
0.5515663623809814 0.543441116809845
0.5521191358566284 0.5991985201835632
0.5479745268821716 0.5459230542182922
0.5512969493865967 0.6121334433555603
0.5501654148101807 0.5515097975730896
0.5501577854156494 0.5499331951141357
0.5482591986656189 0.552142858505249
0.5511137247085571 0.5471277832984924
0.5456059575080872 0.5616092085838318
0.5473222136497498 0.5340917110443115
0.545053243637085 0.5331623554229736
0.5467396974563599 0.5451750159263611
0.5468530058860779 0.5434879660606384
0.5470436811447144 0.5336685180664062
0.5458996891975403 0.6102226972579956
0.5485164523124695 0.5801617503166199
0.5475437045097351 0.5303253531455994
0.5435429215431213 0.5556386113166809
0.5460976958274841 0.5619887113571167
0.545831561088562 0.5457130074501038
0.5417282581329346 0.5800549983978271
0.5447731018066406 0.5520354509353638
0.541422963142395 0.5444714426994324
0.5437265038490295 0.5485617518424988
0.5424143671989441 0.5560417175292969
0.5411791205406189 0.5833621025085449
0.5416508316993713 0.5629655718803406
0.5431607961654663 0.5463994741439819
0.540992796421051 0.5404402017593384
0.542628288269043 0.5703021287918091
0.5404908061027527 0.5357636213302612
0.5429028868675232 0.566478431224823
0.5431339740753174 0.5995507836341858
0.5425095558166504 0.5437221527099609
0.5420789122581482 0.5751339793205261
0.5404326319694519 0.529071569442749
0.5388259291648865 0.6244652271270752
0.5426492094993591 0.5315766334533691
0.5388198494911194 0.5339270234107971
0.5386363863945007 0.5418127775192261
0.5375915765762329 0.6149627566337585
0.5394256114959717 0.5355233550071716
0.5402222275733948 0.5350689888000488
0.5398833751678467 0.5351625084877014
0.5396725535392761 0.5363497138023376
0.536714494228363 0.5472765564918518
0.5370016098022461 0.5376186370849609
0.5367592573165894 0.5944119691848755
0.5363696813583374 0.5572062730789185
0.5360426306724548 0.5356223583221436
0.5400933027267456 0.530141294002533
0.5369463562965393 0.5429524183273315
0.5368924140930176 0.5274562835693359
0.5358698964118958 0.5245977640151978
0.5375348925590515 0.5273312330245972
0.5368035435676575 0.5509610772132874
0.5364929437637329 0.5328112244606018
0.5367813110351562 0.5333136320114136
0.5359222888946533 0.5314071774482727
0.5375328063964844 0.5247946381568909
0.5354852676391602 0.5811416506767273
0.5366328358650208 0.5317976474761963
0.53584223985672 0.5537983179092407
0.5360270738601685 0.5370169281959534
0.5345343947410583 0.6187975406646729
0.5361441373825073 0.5464850664138794
0.5352171659469604 0.5328208804130554
0.5371232032775879 0.5379324555397034
0.5344989895820618 0.6095160841941833
0.5328856110572815 0.5342142581939697
0.5362796783447266 0.5333148837089539
0.534339427947998 0.5228700637817383
0.5303348898887634 0.5272641181945801
0.535111129283905 0.6039645671844482
0.5326842069625854 0.5338603258132935
0.533511757850647 0.5406612157821655
0.5327139496803284 0.5591349005699158
0.5329166054725647 0.627184271812439
0.5315896272659302 0.5347476005554199
0.5318543314933777 0.5207932591438293
0.5324496626853943 0.5347318053245544
0.5310607552528381 0.5387580990791321
0.5331624746322632 0.55864417552948
0.5311872959136963 0.6055931448936462
0.5318847298622131 0.5334236025810242
0.5301299691200256 0.5269774198532104
0.5311723947525024 0.523935079574585
0.5309061408042908 0.620684027671814
0.5309669971466064 0.5372588634490967
0.5300527811050415 0.5222919583320618
0.52985018491745 0.5511978268623352
0.5298393964767456 0.5548743605613708
0.5288535952568054 0.556370198726654
0.5310969352722168 0.5391660928726196
0.5269506573677063 0.5591638684272766
0.5293625593185425 0.6128649115562439
0.5289698243141174 0.538211464881897
0.525395393371582 0.5171790719032288
0.5272617340087891 0.6251534819602966
0.5306826829910278 0.5244429111480713
0.5286545157432556 0.5276386737823486
0.5293280482292175 0.5236570239067078
0.5281423330307007 0.5448845624923706
0.5253725647926331 0.5265726447105408
0.5281764268875122 0.5324303507804871
0.5303924679756165 0.5747121572494507
0.5275022387504578 0.616568386554718
0.5278692245483398 0.5162392854690552
0.5283511281013489 0.5162723660469055
0.5280299186706543 0.5348625183105469
0.5265599489212036 0.5292515158653259
0.5285530686378479 0.5298348665237427
0.5287640690803528 0.5289178490638733
0.526966392993927 0.5428945422172546
0.5264276266098022 0.5340725779533386
0.5257658362388611 0.55323326587677
0.5269361734390259 0.5654657483100891
0.5268183946609497 0.5297359228134155
0.5244303941726685 0.5204832553863525
0.5259817242622375 0.5274238586425781
0.5291293263435364 0.5304747819900513
0.5242392420768738 0.544127881526947
0.5273780822753906 0.5246878266334534
0.5273002982139587 0.5530458092689514
0.5259645581245422 0.5208752751350403
0.525058388710022 0.5236655473709106
0.5264870524406433 0.5164146423339844
0.5250070691108704 0.5182666778564453
0.5254271030426025 0.5550391674041748
0.5260611176490784 0.527860701084137
0.5279850959777832 0.5316989421844482
0.5238355398178101 0.5219749808311462
0.5239123702049255 0.5332552790641785
0.5254498720169067 0.5443769097328186
0.5245833992958069 0.5230696201324463
0.5234759449958801 0.5220943093299866
0.5231373310089111 0.5321519374847412
0.5229174494743347 0.5202828049659729
0.5257242321968079 0.6057329773902893
0.5229640603065491 0.5414355397224426
0.5246590971946716 0.5230571031570435
0.5230437517166138 0.5223719477653503
0.5212128758430481 0.5294768810272217
0.522794246673584 0.5283157229423523
0.52400803565979 0.5173020958900452
0.522415041923523 0.5166768431663513
0.5243292450904846 0.5192781686782837
0.522535502910614 0.5161935091018677
0.5208942294120789 0.5173926949501038
0.5217973589897156 0.5387672185897827
0.5192931294441223 0.5163330435752869
0.5211406350135803 0.5189913511276245
0.5205759406089783 0.6197168231010437
0.5202476382255554 0.5455185770988464
0.5184547305107117 0.5193396806716919
0.5222935676574707 0.5388362407684326
0.5205095410346985 0.5138664245605469
0.5211784243583679 0.5397824048995972
0.519400417804718 0.5186783075332642
0.5203806161880493 0.5252853631973267
0.5174538493156433 0.547542154788971
0.519516110420227 0.5437636375427246
0.5186856389045715 0.5110321640968323
0.5186970233917236 0.5126112699508667
0.517074704170227 0.5127227306365967
0.5195785164833069 0.538504958152771
0.5180649161338806 0.5313050746917725
0.5202597975730896 0.5170118808746338
0.5164320468902588 0.5362923741340637
0.51866215467453 0.5242076516151428
0.5175911784172058 0.5374603867530823
0.5175217390060425 0.529532253742218
0.5160113573074341 0.5240504145622253
0.5184861421585083 0.5145482420921326
0.5168496370315552 0.5168887376785278
0.51545250415802 0.5148961544036865
0.5160833597183228 0.512398898601532
0.5169716477394104 0.6148930788040161
0.5156084299087524 0.5284661054611206
0.5153402090072632 0.5164703130722046
0.5168068408966064 0.5502514243125916
0.5167723298072815 0.5532837510108948
0.5157122611999512 0.516472578048706
0.513669490814209 0.5169934630393982
0.5134904980659485 0.525668740272522
0.5160672664642334 0.5154498219490051
0.5170414447784424 0.511130154132843
0.516103982925415 0.5500746369361877
0.5159379839897156 0.5171265602111816
0.5136927366256714 0.5131937265396118
0.5151289105415344 0.583533763885498
0.5134390592575073 0.507884681224823
0.5149447321891785 0.515818178653717
0.5116384029388428 0.5082159042358398
0.5125687122344971 0.5982481837272644
0.5150968432426453 0.5242493152618408
0.5142831206321716 0.5118054747581482
0.5123079419136047 0.5434989929199219
0.5127245783805847 0.5166423916816711
0.5151631832122803 0.5181906223297119
0.5150275230407715 0.5094115734100342
0.5139084458351135 0.516505241394043
0.5123464465141296 0.5156065821647644
0.5134419798851013 0.5214359164237976
0.510378897190094 0.5461565256118774
0.5105223655700684 0.5109825134277344
0.5141317248344421 0.5057790875434875
0.5112765431404114 0.5163164138793945
0.5117173790931702 0.5168183445930481
0.5124760866165161 0.5153906345367432
0.511445939540863 0.5821775197982788
0.51375812292099 0.5146657824516296
0.5143352150917053 0.5177226066589355
0.5124561786651611 0.5251523852348328
0.5123628973960876 0.5208935737609863
0.5105167627334595 0.6243647336959839
0.5107755064964294 0.5090339183807373
0.512468159198761 0.5210084319114685
0.5087375640869141 0.517466127872467
0.5117139220237732 0.5104443430900574
0.5114786028862 0.5257137417793274
0.5094127655029297 0.5299975872039795
0.5086502432823181 0.5504739284515381
0.5112367272377014 0.5400800704956055
0.5114132761955261 0.5291977524757385
0.5113887190818787 0.5293807983398438
0.5092470049858093 0.5384445190429688
0.5106160640716553 0.5116921663284302
0.5083475112915039 0.5040361285209656
0.5104255676269531 0.5639796853065491
0.5071051120758057 0.5596798062324524
0.5118650794029236 0.5182380080223083
0.5107077360153198 0.543150782585144
0.5094217658042908 0.5386817455291748
0.5089026093482971 0.5035634636878967
0.5076900124549866 0.5211519598960876
0.5085394382476807 0.5049338936805725
0.5077840089797974 0.5474426746368408
0.5092048048973083 0.5925078988075256
0.5068196058273315 0.5167595148086548
0.5074205994606018 0.5448741316795349
0.5103285908699036 0.5275182723999023
0.5088590383529663 0.50933438539505
0.5073847770690918 0.5017890334129333
0.509294867515564 0.5058538317680359
0.5096507668495178 0.5103397965431213
0.5070168972015381 0.509162187576294
0.507125735282898 0.5315459370613098
0.5076892971992493 0.5278091430664062
0.5065451860427856 0.5097466707229614
0.5095182061195374 0.5093838572502136
0.5083703398704529 0.5779130458831787
0.5056063532829285 0.5094648003578186
0.5071277022361755 0.5040024518966675
0.5073374509811401 0.5342603325843811
0.5068129897117615 0.5210899710655212
0.5071488618850708 0.533747136592865
0.5074712038040161 0.5135839581489563
0.5082193613052368 0.5134122371673584
0.5058897733688354 0.5120038390159607
0.5072664022445679 0.522201418876648
0.5058437585830688 0.5208651423454285
0.5055775046348572 0.5140979886054993
0.5076599717140198 0.5298599004745483
0.5071510076522827 0.5145285725593567
0.5068358182907104 0.5159325003623962
0.5066264271736145 0.5212405920028687
0.5056408643722534 0.5355654358863831
0.5063195824623108 0.5288699269294739
0.5075088739395142 0.5223017930984497
0.5079774260520935 0.5115290880203247
0.5060941576957703 0.4997469484806061
0.5062980651855469 0.5282396078109741
0.5062587857246399 0.5115453004837036
0.5049045085906982 0.49890658259391785
0.5053303241729736 0.49954864382743835
0.5052824020385742 0.526462972164154
0.506449282169342 0.5030694603919983
0.505011260509491 0.5039122700691223
0.5070335865020752 0.540207028388977
0.5067910552024841 0.5229589939117432
0.503889262676239 0.5072336792945862
0.5067731738090515 0.5536274909973145
0.5035803914070129 0.6035187840461731
