1.4907158613204956 1.468316674232483
1.4105290174484253 1.440350890159607
1.3936283588409424 1.419824481010437
1.365639328956604 1.3994438648223877
1.351987600326538 1.3884962797164917
1.3461660146713257 1.379080891609192
1.3417448997497559 1.3853815793991089
1.3368312120437622 1.3766212463378906
1.332759976387024 1.374681830406189
1.3287619352340698 1.3749322891235352
1.3250070810317993 1.3639286756515503
1.3211734294891357 1.357860803604126
1.3182517290115356 1.3529703617095947
1.3109005689620972 1.3364403247833252
1.2623502016067505 1.2598952054977417
1.035701870918274 0.9125291705131531
0.8448760509490967 0.8643896579742432
0.7963017821311951 0.8010790348052979
0.7703610062599182 0.7656130194664001
0.7569027543067932 0.763240396976471
0.7475419044494629 0.7526376247406006
0.7425824999809265 0.7599977850914001
0.7371823191642761 0.7455824613571167
0.7339231371879578 0.7798047661781311
0.7292922139167786 0.7311742901802063
0.7249743938446045 0.724208652973175
0.7206475734710693 0.7218506932258606
0.7181640267372131 0.7196720838546753
0.7139213681221008 0.7212622165679932
0.7100456357002258 0.7230393290519714
0.705231785774231 0.71464604139328
0.6985250115394592 0.7034493684768677
0.6904582977294922 0.6851986646652222
0.6683182120323181 0.6493563652038574
0.6130430102348328 0.5984559655189514
0.5583983659744263 0.5380996465682983
0.5234231948852539 0.5039380192756653
0.501952588558197 0.5206049680709839
0.48831185698509216 0.4819730520248413
0.47662925720214844 0.4653033912181854
0.4676152467727661 0.46571120619773865
0.46091511845588684 0.44798073172569275
0.45591410994529724 0.46350517868995667
0.45172151923179626 0.44457176327705383
0.4488869607448578 0.459346204996109
0.44606032967567444 0.476616770029068
0.44322869181632996 0.4721791744232178
0.4417591691017151 0.4496102035045624
0.43797364830970764 0.43359169363975525
0.43820375204086304 0.4457414150238037
0.4358350932598114 0.4278838336467743
0.43452054262161255 0.4256485104560852
0.4336702525615692 0.4347918927669525
0.4321397840976715 0.42640629410743713
0.4311550557613373 0.4450323283672333
0.4304697513580322 0.43409499526023865
0.4299265146255493 0.435868501663208
0.4297296106815338 0.4323236644268036
0.4288098216056824 0.42420536279678345
0.4291112422943115 0.44809117913246155
0.4281308948993683 0.42832228541374207
0.4275049865245819 0.4288901686668396
0.427344411611557 0.41994526982307434
0.42666956782341003 0.41965851187705994
0.4266331195831299 0.44665566086769104
0.4257064759731293 0.4376967251300812
0.42571598291397095 0.4220459759235382
0.42494797706604004 0.43453848361968994
0.42448222637176514 0.4259874224662781
0.4245073199272156 0.4239542484283447
0.4240249991416931 0.42166557908058167
0.4234269857406616 0.43988677859306335
0.4216131865978241 0.4200159013271332
0.42228272557258606 0.43037036061286926
0.42214322090148926 0.4213571846485138
0.4215964674949646 0.42069998383522034
0.42121803760528564 0.420322984457016
0.42084571719169617 0.43267199397087097
0.42107129096984863 0.4127723276615143
0.42034080624580383 0.41523274779319763
0.42130646109580994 0.4131300151348114
0.4201420545578003 0.42229941487312317
0.4198371469974518 0.44520998001098633
0.4198298752307892 0.43696439266204834
0.4198141396045685 0.4161587953567505
0.41900306940078735 0.42739084362983704
0.41938552260398865 0.4186275005340576
0.41891205310821533 0.42725473642349243
0.4188448488712311 0.4128822982311249
0.4183964431285858 0.4196051061153412
0.4182165265083313 0.421417772769928
0.41862213611602783 0.43189099431037903
0.4194527566432953 0.4191490113735199
0.41712644696235657 0.4353240728378296
0.4172345697879791 0.4116494059562683
0.41673046350479126 0.418506920337677
0.4173639714717865 0.4164094030857086
0.41676005721092224 0.4240478277206421
0.4166048467159271 0.4216863214969635
0.4161657691001892 0.42755362391471863
0.4160677194595337 0.4156409502029419
0.41611143946647644 0.425629198551178
0.41619446873664856 0.4241277873516083
0.4153290092945099 0.4156469404697418
0.4152553677558899 0.42017418146133423
0.41557103395462036 0.41389986872673035
0.41557377576828003 0.4240950047969818
0.41520193219184875 0.4172179400920868
0.4153118133544922 0.41987159848213196
0.4143950641155243 0.41203573346138
0.41485896706581116 0.43431439995765686
0.4151410162448883 0.4463648498058319
0.4143321216106415 0.4308266043663025
0.41468143463134766 0.42174914479255676
0.41469210386276245 0.4406455159187317
0.41480082273483276 0.4131108224391937
0.4143681526184082 0.4260893762111664
0.4139936864376068 0.4145544767379761
0.41368553042411804 0.4155109226703644
0.41454941034317017 0.412658154964447
0.41344526410102844 0.47040918469429016
0.4134673476219177 0.411175936460495
0.413066029548645 0.42263224720954895
0.4133027195930481 0.4183681309223175
0.4126874506473541 0.4117359519004822
0.4135000705718994 0.4136016368865967
0.4132685959339142 0.41194966435432434
0.41275647282600403 0.41564705967903137
0.412465900182724 0.42546799778938293
0.41254866123199463 0.4096263349056244
0.41192153096199036 0.4118584096431732
0.4125957787036896 0.41759800910949707
0.4123055338859558 0.4155440330505371
0.41228896379470825 0.4129810035228729
0.41236406564712524 0.41584253311157227
0.41197940707206726 0.41126519441604614
0.41235512495040894 0.4148758053779602
0.41224920749664307 0.41204965114593506
0.4117279350757599 0.41118037700653076
0.4118845760822296 0.4123375415802002
0.4109681248664856 0.4122616648674011
0.41148924827575684 0.40848878026008606
0.41102486848831177 0.41854530572891235
0.4111895263195038 0.41484418511390686
0.41126418113708496 0.4160279929637909
0.4110027253627777 0.41191327571868896
0.41072967648506165 0.41347143054008484
0.4105970859527588 0.4110199809074402
0.41020631790161133 0.42260661721229553
0.41068169474601746 0.4367466866970062
0.41053715348243713 0.4081915616989136
0.4105696678161621 0.4142726957798004
0.409915030002594 0.42296352982521057
0.41023340821266174 0.41171181201934814
0.4110245704650879 0.41355007886886597
0.4103442430496216 0.41189175844192505
0.40974894165992737 0.4213871359825134
0.4097927212715149 0.4162437617778778
0.4103071391582489 0.41178348660469055
0.40983471274375916 0.40897655487060547
0.40988609194755554 0.4132152795791626
0.41027191281318665 0.4349502921104431
0.4096110761165619 0.41115570068359375
0.4092184007167816 0.4152655601501465
0.4096590578556061 0.4281584620475769
0.40914827585220337 0.4127315282821655
0.4093013107776642 0.42216187715530396
0.40900349617004395 0.4213126003742218
0.4089570641517639 0.420871764421463
0.4090474247932434 0.4220239222049713
0.40849196910858154 0.41289615631103516
0.4091746211051941 0.4380471408367157
0.40869659185409546 0.42413780093193054
0.4090937376022339 0.4074246287345886
0.4086051285266876 0.40938127040863037
0.4086434245109558 0.4092997610569
0.4081423282623291 0.41951972246170044
0.40917009115219116 0.408827006816864
0.4081762731075287 0.41345593333244324
0.408547043800354 0.41842371225357056
0.40857309103012085 0.4173000156879425
0.4085707664489746 0.4118190407752991
0.40824273228645325 0.4110283851623535
0.4085330367088318 0.41262176632881165
0.4085145592689514 0.412704735994339
0.4079892933368683 0.42118263244628906
0.40800464153289795 0.43427133560180664
0.40766212344169617 0.4137752950191498
0.4076717495918274 0.42410263419151306
0.40822747349739075 0.44634321331977844
0.40744104981422424 0.42196351289749146
0.4067293107509613 0.4118025004863739
0.4072248041629791 0.41312065720558167
0.4072094261646271 0.414095401763916
0.4072422683238983 0.41046684980392456
0.40756770968437195 0.41150036454200745
0.40662524104118347 0.4104270040988922
0.4071248471736908 0.4152953624725342
0.40711575746536255 0.410273939371109
0.4072195291519165 0.4124844968318939
0.40719306468963623 0.4119550883769989
0.40706589818000793 0.4226740598678589
0.4068054258823395 0.4145168662071228
0.4069976806640625 0.4132642447948456
0.40645596385002136 0.4131786525249481
0.40717387199401855 0.4123595952987671
0.4068049490451813 0.4163505733013153
0.40701666474342346 0.41573697328567505
0.4062460958957672 0.4078863561153412
0.406252384185791 0.41494011878967285
0.40634146332740784 0.41219428181648254
0.4055992364883423 0.4152718186378479
0.406548410654068 0.418271541595459
0.40624427795410156 0.4102536737918854
0.40526583790779114 0.41589826345443726
0.4062034785747528 0.4124765694141388
0.40593886375427246 0.41040754318237305
0.40596169233322144 0.4114188551902771
0.4053916037082672 0.4133390486240387
0.40588730573654175 0.4117330312728882
0.4052656590938568 0.4125271439552307
0.4059631824493408 0.4226507246494293
0.4056968688964844 0.4111863970756531
0.4052499234676361 0.41351720690727234
0.4052887558937073 0.4111918807029724
0.4057561159133911 0.41000062227249146
0.4057377278804779 0.41166046261787415
0.405468225479126 0.40997207164764404
0.4054723083972931 0.41186755895614624
0.40519198775291443 0.4099574387073517
0.4051780700683594 0.41226208209991455
0.40521159768104553 0.4182966351509094
0.4046579897403717 0.4203284978866577
0.405289888381958 0.4113207757472992
0.40431153774261475 0.41372570395469666
0.4050174057483673 0.4065498113632202
0.40484583377838135 0.42470574378967285
0.40419209003448486 0.4074801206588745
0.40435945987701416 0.4132494330406189
0.4049645960330963 0.40886446833610535
0.40440037846565247 0.4116723835468292
0.4051593244075775 0.40778931975364685
0.40447381138801575 0.4136052429676056
0.40441545844078064 0.4093175530433655
0.40374135971069336 0.40894415974617004
0.4050694704055786 0.4423704147338867
0.4045516848564148 0.41716405749320984
0.40422487258911133 0.44019684195518494
0.4046024978160858 0.4094865322113037
0.4049217700958252 0.4161393344402313
0.4042496085166931 0.408328115940094
0.40468722581863403 0.41032931208610535
0.403768926858902 0.4117812514305115
0.40394383668899536 0.4205712676048279
0.40428367257118225 0.40928134322166443
0.4039158821105957 0.4144160747528076
0.403693288564682 0.4155665338039398
0.40397971868515015 0.4112659990787506
0.4037446081638336 0.40677013993263245
0.4041985273361206 0.4200877547264099
0.403748482465744 0.4239872097969055
0.4035249650478363 0.4097771644592285
0.4037281274795532 0.41484954953193665
0.4031466245651245 0.41853246092796326
0.4035755693912506 0.4110686182975769
0.4038723111152649 0.40960222482681274
0.40379798412323 0.4090796709060669
0.4030696749687195 0.40922194719314575
0.40334179997444153 0.42405030131340027
0.40336674451828003 0.4135033190250397
0.4031650424003601 0.41770675778388977
0.40317144989967346 0.42385831475257874
0.4031450152397156 0.41173458099365234
0.4029432237148285 0.43502113223075867
0.40351226925849915 0.4110508859157562
0.40300363302230835 0.4152236580848694
0.4034312665462494 0.41617974638938904
0.4030073285102844 0.418954461812973
0.4029116630554199 0.4193757176399231
0.4024127721786499 0.41325345635414124
0.40233007073402405 0.4073614776134491
0.4024253785610199 0.413814514875412
0.4031764268875122 0.41164031624794006
0.4022098779678345 0.4094386100769043
0.40206146240234375 0.41106298565864563
0.4022067189216614 0.42260345816612244
0.40205836296081543 0.4115457236766815
0.4022189974784851 0.41999176144599915
0.40237438678741455 0.41296157240867615
0.4025426208972931 0.4270940124988556
0.40183475613594055 0.41194862127304077
0.402726411819458 0.4150189757347107
0.40201640129089355 0.4126601219177246
0.4017900228500366 0.4119747579097748
0.40204674005508423 0.42961567640304565
0.4019288718700409 0.4088599681854248
0.40242478251457214 0.4170754849910736
0.40212929248809814 0.4107407033443451
0.40207868814468384 0.4104934334754944
0.40198421478271484 0.41137993335723877
0.4017369747161865 0.4117831885814667
0.4025948643684387 0.4308609366416931
0.4012368619441986 0.40657761693000793
0.4021526575088501 0.4137357771396637
0.4012691080570221 0.4087600111961365
0.4015997350215912 0.4156782031059265
0.401637464761734 0.40790706872940063
0.4008031189441681 0.4362542927265167
0.40173736214637756 0.4203501343727112
0.40111497044563293 0.40758559107780457
0.40128493309020996 0.4177837669849396
0.4009898900985718 0.41628968715667725
0.4010365605354309 0.41327372193336487
0.4011355936527252 0.4122404158115387
0.4016208052635193 0.4132389724254608
0.4012129604816437 0.4147631525993347
0.4012647867202759 0.4188489615917206
0.40124940872192383 0.4182312488555908
0.40103694796562195 0.4150233268737793
0.40150079131126404 0.41316714882850647
0.4009890556335449 0.4093482196331024
0.40125301480293274 0.41267356276512146
0.4011872112751007 0.41185262799263
0.4013529121875763 0.4102305769920349
0.4008481800556183 0.4142354130744934
0.4007019102573395 0.41032204031944275
0.40089598298072815 0.4133543372154236
0.40066730976104736 0.41280999779701233
0.4007264971733093 0.42527705430984497
0.40050530433654785 0.4088689982891083
0.40058833360671997 0.41532963514328003
0.4008164703845978 0.41815364360809326
0.40057939291000366 0.4107855558395386
0.4002620577812195 0.40969139337539673
0.40035390853881836 0.4161960780620575
0.40024542808532715 0.4096285402774811
0.400063157081604 0.4145476818084717
0.39964398741722107 0.41148337721824646
0.400238037109375 0.4133303761482239
0.40043139457702637 0.41868335008621216
0.4003099203109741 0.4115809202194214
0.4001569151878357 0.41106870770454407
0.4001302421092987 0.4107878804206848
0.4005349278450012 0.40897467732429504
0.4004753530025482 0.41650521755218506
0.3997233808040619 0.41850948333740234
0.4002896249294281 0.41164079308509827
0.40037640929222107 0.4155083894729614
0.40005889534950256 0.41134214401245117
0.3992243707180023 0.41016626358032227
0.39913374185562134 0.4067942202091217
0.39926671981811523 0.4195985198020935
0.3994635045528412 0.4143407940864563
0.39956730604171753 0.4169328510761261
0.39983463287353516 0.41421082615852356
0.3993578553199768 0.4094759225845337
0.39977502822875977 0.4182972013950348
0.399495005607605 0.4194055199623108
0.39985811710357666 0.4121287167072296
0.3998956084251404 0.42916083335876465
0.39916539192199707 0.41340401768684387
0.39919570088386536 0.4137040674686432
0.3993072509765625 0.4246028661727905
0.3995848000049591 0.40888044238090515
0.399159699678421 0.4119318425655365
0.39891889691352844 0.4129291772842407
0.3993166387081146 0.42272183299064636
0.39924120903015137 0.40744054317474365
0.3989536762237549 0.4090125560760498
0.3988080322742462 0.4183039963245392
0.3989092707633972 0.43503281474113464
0.3992922306060791 0.4247385561466217
0.39892253279685974 0.4119172990322113
0.3990841805934906 0.41221120953559875
0.39834439754486084 0.41807064414024353
0.3992248475551605 0.41027089953422546
0.3983372151851654 0.41007670760154724
0.3986019492149353 0.40984436869621277
0.3985261619091034 0.40890613198280334
0.3985651731491089 0.41365566849708557
0.39844679832458496 0.4233175814151764
0.39850538969039917 0.41006338596343994
0.39874643087387085 0.41276758909225464
0.39865562319755554 0.41460976004600525
0.39833271503448486 0.40646350383758545
0.3980362117290497 0.4087730944156647
0.39822834730148315 0.4121433198451996
0.3981359899044037 0.41004809737205505
0.39804214239120483 0.4113549590110779
0.3980773687362671 0.4070693850517273
0.39856985211372375 0.4082382321357727
0.39826372265815735 0.416914165019989
0.3987417221069336 0.41726022958755493
0.3984925150871277 0.4118562936782837
0.39773324131965637 0.4099939465522766
0.39776548743247986 0.41547372937202454
0.39744600653648376 0.4098494052886963
0.39765679836273193 0.4126742482185364
0.3978273868560791 0.41077694296836853
0.3973393440246582 0.4094617962837219
0.3979317843914032 0.41248300671577454
0.3974935710430145 0.4377674162387848
0.3975948989391327 0.41920793056488037
0.39767780900001526 0.4151294529438019
0.3975602388381958 0.4147569239139557
0.3971324861049652 0.40608546137809753
0.39761221408843994 0.4090873599052429
0.3975922465324402 0.4084986448287964
0.397534042596817 0.40896180272102356
0.3973942697048187 0.40750208497047424
0.39693349599838257 0.4117017984390259
0.39718279242515564 0.42209574580192566
0.3971920311450958 0.40986254811286926
0.3974822461605072 0.40861254930496216
0.39742791652679443 0.411164790391922
0.3969551920890808 0.4090881049633026
0.3976852297782898 0.4157502055168152
0.39726948738098145 0.42427870631217957
0.396820068359375 0.42574432492256165
0.39712393283843994 0.41481223702430725
0.39668360352516174 0.40827926993370056
0.39676564931869507 0.41148608922958374
0.39700159430503845 0.4160809814929962
0.3963141441345215 0.40952950716018677
0.39678338170051575 0.41448646783828735
0.396499365568161 0.41390588879585266
0.3964683413505554 0.4134677052497864
0.39666855335235596 0.4076066315174103
0.39652231335639954 0.41081660985946655
0.39676961302757263 0.40868574380874634
0.3965342342853546 0.41854366660118103
0.3966427743434906 0.4117416739463806
0.3962947726249695 0.41135188937187195
0.3964180052280426 0.41096749901771545
0.39652037620544434 0.4129476845264435
0.396180123090744 0.4112316370010376
0.39636704325675964 0.4186263978481293
0.3966875970363617 0.4097815155982971
0.3962209224700928 0.41122400760650635
0.39653560519218445 0.40833431482315063
0.39642834663391113 0.40873730182647705
0.39644232392311096 0.4107610583305359
0.3955784738063812 0.4109609127044678
0.3958616554737091 0.4122718870639801
0.3956634998321533 0.40998709201812744
0.39589613676071167 0.41227585077285767
0.3957788646221161 0.41299474239349365
0.39636653661727905 0.40790966153144836
0.3956323564052582 0.40840259194374084
0.39559000730514526 0.41526132822036743
0.3960053622722626 0.40912798047065735
0.39546459913253784 0.40998339653015137
0.39622020721435547 0.409380167722702
0.3955053389072418 0.4243896007537842
0.3958713710308075 0.4095090329647064
0.39551952481269836 0.42126765847206116
0.3957344591617584 0.4204837381839752
0.39536190032958984 0.4161502718925476
0.3957183063030243 0.4083644449710846
0.3953094184398651 0.4149545431137085
0.39581117033958435 0.41258713603019714
0.39546963572502136 0.4121803343296051
0.3958921432495117 0.4073191285133362
0.3954475224018097 0.4150567054748535
0.395689457654953 0.41839832067489624
0.3953891098499298 0.40957924723625183
0.3950349986553192 0.4103555977344513
0.39492905139923096 0.4108356237411499
0.39529988169670105 0.4097689688205719
0.3952367603778839 0.4151911437511444
0.39486679434776306 0.41488924622535706
0.39470142126083374 0.4152715802192688
0.3953703045845032 0.4118281900882721
0.39485499262809753 0.4081757068634033
0.39466673135757446 0.4087677001953125
0.39499273896217346 0.41347768902778625
0.39504796266555786 0.41057130694389343
0.3948727250099182 0.41095519065856934
0.3947102725505829 0.40967103838920593
0.39456427097320557 0.40957948565483093
0.39530396461486816 0.42833665013313293
0.3942117393016815 0.41014885902404785
0.3948453366756439 0.4096629023551941
0.39479565620422363 0.4269999861717224
0.39460739493370056 0.4113609194755554
0.39455142617225647 0.4146212339401245
0.39439958333969116 0.41013041138648987
0.39469659328460693 0.4087989330291748
0.39438554644584656 0.4150490164756775
0.3939056098461151 0.4099484980106354
0.39463499188423157 0.41059017181396484
0.39391279220581055 0.416212797164917
0.39412784576416016 0.41227173805236816
0.39396533370018005 0.43469732999801636
0.39422252774238586 0.4104492962360382
0.39388805627822876 0.4153379797935486
0.39412689208984375 0.41378217935562134
0.3940020501613617 0.4105759263038635
0.39399486780166626 0.41140270233154297
0.3940528631210327 0.4228353500366211
0.3940344750881195 0.4096463620662689
0.39382803440093994 0.41227686405181885
0.39404889941215515 0.41243302822113037
0.3941929340362549 0.4159676432609558
0.3939843475818634 0.409114807844162
0.3944946229457855 0.411908358335495
0.39395949244499207 0.4119299650192261
0.39405643939971924 0.4208793640136719
0.394098162651062 0.41352441906929016
0.39417916536331177 0.4151504337787628
0.3939644396305084 0.41743984818458557
0.3938429653644562 0.41043588519096375
0.39358219504356384 0.4169768989086151
0.3930400311946869 0.4105670154094696
0.3933447301387787 0.4102630317211151
0.39330676198005676 0.40986213088035583
0.3935796916484833 0.41122856736183167
0.39362627267837524 0.40999385714530945
0.39364567399024963 0.4200059771537781
0.39321500062942505 0.40866002440452576
0.39326047897338867 0.41191190481185913
0.39344173669815063 0.41785427927970886
0.39335954189300537 0.41220447421073914
0.3932214379310608 0.4107518494129181
0.3932521641254425 0.4161031246185303
0.39351433515548706 0.4115728437900543
0.39355748891830444 0.4132954180240631
0.39325153827667236 0.41050103306770325
0.39356014132499695 0.4107121527194977
0.3933057487010956 0.41151976585388184
0.3933999240398407 0.410805344581604
0.3927650451660156 0.41342872381210327
0.39339450001716614 0.42696961760520935
0.393206924200058 0.4122885763645172
0.39272451400756836 0.4179113805294037
0.392848402261734 0.42012691497802734
0.3926074504852295 0.4105156362056732
0.3926038146018982 0.40861931443214417
0.3929961323738098 0.41336938738822937
0.392457515001297 0.4150710105895996
0.3924640417098999 0.4125465750694275
0.39252761006355286 0.4134414494037628
0.39265695214271545 0.41416868567466736
0.3923467695713043 0.41111478209495544
0.39276111125946045 0.41243261098861694
0.3922714591026306 0.41305676102638245
0.39256909489631653 0.408092737197876
0.39282703399658203 0.40774843096733093
0.3923572897911072 0.4102230966091156
0.39232057332992554 0.40892934799194336
0.3926261067390442 0.41362786293029785
0.39294931292533875 0.41297003626823425
0.3927106261253357 0.41707706451416016
0.3927118182182312 0.41244933009147644
0.3921428918838501 0.4124131500720978
0.3922118842601776 0.4160419702529907
0.39256012439727783 0.4188937842845917
0.39261090755462646 0.42030152678489685
0.3919820785522461 0.4117876887321472
0.39194560050964355 0.40834465622901917
0.3918289840221405 0.41000303626060486
0.3916469216346741 0.4127548038959503
0.39200469851493835 0.4113386273384094
0.3919542729854584 0.40862298011779785
0.39173221588134766 0.4190253019332886
0.39200359582901 0.4147387742996216
0.391765296459198 0.4244637191295624
0.3916018009185791 0.41358399391174316
0.39210420846939087 0.4096437394618988
0.39169812202453613 0.4101532995700836
0.3918207883834839 0.4098394215106964
0.3921853005886078 0.4078713059425354
0.39198175072669983 0.4124526083469391
0.39205947518348694 0.40975841879844666
0.39224937558174133 0.41223686933517456
0.3918161690235138 0.4079897701740265
0.391727089881897 0.4186892807483673
0.3916879892349243 0.4154413342475891
0.39196154475212097 0.4097801446914673
0.391946941614151 0.41157934069633484
0.3915605843067169 0.4095485210418701
0.39160647988319397 0.41082829236984253
0.3912231922149658 0.4102977514266968
0.3911452293395996 0.4103550314903259
0.3916876018047333 0.40836116671562195
0.39110690355300903 0.41453930735588074
0.39100679755210876 0.4098035991191864
0.39130374789237976 0.4102741479873657
0.39129438996315 0.4086143970489502
0.3910645544528961 0.4100740849971771
0.39116859436035156 0.40894031524658203
0.3911849856376648 0.412504106760025
0.3911432921886444 0.409595787525177
0.39102816581726074 0.4110412299633026
0.3910289704799652 0.4110187590122223
0.39104369282722473 0.4099405109882355
0.3911663293838501 0.41020530462265015
0.3909608721733093 0.40976887941360474
0.3907167613506317 0.41091039776802063
0.39109206199645996 0.42136839032173157
0.39120930433273315 0.411495566368103
0.3908347189426422 0.4083244502544403
0.3914298713207245 0.4107513129711151
0.39058443903923035 0.4102957844734192
0.39077579975128174 0.413686603307724
0.3906853199005127 0.4150724411010742
0.39049527049064636 0.4160998463630676
0.390433669090271 0.41362467408180237
0.3905351459980011 0.41006234288215637
0.3901642858982086 0.40959128737449646
0.3905254900455475 0.4151754677295685
0.3904966413974762 0.4104357361793518
0.3907289206981659 0.4311015009880066
0.3904772996902466 0.4109119772911072
0.39044615626335144 0.41055774688720703
0.3903787136077881 0.40973564982414246
0.39033493399620056 0.4141637086868286
0.3902888000011444 0.4213290512561798
0.39047160744667053 0.41292551159858704
0.39053264260292053 0.41019535064697266
0.3904247581958771 0.4106349050998688
0.3903117775917053 0.4085601270198822
0.39005133509635925 0.4125429093837738
0.39036399126052856 0.4142955243587494
0.3900657594203949 0.4154210090637207
0.39020630717277527 0.41078028082847595
0.3902985155582428 0.41819918155670166
0.39030584692955017 0.4097862243652344
0.3900870084762573 0.4111417233943939
0.38997960090637207 0.4176066219806671
0.3894333839416504 0.41106656193733215
0.3897886574268341 0.409196674823761
0.3897045850753784 0.4161441922187805
0.38962411880493164 0.40807318687438965
0.39001280069351196 0.41085493564605713
0.39000216126441956 0.41165482997894287
0.38978686928749084 0.4192643463611603
0.38970208168029785 0.40775859355926514
0.3900185525417328 0.4126591086387634
0.3897554874420166 0.40753573179244995
0.3894632160663605 0.409800261259079
0.3897184133529663 0.4086797833442688
0.38942861557006836 0.4152427613735199
0.38969525694847107 0.4109058678150177
0.38967379927635193 0.4186021685600281
0.3896355926990509 0.40918388962745667
0.3894754946231842 0.408109188079834
0.38971951603889465 0.40830084681510925
0.38975420594215393 0.4120289981365204
0.3898000121116638 0.4091762900352478
0.3894781172275543 0.4165954887866974
0.3893848657608032 0.41197142004966736
0.38938918709754944 0.4103093147277832
0.3892053961753845 0.4105643033981323
0.3889918029308319 0.4110040068626404
0.3892712891101837 0.4090390205383301
0.3888150155544281 0.4145265221595764
0.3893560767173767 0.40917596220970154
0.388947993516922 0.40801021456718445
0.3887128233909607 0.41382935643196106
0.38925448060035706 0.41246867179870605
0.38921502232551575 0.41263267397880554
0.389004111289978 0.4133220613002777
0.38873761892318726 0.4072714149951935
0.3897491991519928 0.4139184057712555
0.38877981901168823 0.4119763672351837
0.3890995681285858 0.41346651315689087
0.3890608251094818 0.4133073687553406
0.38909584283828735 0.40913406014442444
0.38897696137428284 0.42134302854537964
0.3887990713119507 0.4115722179412842
0.3891197144985199 0.4099824130535126
0.3889250159263611 0.4090919494628906
0.38868507742881775 0.4112030565738678
0.38875988125801086 0.40833190083503723
0.3884325623512268 0.41172343492507935
0.38877299427986145 0.41836774349212646
0.3883292078971863 0.4096880257129669
0.38881590962409973 0.41083332896232605
0.3887399733066559 0.4105566143989563
0.38859114050865173 0.40943339467048645
0.3882836401462555 0.4122377634048462
0.388583779335022 0.4153798222541809
0.3883879482746124 0.4090022146701813
0.3890140652656555 0.4131355583667755
0.38844454288482666 0.41736429929733276
0.3882846534252167 0.4078059196472168
0.38805675506591797 0.41360753774642944
0.388414204120636 0.41594892740249634
0.3883557617664337 0.4122456908226013
0.3882094621658325 0.41196900606155396
0.3883611559867859 0.40847247838974
0.38843271136283875 0.4116390347480774
0.38860976696014404 0.4100908637046814
0.38823819160461426 0.4134805500507355
0.38827088475227356 0.41095954179763794
0.38827481865882874 0.4109814763069153
0.38833609223365784 0.4110291600227356
0.38803091645240784 0.40859153866767883
0.3878169357776642 0.41073957085609436
0.3880557715892792 0.41143062710762024
0.38786688446998596 0.4085032343864441
0.3879271149635315 0.4095122218132019
0.38763055205345154 0.41169044375419617
0.3876463770866394 0.41049569845199585
0.387998104095459 0.40909913182258606
0.38795843720436096 0.4103517532348633
0.38792315125465393 0.4106360077857971
0.38740187883377075 0.40857839584350586
0.38767191767692566 0.41332578659057617
0.38778918981552124 0.41152164340019226
0.387830525636673 0.4186972677707672
0.38761183619499207 0.4131489098072052
0.3881615996360779 0.4181118607521057
0.387622207403183 0.417993426322937
0.38793981075286865 0.4109227955341339
0.38763195276260376 0.411691278219223
0.387382447719574 0.41439953446388245
0.3876638114452362 0.41221755743026733
0.38780537247657776 0.40929943323135376
0.38793620467185974 0.4133894145488739
0.38779211044311523 0.41309502720832825
0.38750699162483215 0.41550713777542114
0.3874723017215729 0.4100974500179291
0.3873119354248047 0.41200822591781616
0.3873884081840515 0.40846487879753113
0.3875189423561096 0.4091493487358093
0.3874962031841278 0.4097650349140167
0.38737836480140686 0.4146841764450073
0.3873312771320343 0.41236239671707153
0.38725772500038147 0.4175596237182617
0.38734185695648193 0.4085264503955841
0.38705044984817505 0.40949496626853943
0.3870615065097809 0.41623491048812866
0.3876267671585083 0.40886637568473816
0.38703790307044983 0.41147923469543457
0.3874043822288513 0.40979906916618347
0.38739821314811707 0.4105088412761688
0.38702839612960815 0.42072683572769165
0.3872282803058624 0.41810375452041626
0.3870154619216919 0.4095476269721985
0.38708528876304626 0.4103740453720093
0.3871985971927643 0.41407305002212524
0.38693276047706604 0.4106893837451935
0.38702282309532166 0.41424259543418884
0.386980265378952 0.4107291102409363
0.386783242225647 0.40878674387931824
0.3868553042411804 0.41707906126976013
0.3865605890750885 0.4113048017024994
0.38644301891326904 0.41217124462127686
0.38669562339782715 0.41482841968536377
0.3865906894207001 0.41120877861976624
0.3870313763618469 0.4106183648109436
0.3868218660354614 0.4099680483341217
0.3865824341773987 0.4158153831958771
0.3865145146846771 0.41005396842956543
0.38678619265556335 0.4148577153682709
0.38662347197532654 0.41082462668418884
0.386778861284256 0.414899617433548
0.3867964744567871 0.409731388092041
0.38668039441108704 0.4095752537250519
0.38672229647636414 0.4157036542892456
0.3866349458694458 0.4164709746837616
0.3867083489894867 0.4127368927001953
0.3866979777812958 0.41821861267089844
0.38643983006477356 0.4089601933956146
0.38699421286582947 0.41297125816345215
0.3866610527038574 0.4140913784503937
0.386324018239975 0.41080647706985474
0.3864375948905945 0.4085712432861328
0.38602596521377563 0.4117836654186249
0.38623660802841187 0.4099749028682709
0.3863696753978729 0.40858492255210876
0.386148601770401 0.4110541343688965
0.3862631618976593 0.4111798405647278
0.38624170422554016 0.4122123122215271
0.3860248327255249 0.41069507598876953
0.38613367080688477 0.4152478873729706
0.3861173689365387 0.4113031327724457
0.3861989974975586 0.40915238857269287
0.3862815499305725 0.40877965092658997
0.3861217498779297 0.4120001196861267
0.38616302609443665 0.40920403599739075
0.3862381875514984 0.4111565947532654
0.3861486613750458 0.41088929772377014
0.3864418864250183 0.4093702733516693
0.38617467880249023 0.4092260003089905
0.38608264923095703 0.4102694094181061
0.3860636353492737 0.4094407856464386
0.3860832750797272 0.41088154911994934
0.38643527030944824 0.411933034658432
0.38573458790779114 0.4096791744232178
0.38564392924308777 0.41138336062431335
0.3857589364051819 0.40951699018478394
0.3860401213169098 0.4099043607711792
0.3856877088546753 0.4117066562175751
0.38591331243515015 0.4184243679046631
0.38561370968818665 0.41349396109580994
0.3860797882080078 0.4140413701534271
0.38562196493148804 0.4144483804702759
