1.5021120309829712 1.7090080976486206
1.4795560836791992 1.6309199333190918
1.1669590473175049 0.6859285235404968
0.4275470972061157 0.27365121245384216
0.23509334027767181 0.1927582323551178
0.20359916985034943 0.19907255470752716
0.19280968606472015 0.17654256522655487
0.18325373530387878 0.19349302351474762
0.17807359993457794 0.16517262160778046
0.1744140386581421 0.1606036126613617
0.1695941835641861 0.2753889560699463
0.16697756946086884 0.19042950868606567
0.16483725607395172 0.16869232058525085
0.1631588488817215 0.15692296624183655
0.16088217496871948 0.1674521565437317
0.15992620587348938 0.1971593052148819
0.15773475170135498 0.15293048322200775
0.15650935471057892 0.14954374730587006
0.1537308245897293 0.15108709037303925
0.15286438167095184 0.15255512297153473
0.15205499529838562 0.1480104625225067
0.14985333383083344 0.15320317447185516
0.14758746325969696 0.15712256729602814
0.14499391615390778 0.14246796071529388
0.14542032778263092 0.14115096628665924
0.1443595141172409 0.16016913950443268
0.1425418108701706 0.14508473873138428
0.14112532138824463 0.1418987363576889
0.14065849781036377 0.13762986660003662
0.13951119780540466 0.1399962455034256
0.1399909257888794 0.13596127927303314
0.14075753092765808 0.13001829385757446
0.13751624524593353 0.13169023394584656
0.13648805022239685 0.19203001260757446
0.13565191626548767 0.16936446726322174
0.1364486664533615 0.16861523687839508
0.1365993767976761 0.22113312780857086
0.1335163712501526 0.1461920440196991
0.13439761102199554 0.149259552359581
0.13303735852241516 0.12936680018901825
0.13382688164710999 0.14090992510318756
0.13281777501106262 0.1573573797941208
0.1318894326686859 0.13193877041339874
0.13221153616905212 0.14087937772274017
0.1301727592945099 0.17008088529109955
0.13076016306877136 0.15786655247211456
0.13056950271129608 0.13840550184249878
0.1298501044511795 0.1723496913909912
0.12948834896087646 0.1385296881198883
0.12968319654464722 0.13950814306735992
0.12797865271568298 0.12373864650726318
0.1280275285243988 0.1265714317560196
0.12812496721744537 0.13988369703292847
0.12838520109653473 0.1415688693523407
0.12724840641021729 0.1373996138572693
0.12644538283348083 0.13471467792987823
0.1260223686695099 0.1271401345729828
0.12548229098320007 0.12990674376487732
0.12936225533485413 0.14615876972675323
0.12529496848583221 0.1264362931251526
0.12457583099603653 0.13476498425006866
0.1249692291021347 0.15448816120624542
0.12450207024812698 0.14433977007865906
0.1251388043165207 0.15626506507396698
0.12346532195806503 0.12326987832784653
0.12300879508256912 0.12879008054733276
0.12209530174732208 0.12259317189455032
0.12148109078407288 0.1341048926115036
0.12198653817176819 0.1262938678264618
0.12197844684123993 0.11381639540195465
0.12228481471538544 0.1230526864528656
0.12073919177055359 0.1188896968960762
0.12043234705924988 0.11836851388216019
0.12095349282026291 0.12174568325281143
0.12097251415252686 0.12373759597539902
0.1203954890370369 0.15928424894809723
0.12004446983337402 0.12876512110233307
0.11966787278652191 0.12245422601699829
0.11884089559316635 0.12734735012054443
0.1192110925912857 0.12015540152788162
0.11820074915885925 0.12048693001270294
0.1193159744143486 0.12212134897708893
0.11901521682739258 0.11715187132358551
0.11900494992733002 0.12847372889518738
0.11867709457874298 0.11958976089954376
0.11777229607105255 0.12013818323612213
0.11785498261451721 0.11774314194917679
0.1172611340880394 0.13329777121543884
0.11814745515584946 0.11777089536190033
0.11805812269449234 0.11188973486423492
0.11639789491891861 0.11947514861822128
0.11748311668634415 0.11606307327747345
0.11768147349357605 0.12168458849191666
0.1160501167178154 0.11217746138572693
0.11650777608156204 0.11821909993886948
0.11624225229024887 0.11885946244001389
0.11560716480016708 0.1401902139186859
0.11712383478879929 0.1161467432975769
0.11591797322034836 0.13576896488666534
0.11537399888038635 0.14272888004779816
0.1152794286608696 0.1292983740568161
0.11478517949581146 0.11659114062786102
0.12347450852394104 0.13336482644081116
0.11381658166646957 0.11871682852506638
0.11481916904449463 0.1226591244339943
0.11449091881513596 0.1320188343524933
0.11482364684343338 0.11326411366462708
0.11550353467464447 0.13706715404987335
0.11480293422937393 0.11232782155275345
0.11419571936130524 0.11371111869812012
0.11461356282234192 0.13741303980350494
0.11398763954639435 0.13843278586864471
0.1137484610080719 0.11263164132833481
0.11364619433879852 0.13312751054763794
0.11416967958211899 0.11980675905942917
0.1131732240319252 0.11315754055976868
0.11313794553279877 0.13404950499534607
0.11341147124767303 0.11120785772800446
0.1125674918293953 0.13618646562099457
0.1133103296160698 0.10890384018421173
0.11413400620222092 0.1137082502245903
0.11327173560857773 0.12215729057788849
0.11235303431749344 0.1080503761768341
0.1130715012550354 0.11191736906766891
0.11288689821958542 0.11704186350107193
0.11223229020833969 0.11781704425811768
0.11219250410795212 0.11231999099254608
0.1124475970864296 0.11947847902774811
0.11276224255561829 0.13757164776325226
0.11224805563688278 0.10938259214162827
0.11200064420700073 0.12125062197446823
0.11266990751028061 0.10913258790969849
0.11258406192064285 0.11721555888652802
0.11180949956178665 0.126334086060524
0.11187557876110077 0.12125693261623383
0.11247304081916809 0.10983652621507645
0.11123814433813095 0.10989285260438919
0.11142341792583466 0.11423726379871368
0.11133472621440887 0.14346928894519806
0.11198236793279648 0.12074773013591766
0.11150994151830673 0.1292198896408081
0.11185561120510101 0.12932229042053223
0.11086398363113403 0.11268720030784607
0.11101631820201874 0.14562636613845825
0.11086603999137878 0.12616173923015594
0.11057888716459274 0.133749321103096
0.11049846559762955 0.11121844500303268
0.11054708063602448 0.1259966492652893
0.11031211167573929 0.12240340560674667
0.10985751450061798 0.11741496622562408
0.11084230244159698 0.10670977830886841
0.11080488562583923 0.1251012235879898
0.11034205555915833 0.14198477566242218
0.10986357182264328 0.1344452202320099
0.11035562306642532 0.12273731082677841
0.10999763011932373 0.10703447461128235
0.11005326360464096 0.10986793786287308
0.10970601439476013 0.12011965364217758
0.11046186089515686 0.11146420985460281
0.11007271707057953 0.11323155462741852
0.1140507161617279 0.1133805587887764
0.10997981578111649 0.11447940021753311
0.1088031679391861 0.1171562522649765
0.10955196619033813 0.11127311736345291
0.10893906652927399 0.12537887692451477
0.10912305116653442 0.12871697545051575
0.11005832999944687 0.11854918301105499
0.10946637392044067 0.1222907081246376
0.10958866775035858 0.10944333672523499
0.10847862809896469 0.11866015195846558
0.10949776321649551 0.11132524907588959
0.1086759865283966 0.10983894020318985
0.10822006314992905 0.11258101463317871
0.10900308191776276 0.10594286769628525
0.10851693153381348 0.12167029082775116
0.10981825739145279 0.1150885671377182
0.10892518609762192 0.11090391129255295
0.10863432288169861 0.10654396563768387
0.10854941606521606 0.13895970582962036
0.10773660987615585 0.10611484944820404
0.10805477946996689 0.10369657725095749
0.1083640456199646 0.11684330552816391
0.10724594444036484 0.10643249750137329
0.10855270177125931 0.10411036759614944
0.10724170506000519 0.13066217303276062
0.10809072107076645 0.12171916663646698
0.10825011879205704 0.10933896154165268
0.10810138285160065 0.12113688141107559
0.1074792817234993 0.11304236203432083
0.10814113169908524 0.10905022919178009
0.10732913762331009 0.10380219668149948
0.10807005316019058 0.11156295239925385
0.10753144323825836 0.11538145691156387
0.10723728686571121 0.11777513474225998
0.10672134160995483 0.109617680311203
0.10827627778053284 0.10724407434463501
0.10697705298662186 0.10599963366985321
0.10740189254283905 0.10870824754238129
0.10626964271068573 0.11248993873596191
0.10721058398485184 0.10521629452705383
0.10676432400941849 0.1383764147758484
0.1073676198720932 0.11102628707885742
0.10685909539461136 0.11163632571697235
0.10733654350042343 0.1088801696896553
0.10729603469371796 0.11678373068571091
0.10817519575357437 0.11462443321943283
0.10585113614797592 0.1129121482372284
0.10691981762647629 0.10856658965349197
0.10658495873212814 0.15206025540828705
0.10653165727853775 0.11149434745311737
0.1069193109869957 0.13486988842487335
0.10597527027130127 0.10776862502098083
0.10611092299222946 0.12357407808303833
0.10693082213401794 0.10542207956314087
0.10744054615497589 0.1126411110162735
0.10569692403078079 0.11053970456123352
0.10601398348808289 0.12227393686771393
0.10663548111915588 0.1112746000289917
0.10572335124015808 0.13551367819309235
0.10635124146938324 0.1118566244840622
0.10702655464410782 0.1154291033744812
0.10664620995521545 0.1142924427986145
0.10579448938369751 0.10946358740329742
0.106212317943573 0.1123993769288063
0.10517401248216629 0.1165737509727478
0.10509280115365982 0.13701649010181427
0.10508609563112259 0.11586236208677292
0.1064729392528534 0.10717402398586273
0.10559075325727463 0.10628103464841843
0.10647762566804886 0.11130737513303757
0.10642863065004349 0.10482987016439438
0.105721615254879 0.12797300517559052
0.1049843356013298 0.15233688056468964
0.10576531291007996 0.1260228008031845
0.10603170096874237 0.10264628380537033
0.10510088503360748 0.11336219310760498
0.10542277991771698 0.10743514448404312
0.10598809272050858 0.11278115957975388
0.10488320142030716 0.1164843738079071
0.10524531453847885 0.10354681313037872
0.10530119389295578 0.11702124774456024
0.10499446094036102 0.10601458698511124
0.10526637732982635 0.10972217470407486
0.1057131290435791 0.10757477581501007
0.105223648250103 0.10616390407085419
0.10511508584022522 0.10218817740678787
0.1054270938038826 0.11901198327541351
0.10482490807771683 0.13324493169784546
0.10475531220436096 0.12855204939842224
0.10589131712913513 0.10247298330068588
0.10512182116508484 0.11682985723018646
0.1049552783370018 0.10675421357154846
0.1047552153468132 0.10965508967638016
0.10428400337696075 0.11760731041431427
0.10541100054979324 0.10798709839582443
0.10426782816648483 0.10581415146589279
0.10472381860017776 0.10844419151544571
0.10373587906360626 0.1113949567079544
0.10442208498716354 0.09988240897655487
0.10440351814031601 0.11091010272502899
0.10477079451084137 0.10528086125850677
0.1043212041258812 0.10976534336805344
0.1042504608631134 0.10848727822303772
0.10337283462285995 0.10105826705694199
0.10368971526622772 0.11590447276830673
0.10405895113945007 0.10657580196857452
0.11679006367921829 0.10456079244613647
0.10286583751440048 0.11231719702482224
0.10327835381031036 0.10347401350736618
0.10482608526945114 0.10562274605035782
0.10444106161594391 0.1113738864660263
0.10400088876485825 0.15482169389724731
0.10484684258699417 0.10437066853046417
0.10448793321847916 0.10638809949159622
0.10391589254140854 0.10114297270774841
0.1051926463842392 0.11668336391448975
0.10357681661844254 0.10721471160650253
0.10457443445920944 0.12077267467975616
0.10466291010379791 0.11430526524782181
0.10370352864265442 0.10508009046316147
0.10440930724143982 0.10149689763784409
0.10367944836616516 0.10392916947603226
0.10427844524383545 0.12001122534275055
0.10438282787799835 0.10698806494474411
0.10361488163471222 0.13339141011238098
0.10416214168071747 0.10477956384420395
0.1040673702955246 0.10887794941663742
0.10391746461391449 0.10085184872150421
0.10445572435855865 0.11464232951402664
0.10432350635528564 0.10393863916397095
0.10475239902734756 0.1028943732380867
0.10421440750360489 0.11466220021247864
0.10347407311201096 0.1137155219912529
0.10258912295103073 0.10199417173862457
0.10334949940443039 0.11664976924657822
0.10410448908805847 0.1081322729587555
0.10407017171382904 0.11442039161920547
0.10350446403026581 0.11084813624620438
0.10279791802167892 0.115735724568367
0.10310663282871246 0.1073271706700325
0.10294535011053085 0.1032266616821289
0.10270087420940399 0.10565368086099625
0.10471729934215546 0.11481219530105591
0.10362875461578369 0.1066037267446518
0.10444600880146027 0.10124559700489044
0.1037190705537796 0.11586662381887436
0.10358206927776337 0.10853850096464157
0.1018831729888916 0.11174359172582626
0.10356832295656204 0.1136549562215805
0.10297460854053497 0.10715465247631073
0.10403701663017273 0.0991082414984703
0.10316271334886551 0.10564552247524261
0.10242599248886108 0.10121285170316696
0.10394477844238281 0.10344669967889786
0.1025564968585968 0.11984816193580627
0.10310590267181396 0.109925277531147
0.10316731780767441 0.1031406819820404
0.103153295814991 0.1069406196475029
0.10338320583105087 0.10160651803016663
0.10256142914295197 0.10728707164525986
0.10358303040266037 0.11070232093334198
0.10350188612937927 0.10095145553350449
0.10287326574325562 0.10551179945468903
0.10276864469051361 0.10831359028816223
0.10233701020479202 0.13319873809814453
0.1027519628405571 0.10308410972356796
0.10217750817537308 0.1036476343870163
0.10270896553993225 0.10132314264774323
0.10378865152597427 0.10026427358388901
0.10255232453346252 0.123866505920887
0.1021723821759224 0.10353874415159225
0.10233450680971146 0.10060282051563263
0.10180176049470901 0.10798684507608414
0.1024591475725174 0.10824206471443176
0.10299750417470932 0.10443567484617233
0.10218517482280731 0.10249615460634232
0.10250277072191238 0.09852322190999985
0.10267269611358643 0.11495590955018997
0.10242509096860886 0.10915154963731766
0.10184751451015472 0.10563546419143677
0.10235124826431274 0.10467235743999481
0.10251094400882721 0.14249087870121002
0.10278100520372391 0.11242138594388962
0.10256272554397583 0.11570293456315994
0.10228428244590759 0.1059662252664566
0.1021883487701416 0.11854064464569092
0.1020267903804779 0.10219187289476395
0.10206368565559387 0.10751280933618546
0.10329978913068771 0.11442267149686813
0.10233599692583084 0.10254570096731186
0.10257847607135773 0.10928548127412796
0.1028478816151619 0.11385630071163177
0.10236499458551407 0.10310380905866623
0.10291898995637894 0.11157990992069244
0.1019948348402977 0.1143307238817215
0.10199537873268127 0.10335105657577515
0.10326483845710754 0.1030125841498375
0.10216406732797623 0.10708212852478027
0.10252057760953903 0.10333564877510071
0.1324882060289383 0.17148980498313904
0.11433806270360947 0.10447114706039429
0.10133208334445953 0.11287669092416763
0.10222207754850388 0.11003559827804565
0.10227273404598236 0.11415625363588333
0.10320528596639633 0.10735752433538437
0.10264386236667633 0.11097726225852966
0.10216545313596725 0.11475393921136856
0.10149793326854706 0.10489968210458755
0.10194385796785355 0.10715068876743317
0.10100439190864563 0.10213935375213623
0.101808562874794 0.10323605686426163
0.10316793620586395 0.11123257875442505
0.1019645631313324 0.1025829017162323
0.10252400487661362 0.10381555557250977
0.10220450907945633 0.10724487900733948
0.10226265341043472 0.10248173773288727
0.10147354751825333 0.11727244406938553
0.10175779461860657 0.13580040633678436
0.1017393097281456 0.11005163937807083
0.10240127891302109 0.11495381593704224
0.10179741680622101 0.1054081991314888
0.10209500044584274 0.10325286537408829
0.10187642276287079 0.10161621868610382
0.10134241729974747 0.11098835617303848
0.10183436423540115 0.10417923331260681
0.10190090537071228 0.11587560176849365
0.10201440006494522 0.09985194355249405
0.10314571857452393 0.1012384444475174
0.10120247304439545 0.10294819623231888
0.1019764244556427 0.10104676336050034
0.10172485560178757 0.10002554953098297
0.10221797227859497 0.10420139878988266
0.10128458589315414 0.10764770209789276
0.10094823688268661 0.10335902869701385
0.10153932124376297 0.10038374364376068
0.10165021568536758 0.11125693470239639
0.1015736535191536 0.10179158300161362
0.10114690661430359 0.09849242120981216
0.10149707645177841 0.1282287985086441
0.10114842653274536 0.1066887304186821
0.10140654444694519 0.10847608745098114
0.1007692739367485 0.10045600682497025
0.1013060137629509 0.10056931525468826
0.10182849317789078 0.09905031323432922
0.10135088115930557 0.13021227717399597
0.10048539191484451 0.1075853630900383
0.10111270844936371 0.10763724893331528
0.10145517438650131 0.10233144462108612
0.10211721807718277 0.11431907117366791
0.10049226880073547 0.10218432545661926
0.10169573128223419 0.0989253968000412
0.10133019089698792 0.10725738108158112
0.10084225237369537 0.10407225042581558
0.1022048369050026 0.11547176539897919
0.10142140835523605 0.10668684542179108
0.10165343433618546 0.12565797567367554
0.09961126744747162 0.10932082682847977
0.10112019628286362 0.09858625382184982
0.10138119757175446 0.0988331213593483
0.10077843815088272 0.1092052012681961
0.10074780881404877 0.11291693896055222
0.10247065871953964 0.10994214564561844
0.10084917396306992 0.11565549671649933
0.10192470997571945 0.10914704948663712
0.1013384759426117 0.10231436789035797
0.1012234315276146 0.10480862110853195
0.10068194568157196 0.09839677810668945
0.10111299902200699 0.09928451478481293
0.10048913210630417 0.11124764382839203
0.10141097009181976 0.09980171918869019
0.10170894861221313 0.13437336683273315
0.10110734403133392 0.13206246495246887
0.1007668524980545 0.09914328157901764
0.10056137293577194 0.10777292400598526
0.10043267160654068 0.10471951961517334
0.10087606310844421 0.11052257567644119
0.10114973038434982 0.11131660640239716
0.10074149817228317 0.10407587140798569
0.10116598755121231 0.10348542779684067
0.1006857380270958 0.10454914718866348
0.10069019347429276 0.10346004366874695
0.10095151513814926 0.11212124675512314
0.10068155825138092 0.13008640706539154
0.10107509046792984 0.10442663729190826
0.10117372870445251 0.10946183651685715
0.10065143555402756 0.09770052134990692
0.10110338032245636 0.10198763012886047
0.09979738295078278 0.10278689116239548
0.0998324304819107 0.10168620198965073
0.10069775581359863 0.11215267330408096
0.10095574706792831 0.11559375375509262
0.10046235471963882 0.12336853891611099
0.10076598078012466 0.10258474946022034
0.10049236565828323 0.09882820397615433
0.10032300651073456 0.10252851247787476
0.10280153900384903 0.10985605418682098
0.10063476115465164 0.10462021082639694
0.10172975063323975 0.11166466772556305
0.10045593231916428 0.10544552654027939
0.10127768665552139 0.10794904083013535
0.10068397223949432 0.11370714753866196
0.10004692524671555 0.11910261958837509
0.10160726308822632 0.10200094431638718
0.10060009360313416 0.12739726901054382
0.10005144774913788 0.099192775785923
0.100218765437603 0.1003383994102478
0.10054527968168259 0.11156844347715378
0.09989048540592194 0.10759671777486801
0.10010267049074173 0.10004188120365143
0.10071629285812378 0.10510825365781784
0.1003267914056778 0.1201648861169815
0.10083427280187607 0.10754843801259995
0.10050402581691742 0.09774143993854523
0.10039597749710083 0.12096366286277771
0.10135015100240707 0.10267075151205063
0.10062693804502487 0.11952312290668488
0.10044374316930771 0.1057317778468132
0.10083351284265518 0.09875617176294327
0.10051103681325912 0.10817661881446838
0.10011839866638184 0.11425076425075531
0.1002206802368164 0.101007841527462
0.10010337084531784 0.10912986099720001
0.10040495544672012 0.0999702662229538
0.09991665184497833 0.15193313360214233
0.10128598660230637 0.10395940393209457
0.10056592524051666 0.11583704501390457
0.10089588910341263 0.11621281504631042
0.10034249722957611 0.11495302617549896
0.10049685090780258 0.12388933449983597
0.10140880197286606 0.10437574237585068
0.10036559402942657 0.10385719686746597
0.10136638581752777 0.1008918508887291
0.10030868649482727 0.1003689169883728
0.10100431740283966 0.10743004828691483
0.1004936695098877 0.09971609711647034
0.100495845079422 0.1113666296005249
0.09933698922395706 0.11031334847211838
0.10135453939437866 0.10201213508844376
0.10038373619318008 0.10634572803974152
0.10061042755842209 0.10041166096925735
0.10001090168952942 0.1281210333108902
0.09989573806524277 0.10405247658491135
0.10064602643251419 0.1126394048333168
0.10102493315935135 0.10693135857582092
0.10004489868879318 0.09893952310085297
0.10017523169517517 0.10480466485023499
0.10147064924240112 0.10608933866024017
0.1009838655591011 0.11379168182611465
0.1000528335571289 0.13884514570236206
0.10061275959014893 0.11630186438560486
0.0994909331202507 0.10632005333900452
0.1002240851521492 0.10615285485982895
0.09982923418283463 0.09750532358884811
0.10085134208202362 0.1054355576634407
0.09988859295845032 0.10056047141551971
0.10242652148008347 0.09876473248004913
0.09907747060060501 0.10112565010786057
0.09956055134534836 0.10646326094865799
0.10042387992143631 0.09590829908847809
0.1002531349658966 0.09816263616085052
0.10016244649887085 0.10612773150205612
0.10059180855751038 0.10614831745624542
0.10055748373270035 0.10172580182552338
0.09956856071949005 0.1097133457660675
0.1001472920179367 0.11365847289562225
0.10050808638334274 0.10888213664293289
0.10092812031507492 0.1021261066198349
0.10017742216587067 0.11724031716585159
0.09996117651462555 0.10154353827238083
0.09984886646270752 0.10623521357774734
0.10071205347776413 0.099087193608284
0.10045573860406876 0.11972063034772873
0.09977263957262039 0.12194287776947021
0.09967555105686188 0.13308431208133698
0.10027727484703064 0.1053299680352211
0.10005366802215576 0.11855858564376831
0.10041133314371109 0.10769692808389664
0.09975602477788925 0.10143820941448212
0.10056071728467941 0.11610182374715805
0.1007351353764534 0.11975253373384476
0.1010402962565422 0.09987038373947144
0.0997869148850441 0.10382483154535294
0.10052891820669174 0.11819925904273987
0.09919419884681702 0.1160232275724411
0.0999826192855835 0.11065037548542023
0.09955812245607376 0.1142590343952179
0.09999054670333862 0.09961090981960297
0.09974256157875061 0.10910054296255112
0.10099045187234879 0.1123155802488327
0.10176610946655273 0.11065448820590973
0.09972641617059708 0.10968855768442154
0.10064750909805298 0.10363615304231644
0.09976036846637726 0.1312367171049118
0.09903258085250854 0.09990137070417404
0.10041431337594986 0.11032433062791824
0.10012726485729218 0.11176403611898422
0.10005074739456177 0.10209796577692032
0.09927628934383392 0.12046972662210464
0.0994720384478569 0.10108216106891632
0.09884730726480484 0.10064435005187988
0.09935726970434189 0.11167991906404495
0.09967093914747238 0.11259967088699341
0.10033884644508362 0.10405099391937256
0.10089276731014252 0.1046331450343132
0.09950219094753265 0.11004889011383057
0.09971290826797485 0.10472671687602997
0.0998992919921875 0.10637088865041733
0.09976905584335327 0.11195311695337296
0.10046561062335968 0.10957782715559006
0.09931284189224243 0.10988409072160721
0.09889597445726395 0.11780568212270737
0.09973061829805374 0.1125062108039856
0.09986524283885956 0.09973600506782532
0.10016415268182755 0.10770638287067413
0.09872797131538391 0.09960238635540009
0.09976456314325333 0.10639743506908417
0.10012707859277725 0.11468257009983063
0.10001574456691742 0.12438466399908066
0.09959863871335983 0.09905349463224411
0.09971768409013748 0.10000862181186676
0.10072307288646698 0.10103075206279755
0.09925974160432816 0.10338425636291504
0.09978087246417999 0.09946537017822266
0.09941211342811584 0.10200812667608261
0.10150913149118423 0.10334199666976929
0.09977579116821289 0.11751560866832733
0.09945651888847351 0.11269719898700714
0.09940696507692337 0.1001700833439827
0.1001444086432457 0.10237696766853333
0.09916949272155762 0.10570017993450165
0.10058794170618057 0.10831648856401443
0.1008894219994545 0.09929318726062775
0.09863150119781494 0.114605613052845
0.09907934814691544 0.10494301468133926
0.09987002611160278 0.10531578212976456
0.0997985303401947 0.10603170096874237
0.09895185381174088 0.10234703868627548
0.09909448027610779 0.10585150867700577
0.09937822073698044 0.11124233901500702
0.09960320591926575 0.11182988435029984
0.09946936368942261 0.10320499539375305
0.10055812448263168 0.10215674340724945
0.09981167316436768 0.10960191488265991
0.09943529963493347 0.10019950568675995
0.10022439807653427 0.1061982586979866
0.0999220684170723 0.10551387071609497
0.09931236505508423 0.09745405614376068
0.10006574541330338 0.12315798550844193
0.1000792533159256 0.137595534324646
0.10001669824123383 0.1070564016699791
0.09949667006731033 0.10186092555522919
0.10155980288982391 0.10131456702947617
0.09883635491132736 0.10374297946691513
0.09935279190540314 0.10876429826021194
0.09910530596971512 0.11231042444705963
0.09839692711830139 0.10242638736963272
0.09971355646848679 0.09976249933242798
0.09890186786651611 0.10596048086881638
0.09948235005140305 0.09708559513092041
0.09977439045906067 0.11773370206356049
0.099309042096138 0.10204534232616425
0.09935633093118668 0.10980576276779175
0.09937014430761337 0.11039889603853226
0.09955266863107681 0.10112008452415466
0.09972244501113892 0.10676681995391846
0.10001937299966812 0.10166460275650024
0.10005825012922287 0.10145748406648636
0.09964986145496368 0.12306348979473114
0.09988590329885483 0.10159382969141006
0.09957150369882584 0.10260159522294998
0.09932754188776016 0.10117830336093903
0.09927792847156525 0.1072155013680458
0.09916923195123672 0.12016981095075607
0.09913423657417297 0.10456586629152298
0.09925719350576401 0.10708606243133545
0.09982489049434662 0.09923623502254486
0.0994592159986496 0.10601195693016052
0.10002438724040985 0.10004729777574539
0.09892555326223373 0.10843509435653687
0.10001273453235626 0.10650504380464554
0.09961201250553131 0.10986947268247604
0.09893348067998886 0.10489966720342636
0.09944737702608109 0.10033368319272995
0.09951445460319519 0.10850716382265091
0.09956587851047516 0.09950367361307144
0.09898966550827026 0.09986665099859238
0.09902415424585342 0.10914560407400131
0.09931685030460358 0.10936661809682846
0.0992138683795929 0.11324958503246307
0.10014550387859344 0.09864773601293564
0.09933193773031235 0.11446943134069443
0.09875794500112534 0.10054968297481537
0.09928540885448456 0.11221320927143097
0.09904692322015762 0.11107455939054489
0.09965229034423828 0.09895093739032745
0.09924394637346268 0.11222739517688751
0.0992521271109581 0.1016046404838562
0.09936860203742981 0.10404349118471146
0.09929637610912323 0.10143204778432846
0.09907936304807663 0.11660417169332504
0.09935598820447922 0.10955594480037689
0.09935300797224045 0.10375102609395981
0.0987534448504448 0.10489187389612198
0.09925505518913269 0.10782411694526672
0.0989985466003418 0.10467195510864258
0.09939710050821304 0.12392643839120865
0.09840510785579681 0.11311129480600357
0.0993327647447586 0.1000276431441307
0.09846632182598114 0.11640354245901108
0.0983380600810051 0.10415308177471161
0.0994945764541626 0.10375477373600006
0.09951622039079666 0.16106590628623962
0.09936755150556564 0.10960692912340164
0.09850794076919556 0.10526594519615173
0.09838169813156128 0.11583992093801498
0.09992291033267975 0.10308118909597397
0.09887068718671799 0.10158488154411316
0.10030613839626312 0.10407954454421997
0.09916703402996063 0.11064784973859787
0.09867069125175476 0.10068333894014359
0.09961405396461487 0.0974690318107605
0.09926239401102066 0.10496943444013596
0.09867418557405472 0.12013709545135498
0.09969744831323624 0.10985841602087021
0.09846663475036621 0.16831673681735992
0.10014268755912781 0.12140204012393951
0.0993243083357811 0.09851452708244324
0.0984751507639885 0.10233815014362335
0.09891525655984879 0.09725595265626907
0.0998222604393959 0.11531418561935425
0.0982724130153656 0.1540253907442093
0.0989941880106926 0.10365293174982071
0.09880318492650986 0.12024572491645813
0.09969199448823929 0.10641906410455704
0.09833338111639023 0.11842098087072372
0.09947443753480911 0.10735323280096054
0.09959609061479568 0.1233118325471878
0.09913170337677002 0.11331441253423691
0.09919994324445724 0.10063522309064865
0.09848061203956604 0.10310671478509903
0.09885180741548538 0.11456286162137985
0.09945424646139145 0.10437511652708054
0.09877868741750717 0.10377958416938782
0.09975385665893555 0.13888351619243622
0.0997094213962555 0.10175208747386932
0.09912893176078796 0.10418374091386795
0.09872421622276306 0.10467222332954407
0.09974691271781921 0.10322690010070801
0.09914097934961319 0.10108087956905365
0.09915541857481003 0.11199138313531876
0.09931839257478714 0.10185430198907852
0.09988351166248322 0.11122836917638779
0.09912961721420288 0.10460101068019867
0.0995311588048935 0.12216253578662872
0.09975417703390121 0.11258222162723541
0.09929921478033066 0.10273602604866028
0.09832888096570969 0.09991121292114258
0.09853257983922958 0.10089906305074692
0.09994864463806152 0.11114827543497086
0.10041402280330658 0.09833825379610062
0.0991675928235054 0.11538023501634598
0.09899557381868362 0.0987711250782013
0.09897824376821518 0.14428183436393738
0.09901712834835052 0.10750036686658859
0.09912730753421783 0.09897720068693161
0.099149689078331 0.10545828193426132
0.09937930107116699 0.09851974248886108
0.0989922434091568 0.11959924548864365
0.09977301955223083 0.1095195934176445
0.09920847415924072 0.11637205630540848
0.09773677587509155 0.14800187945365906
0.09864669293165207 0.09762217849493027
0.09904684871435165 0.11944954842329025
0.09931105375289917 0.1329801231622696
0.10027424246072769 0.11717979609966278
0.09871307015419006 0.09883873909711838
0.09821710735559464 0.10373252630233765
0.09817249327898026 0.11741422116756439
0.09903746098279953 0.1103130355477333
0.09880933165550232 0.10943775624036789
0.09940429031848907 0.12491817027330399
0.09873838722705841 0.10355259478092194
0.09897321462631226 0.10051453858613968
0.0990556925535202 0.09943689405918121
0.09925129264593124 0.10447297245264053
0.09906312078237534 0.1045013815164566
0.0988190546631813 0.10554353892803192
0.09966827183961868 0.1039777547121048
0.09844376146793365 0.1149156242609024
0.09866619855165482 0.10613715648651123
0.09948339313268661 0.0967983528971672
0.09877900034189224 0.10440534353256226
0.09902527928352356 0.09780260920524597
0.098657988011837 0.09732145071029663
0.09925805777311325 0.12187255173921585
0.09911143034696579 0.1037437692284584
0.09872932732105255 0.10134388506412506
0.09918555617332458 0.09837136417627335
0.09832634031772614 0.11012334376573563
0.09786523133516312 0.09912626445293427
0.09905937314033508 0.10369304567575455
0.09785754978656769 0.09978494793176651
0.10033882409334183 0.10077288001775742
0.0981476902961731 0.09582308679819107
0.09883920103311539 0.12354298681020737
0.09890041500329971 0.09773343801498413
0.0987844318151474 0.10198970884084702
0.09888146072626114 0.10608267784118652
0.09848010540008545 0.09774136543273926
0.09864885360002518 0.10528814792633057
0.09964863955974579 0.10522504895925522
0.09863603115081787 0.11242183297872543
0.09850779175758362 0.09701935946941376
0.09848266839981079 0.10313846170902252
0.09836222231388092 0.11849164217710495
0.0986318439245224 0.10444878786802292
0.0987844318151474 0.10212744027376175
0.09942984580993652 0.10010499507188797
0.09819918870925903 0.12272156774997711
0.10142965614795685 0.09898044914007187
0.09860846400260925 0.1104285940527916
0.09866918623447418 0.09745891392230988
0.09901273250579834 0.10362265259027481
0.09826723486185074 0.11237256973981857
0.0992455706000328 0.10991158336400986
0.11312085390090942 0.1257171630859375
0.10096476227045059 0.09797443449497223
0.09811636060476303 0.11129428446292877
0.09914487600326538 0.1440313756465912
0.09926556050777435 0.11729137599468231
0.09955509006977081 0.09874211996793747
0.09854447096586227 0.10463299602270126
0.09858467429876328 0.1086445227265358
0.09916780889034271 0.10055796056985855
0.09862186759710312 0.11149163544178009
0.09879469871520996 0.09747497737407684
0.10006464272737503 0.10057523846626282
0.10041651874780655 0.10175870358943939
0.09883113205432892 0.11335883289575577
0.09918765723705292 0.10198692232370377
0.09838185459375381 0.12712794542312622
0.09873012453317642 0.10792972147464752
0.09930770099163055 0.09890612959861755
0.09917996823787689 0.1039251834154129
0.09771230071783066 0.10322306305170059
0.09828616678714752 0.09980650246143341
0.09823194146156311 0.1271653026342392
0.09979043155908585 0.1059642806649208
0.09880378842353821 0.10053185373544693
0.09898258745670319 0.11602266877889633
0.09842582046985626 0.11381964385509491
0.09809388965368271 0.09674260765314102
0.0985756367444992 0.100192129611969
0.09777083247900009 0.12087104469537735
0.09914850443601608 0.09884651005268097
0.09845808148384094 0.12298703193664551
0.0981362983584404 0.11848526448011398
0.09894594550132751 0.10178247839212418
0.09786165505647659 0.1013762354850769
0.09891554713249207 0.10617310553789139
0.09852803498506546 0.13097237050533295
0.09873007237911224 0.10187813639640808
0.09915544092655182 0.10410688817501068
0.09822974354028702 0.10569450259208679
0.09962327778339386 0.12340421974658966
0.09831466525793076 0.10033055394887924
0.09859903156757355 0.1153823733329773
0.0980134978890419 0.10565748810768127
0.09843643009662628 0.1417778730392456
0.0984032154083252 0.10574254393577576
0.09863889217376709 0.12154599279165268
0.09885923564434052 0.1003926619887352
0.09893351048231125 0.1003352552652359
0.0976489782333374 0.09951847046613693
0.09912972152233124 0.12169115990400314
0.09887587279081345 0.11085833609104156
0.09813766181468964 0.10911556333303452
0.09966215491294861 0.09862630069255829
0.09798558801412582 0.11138676851987839
0.09864147752523422 0.10990019887685776
0.09869116544723511 0.10266700387001038
0.09857462346553802 0.10318479686975479
0.09894397854804993 0.10844278335571289
0.09824162721633911 0.11336540430784225
0.0993458479642868 0.10059621930122375
0.09872351586818695 0.11068978905677795
0.09783665090799332 0.10120149701833725
0.09888718277215958 0.10540209710597992
0.09854099899530411 0.11753083020448685
0.09857435524463654 0.10330257564783096
0.09912940114736557 0.10499487817287445
0.09847412258386612 0.11040086299180984
0.09912419319152832 0.10943319648504257
0.09904032200574875 0.09923084825277328
0.09889093041419983 0.10357620567083359
0.09781575202941895 0.1177610382437706
0.09798162430524826 0.11167868226766586
0.09810659289360046 0.10141877830028534
0.0985153317451477 0.10281074047088623
0.09804771095514297 0.112090565264225
0.0995887815952301 0.1005636677145958
0.09919796139001846 0.10651987046003342
0.09831327944993973 0.1115758940577507
0.09850010275840759 0.09968696534633636
0.09800867736339569 0.105387382209301
0.09866978973150253 0.11247611045837402
0.0989777073264122 0.11777108907699585
0.09886215627193451 0.10532603412866592
0.09880617260932922 0.10719694942235947
0.09831554442644119 0.10429449379444122
0.09832921624183655 0.1264639049768448
0.09897234290838242 0.1191505715250969
0.09945496916770935 0.10620833188295364
0.09808355569839478 0.10416896641254425
0.09869649261236191 0.09634383767843246
0.09803450852632523 0.11466500908136368
0.09789154678583145 0.11649753898382187
0.09875401109457016 0.1155981495976448
0.09848400205373764 0.09866082668304443
0.09857586026191711 0.09912150353193283
0.09844652563333511 0.09812621772289276
0.09813404828310013 0.09911943227052689
0.09778467565774918 0.10849183052778244
0.09918972104787827 0.10530782490968704
0.09825631231069565 0.09698808938264847
0.09786153584718704 0.10752364993095398
0.09910759329795837 0.10113569349050522
0.09878215938806534 0.15317530930042267
0.09822158515453339 0.1000228226184845
0.09857717901468277 0.10952237248420715
0.09846851229667664 0.09749677777290344
0.09870510548353195 0.12343315035104752
0.09784102439880371 0.09831972420215607
0.0984816625714302 0.12157613784074783
0.09921654313802719 0.10183515399694443
0.09902101010084152 0.11149382591247559
0.09824240952730179 0.10466789454221725
0.09869423508644104 0.09995250403881073
0.0992986187338829 0.09674403816461563
0.09784173965454102 0.11806903779506683
0.09820643812417984 0.11847495287656784
0.09873093664646149 0.10356589406728745
0.099153071641922 0.1074620857834816
0.09873667359352112 0.10713568329811096
0.09771355241537094 0.10056333988904953
0.09917046129703522 0.1253146231174469
0.09881209582090378 0.10780344903469086
0.10357362776994705 0.10765776038169861
0.09667874872684479 0.10356733947992325
0.09838017076253891 0.11059128493070602
0.09781259298324585 0.1018298864364624
0.09801701456308365 0.1274375319480896
0.09874051064252853 0.1271936297416687
0.0995989739894867 0.11628897488117218
0.09849686175584793 0.10691523551940918
0.09861300885677338 0.12202796339988708
0.09918290376663208 0.10655809193849564
0.09849541634321213 0.10566578060388565
0.09904804825782776 0.10299328714609146
0.09782035648822784 0.11637897044420242
0.09788874536752701 0.10476737469434738
0.09812791645526886 0.10205160826444626
0.09850921481847763 0.10061826556921005
0.09840472042560577 0.10010120272636414
0.09959810227155685 0.09695010632276535
0.09849607944488525 0.10154744982719421
0.09956760704517365 0.10586918145418167
0.09799832850694656 0.10326215624809265
0.09876343607902527 0.10439179837703705
0.0979866236448288 0.10203319787979126
0.09810613095760345 0.10566089302301407
0.0999172180891037 0.09776068478822708
0.0988473892211914 0.10165981203317642
0.09803316742181778 0.11252176016569138
0.09844790399074554 0.11687953770160675
0.09794829040765762 0.11097148060798645
0.09833063930273056 0.11204152554273605
0.09887907654047012 0.10737844556570053
0.09756297618150711 0.12595561146736145
0.09843960404396057 0.1101331114768982
0.09819921106100082 0.11739355325698853
0.09834329783916473 0.10357923060655594
0.09911303967237473 0.12405566871166229
0.0975804552435875 0.10137621313333511
0.09788820892572403 0.10142597556114197
0.09763108938932419 0.10779176652431488
0.09814810752868652 0.10375991463661194
0.09855426847934723 0.106852225959301
0.0987013652920723 0.09845896810293198
0.09809455275535583 0.11531127244234085
0.09804022312164307 0.10561005771160126
0.09902960807085037 0.10396282374858856
0.0976041704416275 0.10077796876430511
0.09960664808750153 0.11221475899219513
0.09860114008188248 0.10108428448438644
0.09757300466299057 0.09853865206241608
0.09872806072235107 0.11189740151166916
0.0982438176870346 0.11391034722328186
0.09813253581523895 0.11074450612068176
0.09924523532390594 0.10902650654315948
0.09883531183004379 0.10696034133434296
0.09954005479812622 0.13325782120227814
0.09809205681085587 0.10259970277547836
0.09901750087738037 0.11536018550395966
0.09830909222364426 0.10407768189907074
0.09884072095155716 0.10800110548734665
0.09803155809640884 0.09694737195968628
0.09825478494167328 0.09698190540075302
0.09838226437568665 0.12542735040187836
0.09783609211444855 0.10786411911249161
0.09827883541584015 0.09783802181482315
0.09816005825996399 0.11028002947568893
0.09790179878473282 0.10162163525819778
0.09889618307352066 0.1264064460992813
0.09861737489700317 0.10151505470275879
0.09826955199241638 0.11111362278461456
0.09832832217216492 0.10528560727834702
0.09916356950998306 0.13165977597236633
0.09859783202409744 0.10720043629407883
0.09806983172893524 0.10021016001701355
0.09845741093158722 0.11144284158945084
0.09880603849887848 0.10374519228935242
0.09799880534410477 0.11662794649600983
0.09808257967233658 0.11639122664928436
0.09789220988750458 0.09873690456151962
0.09758967161178589 0.10468033701181412
0.09808006137609482 0.10745371133089066
0.09837210178375244 0.1047649160027504
0.09828085452318192 0.10666466504335403
0.09843838959932327 0.10578896850347519
0.09800243377685547 0.09997826814651489
0.09756315499544144 0.09807975590229034
0.09884478896856308 0.10601917654275894
0.09760941565036774 0.10374677926301956
0.09828849136829376 0.10406094044446945
0.09870650619268417 0.13592472672462463
0.09736790508031845 0.10282699018716812
0.0980566218495369 0.11538299173116684
0.09864501655101776 0.11246799677610397
0.09825999289751053 0.099123015999794
