1.5073926448822021 1.5415819883346558
1.481574296951294 1.507041573524475
1.4779162406921387 1.5016003847122192
1.4636163711547852 1.492006778717041
1.4356684684753418 1.453871250152588
1.410884141921997 1.4106708765029907
1.3759913444519043 1.3639187812805176
1.3369196653366089 1.3548674583435059
1.3326200246810913 1.3511537313461304
1.3309825658798218 1.3661127090454102
1.3287043571472168 1.346842885017395
1.3281419277191162 1.3449547290802002
1.326747179031372 1.357763409614563
1.325854778289795 1.3502665758132935
1.3249506950378418 1.3643312454223633
1.3241604566574097 1.344834804534912
1.32377290725708 1.351369023323059
1.3236968517303467 1.3433268070220947
1.3230206966400146 1.3487253189086914
1.3230223655700684 1.347450852394104
1.32157564163208 1.3475117683410645
1.3210954666137695 1.3511860370635986
1.3206233978271484 1.3555289506912231
1.3232561349868774 1.3438336849212646
1.3203068971633911 1.3361297845840454
1.318217396736145 1.3427088260650635
1.310075283050537 1.3347951173782349
1.29608154296875 1.2596707344055176
1.164534330368042 1.0847669839859009
1.078239917755127 1.0302070379257202
1.0523951053619385 0.9985968470573425
1.0318429470062256 1.0112674236297607
1.0100265741348267 1.0192383527755737
0.9962132573127747 0.9566982388496399
0.988950788974762 1.0568222999572754
0.9734939336776733 0.9664801359176636
0.9650604724884033 0.9492575526237488
0.9440410733222961 1.0035709142684937
0.9239112138748169 0.9809780120849609
0.9047860503196716 0.8828704953193665
0.8930110931396484 0.8704698085784912
0.875328779220581 0.8662338256835938
0.8664354085922241 0.9008278250694275
0.8585956692695618 0.86024409532547
0.8339378833770752 0.8888960480690002
0.8040407299995422 0.8304901123046875
0.790815532207489 0.7915120720863342
0.7748905420303345 0.7552225589752197
0.7472745180130005 0.7265917062759399
0.7260910272598267 0.7504086494445801
0.7093868255615234 0.6927564144134521
0.704283595085144 0.7170591354370117
0.6945070624351501 0.6927995681762695
0.6880011558532715 0.6988328695297241
0.6837467551231384 0.6877131462097168
0.6736515164375305 0.6865249276161194
0.670295774936676 0.6813766360282898
0.6641398072242737 0.6710283756256104
0.6595520377159119 0.7368720769882202
0.6596625447273254 0.6656560301780701
0.653084933757782 0.6487833857536316
0.6516209244728088 0.6492130756378174
0.647373378276825 0.6509554386138916
0.6448535323143005 0.6521839499473572
0.6414729952812195 0.670329749584198
0.6406880617141724 0.6397697329521179
0.6363115310668945 0.6421623229980469
0.6336479187011719 0.64013671875
0.6320736408233643 0.6575409173965454
0.630756676197052 0.6550928354263306
0.6257913708686829 0.620254635810852
0.622196614742279 0.6276833415031433
0.6204031705856323 0.6176262497901917
0.6147905588150024 0.6243895888328552
0.6105421781539917 0.6163320541381836
0.6061692237854004 0.621324360370636
0.600622296333313 0.597696840763092
0.5954234004020691 0.5940144658088684
0.5910976529121399 0.5892756581306458
0.5852522850036621 0.5857306718826294
0.5792790651321411 0.5691594481468201
0.572037935256958 0.5839682221412659
0.5634412169456482 0.5812112092971802
0.5548463463783264 0.5604164004325867
0.5416519045829773 0.5315179228782654
0.5208345055580139 0.510050892829895
0.49395257234573364 0.5071670413017273
0.4652044177055359 0.46094009280204773
0.4414132833480835 0.42388662695884705
0.42706114053726196 0.42326289415359497
0.4173339605331421 0.4134351313114166
0.40690454840660095 0.42506229877471924
0.3970717191696167 0.39466777443885803
0.3911827504634857 0.40208858251571655
0.3852040767669678 0.39205363392829895
0.3804478347301483 0.38104313611984253
0.3757319748401642 0.40426692366600037
0.37014469504356384 0.4106902480125427
0.3685750663280487 0.35879936814308167
0.3634728193283081 0.3491578996181488
0.36027777194976807 0.38062694668769836
0.35903292894363403 0.3947516977787018
0.35816678404808044 0.3411239683628082
0.3534374535083771 0.35054948925971985
0.3519521951675415 0.3454797863960266
0.3511990010738373 0.3606550395488739
0.3472380042076111 0.3585403263568878
0.3460589349269867 0.34430789947509766
0.3439052402973175 0.34135115146636963
0.34299370646476746 0.33953195810317993
0.3395974338054657 0.34278425574302673
0.3398212790489197 0.32820233702659607
0.3378639817237854 0.3310967981815338
0.336300790309906 0.3409375548362732
0.3339754343032837 0.3644026815891266
0.33236631751060486 0.3440822660923004
0.33251670002937317 0.36937615275382996
0.33155977725982666 0.3599482774734497
0.3302482068538666 0.3364679217338562
0.32911545038223267 0.3344469666481018
0.3283054232597351 0.33199262619018555
0.3292708694934845 0.31723758578300476
0.32511666417121887 0.34849420189857483
0.32471972703933716 0.3175354599952698
0.3205983340740204 0.3266696035861969
0.32290324568748474 0.3227873146533966
0.31985971331596375 0.33332961797714233
0.3205554485321045 0.3214908838272095
0.31892403960227966 0.31183621287345886
0.31822240352630615 0.4053953289985657
0.31810706853866577 0.3317883312702179
0.3170965015888214 0.31373727321624756
0.31950536370277405 0.31749117374420166
0.31302592158317566 0.3323562741279602
0.31522709131240845 0.3134843409061432
0.3119417726993561 0.3299200236797333
0.3102077841758728 0.30067571997642517
0.32032015919685364 0.29981982707977295
0.30949926376342773 0.31094422936439514
0.3097495436668396 0.31212618947029114
0.307291179895401 0.3170452117919922
0.308841347694397 0.3109907805919647
0.30756157636642456 0.31824296712875366
0.3045668601989746 0.2968590557575226
0.30801787972450256 0.2968670725822449
0.30397945642471313 0.2910468280315399
0.3046870231628418 0.32836610078811646
0.302729994058609 0.29519498348236084
0.30579161643981934 0.3098260462284088
0.3009597659111023 0.29451191425323486
0.2997322082519531 0.35147345066070557
0.31226012110710144 0.28835996985435486
0.2992606461048126 0.31895214319229126
0.2983679175376892 0.2910558581352234
0.297924280166626 0.3231596350669861
0.29509812593460083 0.2995850145816803
0.2979748845100403 0.28839123249053955
0.2952378988265991 0.3023821711540222
0.29507166147232056 0.30486956238746643
0.2934284508228302 0.298399418592453
0.29741722345352173 0.3098541796207428
0.2927600145339966 0.3176027536392212
0.29364919662475586 0.34001198410987854
0.29418760538101196 0.2847318649291992
0.2900312542915344 0.3055081069469452
0.28985795378685 0.2947871685028076
0.2909087538719177 0.3246696889400482
0.2892337441444397 0.2920757830142975
0.2899342179298401 0.29046186804771423
0.28988581895828247 0.3169582486152649
0.2887960374355316 0.29687416553497314
0.2881753146648407 0.2778686583042145
0.287986695766449 0.2874268591403961
0.2870066463947296 0.28079766035079956
0.286587119102478 0.27933961153030396
0.28401821851730347 0.3127765357494354
0.2848831117153168 0.2879098653793335
0.28429701924324036 0.28257036209106445
0.2860431671142578 0.2724338173866272
0.2848018407821655 0.32045936584472656
0.28444933891296387 0.2817344665527344
0.2853013277053833 0.2792053520679474
0.2824346423149109 0.2856657803058624
0.2827281653881073 0.2818451523780823
0.2948535680770874 0.33332082629203796
0.28439563512802124 0.2800113558769226
0.281966894865036 0.29577502608299255
0.28079718351364136 0.2843218445777893
0.28231242299079895 0.2774415910243988
0.28013360500335693 0.3021804094314575
0.2794540226459503 0.2813650369644165
0.2797061502933502 0.3029816448688507
0.27912384271621704 0.3343019485473633
0.2825474739074707 0.2771245539188385
0.27895334362983704 0.2831120789051056
0.2779805362224579 0.28470689058303833
0.2772577404975891 0.28780338168144226
0.27802881598472595 0.29217833280563354
0.2792634069919586 0.27448680996894836
0.2763671278953552 0.2947423458099365
0.27704471349716187 0.2815541923046112
0.2759970724582672 0.31847578287124634
0.2749880254268646 0.32136058807373047
0.2746831774711609 0.2722433805465698
0.2759033441543579 0.2800188958644867
0.27415192127227783 0.282387912273407
0.2740810513496399 0.2741950452327728
0.27459344267845154 0.3323952257633209
0.272396057844162 0.27960240840911865
0.273463636636734 0.28850221633911133
0.3158133625984192 0.38619154691696167
0.29346156120300293 0.3077642023563385
0.27524667978286743 0.2998569905757904
0.2744060158729553 0.28389424085617065
0.2714104652404785 0.286396324634552
0.27062931656837463 0.266863077878952
0.27134352922439575 0.2633524537086487
0.27118271589279175 0.27971529960632324
0.27095967531204224 0.2673875093460083
0.26859617233276367 0.261513888835907
0.2686503529548645 0.2740849554538727
0.2695339024066925 0.2946411073207855
0.2701347768306732 0.26400047540664673
0.26876622438430786 0.2777898609638214
0.26848122477531433 0.27555051445961
0.26597797870635986 0.25833532214164734
0.26937592029571533 0.2871481776237488
0.2668003737926483 0.26454198360443115
0.26465901732444763 0.29777249693870544
0.26679348945617676 0.2616803050041199
0.26587948203086853 0.2796657383441925
0.2660161554813385 0.27741551399230957
0.26631051301956177 0.2562202513217926
0.26518237590789795 0.2905925512313843
0.26439371705055237 0.2665857970714569
0.26338592171669006 0.317860871553421
0.2652304470539093 0.27231088280677795
0.2612423002719879 0.26587820053100586
0.26207423210144043 0.2701970338821411
0.264492392539978 0.2767772376537323
0.26184529066085815 0.26873522996902466
0.26103925704956055 0.2754487693309784
0.2602885961532593 0.3001178205013275
0.26263177394866943 0.2577396631240845
0.260763555765152 0.2728205621242523
0.26154592633247375 0.3468242287635803
0.2625845968723297 0.2711750268936157
0.26047417521476746 0.2607859969139099
0.2606627941131592 0.2625364661216736
0.26250505447387695 0.26692506670951843
0.2592058777809143 0.2715621590614319
0.2609635889530182 0.2727009057998657
0.25882962346076965 0.253806471824646
0.25783824920654297 0.25875192880630493
0.2603616416454315 0.2533451318740845
0.2579861581325531 0.263442724943161
0.2554096281528473 0.26825517416000366
0.25455403327941895 0.25259116291999817
0.2606540620326996 0.3213312327861786
0.25490567088127136 0.2560633718967438
0.25610652565956116 0.2560046911239624
0.25605136156082153 0.252007395029068
0.25595763325691223 0.24845826625823975
0.25398147106170654 0.24939002096652985
0.2559748589992523 0.2630853056907654
0.2555670142173767 0.25996142625808716
0.2525770664215088 0.28096941113471985
0.2525478005409241 0.2677655816078186
0.25545111298561096 0.2550897002220154
0.25186458230018616 0.2583920955657959
0.2524578869342804 0.27448442578315735
0.25196748971939087 0.27768754959106445
0.2533967196941376 0.2512377202510834
0.25344836711883545 0.2599835991859436
0.24886326491832733 0.281753271818161
0.25226151943206787 0.24303321540355682
0.2567058801651001 0.30580854415893555
0.26063600182533264 0.24597251415252686
0.253460168838501 0.25230035185813904
0.24829860031604767 0.25911930203437805
0.2470095306634903 0.25039878487586975
0.24601280689239502 0.25438401103019714
0.25011035799980164 0.25864365696907043
0.24631144106388092 0.2426498681306839
0.24742181599140167 0.24544714391231537
0.24813930690288544 0.2515781819820404
0.2459118366241455 0.2369387447834015
0.24504894018173218 0.26980966329574585
0.24351094663143158 0.2576525807380676
0.2452370524406433 0.2375166267156601
0.24676081538200378 0.2610253393650055
0.24256294965744019 0.242313951253891
0.2453676015138626 0.250198096036911
0.24494031071662903 0.2528066337108612
0.2419869303703308 0.23964889347553253
0.24233607947826385 0.25291791558265686
0.24205246567726135 0.23258210718631744
0.2419966161251068 0.2407217025756836
0.2433549165725708 0.24812309443950653
0.24097879230976105 0.23497186601161957
0.24082283675670624 0.252032607793808
0.2385936975479126 0.28519225120544434
0.2430478185415268 0.23933124542236328
0.24179266393184662 0.26400643587112427
0.23892919719219208 0.32425758242607117
0.2580292522907257 0.2785390317440033
0.2489132285118103 0.23925451934337616
0.24009422957897186 0.23245596885681152
0.2513197958469391 0.28134265542030334
0.24038632214069366 0.2386762499809265
0.24021489918231964 0.2801331579685211
0.23836974799633026 0.23162290453910828
0.24240346252918243 0.2578468322753906
0.23937062919139862 0.2339591234922409
0.24110138416290283 0.2525530457496643
0.2379947155714035 0.23785750567913055
0.23615756630897522 0.2420017421245575
0.23645198345184326 0.24635516107082367
0.23717884719371796 0.22961238026618958
0.2371940016746521 0.24549561738967896
0.23483574390411377 0.24639487266540527
0.2370479851961136 0.22789239883422852
0.23770305514335632 0.22793689370155334
0.23309530317783356 0.2357427179813385
0.2340949922800064 0.23328149318695068
0.23761601746082306 0.25922533869743347
0.26005426049232483 0.23709605634212494
0.23660941421985626 0.23974114656448364
0.23870185017585754 0.2829355001449585
0.24085378646850586 0.2330719530582428
0.2328963577747345 0.23065578937530518
0.2354658991098404 0.24771630764007568
0.23621749877929688 0.23095902800559998
0.234727144241333 0.22931048274040222
0.2324906587600708 0.24190504848957062
0.23715360462665558 0.22760014235973358
0.2318655103445053 0.2276516854763031
0.2493630200624466 0.23679158091545105
0.23396053910255432 0.24461638927459717
0.23720040917396545 0.2338334023952484
0.23336736857891083 0.23226779699325562
0.23539675772190094 0.24412578344345093
0.24262294173240662 0.24848909676074982
0.23767462372779846 0.3586294949054718
0.23449772596359253 0.2396378219127655
0.23307770490646362 0.2670811712741852
0.23360197246074677 0.2257453352212906
0.23381195962429047 0.2420036792755127
0.23474402725696564 0.23722760379314423
0.23302625119686127 0.24073533713817596
0.2355499565601349 0.22532600164413452
0.23240956664085388 0.22589243948459625
0.23785400390625 0.22991180419921875
0.22991091012954712 0.2447797805070877
0.2321266382932663 0.23057889938354492
0.2347593903541565 0.22728241980075836
0.23244348168373108 0.2363094836473465
0.23389557003974915 0.23060902953147888
0.23270614445209503 0.23070603609085083
0.2329747974872589 0.23487144708633423
0.23315885663032532 0.22833476960659027
0.23081669211387634 0.23232685029506683
0.22946332395076752 0.24544836580753326
0.23173493146896362 0.23250694572925568
0.23454013466835022 0.22363340854644775
0.23582392930984497 0.2565636932849884
0.2324000895023346 0.2780473232269287
0.23048654198646545 0.24381978809833527
0.2326207160949707 0.22769097983837128
0.23157437145709991 0.2235233187675476
0.22962242364883423 0.2852904498577118
0.23004011809825897 0.2673511803150177
0.23326054215431213 0.22432763874530792
0.23042862117290497 0.2318854033946991
0.23221375048160553 0.2633359730243683
0.2276751846075058 0.22109323740005493
0.23358100652694702 0.22458291053771973
0.22741039097309113 0.22824931144714355
0.23126593232154846 0.2355070412158966
0.23322878777980804 0.2782696783542633
0.23166601359844208 0.2605426609516144
0.23523956537246704 0.23160602152347565
0.22775579988956451 0.22177977859973907
0.22772110998630524 0.25786033272743225
0.2274845689535141 0.23604026436805725
0.2298072725534439 0.23628303408622742
0.2266065776348114 0.2275790423154831
0.23583433032035828 0.227600559592247
0.22940701246261597 0.24725599586963654
0.22575558722019196 0.2306588739156723
0.22854694724082947 0.23057225346565247
0.22795677185058594 0.220626100897789
0.2285456508398056 0.22422514855861664
0.22938448190689087 0.280757337808609
0.22863319516181946 0.24186886847019196
0.23285126686096191 0.3202689588069916
0.2260408252477646 0.22112323343753815
0.23065973818302155 0.23940695822238922
0.23108506202697754 0.21812595427036285
0.22971491515636444 0.2379126101732254
0.22696541249752045 0.22440655529499054
0.22820045053958893 0.23807045817375183
0.22613586485385895 0.221388041973114
0.2286316156387329 0.23019905388355255
0.2306419163942337 0.2247016727924347
0.22720448672771454 0.24307817220687866
0.23050041496753693 0.2336929440498352
0.2247157096862793 0.22300821542739868
0.22696982324123383 0.22024253010749817
0.22723332047462463 0.2331106960773468
0.23089472949504852 0.23151858150959015
0.23625461757183075 0.21558941900730133
0.22487318515777588 0.2268756926059723
0.22489242255687714 0.2240726202726364
0.22700905799865723 0.2259465754032135
0.2268126755952835 0.22734586894512177
0.2282535880804062 0.24416518211364746
0.2289181500673294 0.22190862894058228
0.22906775772571564 0.2187059223651886
0.22676914930343628 0.2281128168106079
0.22958549857139587 0.2396182417869568
0.22583670914173126 0.21767936646938324
0.22381848096847534 0.2207602858543396
0.22624269127845764 0.2303178310394287
0.2613951563835144 0.44454628229141235
0.27030956745147705 0.23211614787578583
0.22632840275764465 0.22616785764694214
0.22565704584121704 0.2245488166809082
0.22969487309455872 0.2399592399597168
0.22717803716659546 0.23979583382606506
0.22420771420001984 0.2182462066411972
0.2258647382259369 0.24235978722572327
0.22451825439929962 0.23311476409435272
0.226875439286232 0.2251361757516861
0.22423693537712097 0.25845208764076233
0.22545090317726135 0.22831441462039948
0.22363728284835815 0.2258540838956833
0.22281834483146667 0.21929651498794556
0.23363447189331055 0.22328250110149384
0.22466883063316345 0.22986118495464325
0.2258245050907135 0.219807967543602
0.2263457328081131 0.2619648873806
0.22404251992702484 0.22162477672100067
0.22910499572753906 0.23701949417591095
0.2286129742860794 0.24165497720241547
0.22500832378864288 0.22696131467819214
0.24467557668685913 0.25722432136535645
0.228970006108284 0.22534453868865967
0.2227901965379715 0.22662228345870972
0.22497665882110596 0.26498740911483765
0.2260855734348297 0.22268708050251007
0.22713470458984375 0.228697270154953
0.2220994383096695 0.2458592802286148
0.22365820407867432 0.21821291744709015
0.22443163394927979 0.22840721905231476
0.2252080887556076 0.2308592051267624
0.22684022784233093 0.21710146963596344
0.2239476591348648 0.23571179807186127
0.22475369274616241 0.2193434238433838
0.22342102229595184 0.2197708934545517
0.2252350151538849 0.24209260940551758
0.23076088726520538 0.22271069884300232
0.22351543605327606 0.21749147772789001
0.2257496863603592 0.23242881894111633
0.22310639917850494 0.22964812815189362
0.2249780297279358 0.22240899503231049
0.2277536243200302 0.22030311822891235
0.22368387877941132 0.22507964074611664
0.22370365262031555 0.22173242270946503
0.22474302351474762 0.21717354655265808
0.22111450135707855 0.22636954486370087
0.22113069891929626 0.2259172797203064
0.22318387031555176 0.217593252658844
0.22337888181209564 0.25000008940696716
0.223845437169075 0.22310833632946014
0.22432085871696472 0.2307792603969574
0.22454442083835602 0.24511776864528656
0.23354876041412354 0.2331589311361313
0.22330862283706665 0.23341353237628937
0.22534458339214325 0.22666724026203156
0.2245091199874878 0.22856184840202332
0.2218024879693985 0.25387588143348694
0.22926364839076996 0.23766043782234192
0.22076968848705292 0.23247183859348297
0.22546009719371796 0.23302008211612701
0.2250213325023651 0.22527272999286652
0.22577548027038574 0.2153652310371399
0.22346293926239014 0.24754567444324493
0.22200113534927368 0.22586333751678467
0.22478382289409637 0.24404282867908478
0.2236606925725937 0.21634051203727722
0.22418257594108582 0.22780242562294006
0.2244664579629898 0.22776828706264496
0.2250818908214569 0.24100510776042938
0.22250236570835114 0.22327691316604614
0.22129026055335999 0.24352481961250305
0.22119329869747162 0.21982192993164062
0.21950459480285645 0.25455787777900696
0.21971914172172546 0.22441712021827698
0.22501900792121887 0.23450522124767303
