1.5093859434127808 1.53605055809021
1.0932748317718506 0.7171207070350647
0.6378101706504822 0.5798584222793579
0.5743765830993652 0.5591697096824646
0.5472243428230286 0.5585033297538757
0.5247775316238403 0.5174318552017212
0.5116874575614929 0.5053431987762451
0.5000074505805969 0.4897800385951996
0.4912842810153961 0.4861097037792206
0.48538681864738464 0.5191296935081482
0.47916698455810547 0.4628138840198517
0.4738999903202057 0.4785804748535156
0.4683540463447571 0.48806989192962646
0.46617183089256287 0.47836828231811523
0.4631524085998535 0.4743025004863739
0.4607478380203247 0.4515686631202698
0.4574073255062103 0.438623309135437
0.4552106261253357 0.4570215940475464
0.45201876759529114 0.4389430582523346
0.4521094262599945 0.4629637897014618
0.4482162594795227 0.4441970884799957
0.44718030095100403 0.4430151581764221
0.4420625567436218 0.4459370970726013
0.43230804800987244 0.422556608915329
0.42773064970970154 0.4541648328304291
0.42613252997398376 0.41988852620124817
0.4228649437427521 0.41206446290016174
0.4210083782672882 0.40870413184165955
0.41933658719062805 0.4156952500343323
0.417473703622818 0.40506160259246826
0.4154409170150757 0.40590962767601013
0.4124701917171478 0.4241061508655548
0.4117838144302368 0.4052603840827942
0.4102059006690979 0.39927759766578674
0.40998727083206177 0.3955693542957306
0.4102424383163452 0.4010978639125824
0.40798220038414 0.4241991341114044
0.4064812660217285 0.4655102789402008
0.4054603576660156 0.41648200154304504
0.40576601028442383 0.4380733370780945
0.40451958775520325 0.43084797263145447
0.40503185987472534 0.4047810137271881
0.4034090042114258 0.4119475185871124
0.4021855890750885 0.4268205761909485
0.40199044346809387 0.395517498254776
0.40177372097969055 0.4008696675300598
0.4008842408657074 0.3891301453113556
0.3999161124229431 0.4111364185810089
0.39792609214782715 0.4436575472354889
0.39725854992866516 0.400520920753479
0.3971182107925415 0.39033979177474976
0.3961954414844513 0.397216796875
0.39554592967033386 0.4055444300174713
0.3973631262779236 0.39075252413749695
0.39471644163131714 0.395995557308197
0.39549389481544495 0.4030625522136688
0.39495977759361267 0.40397220849990845
0.3941805064678192 0.3846217095851898
0.39373740553855896 0.384061336517334
0.3940947949886322 0.39786475896835327
0.3947311341762543 0.39282724261283875
0.3931575417518616 0.4140163064002991
0.3924785852432251 0.3976123332977295
0.39391061663627625 0.419537752866745
0.3916762173175812 0.4083630442619324
0.3914998173713684 0.38803645968437195
0.3917810320854187 0.4123111367225647
0.39153069257736206 0.3884735703468323
0.3909599184989929 0.40254151821136475
0.39075279235839844 0.39524608850479126
0.3890998661518097 0.39170533418655396
0.38959598541259766 0.38927170634269714
0.3882751166820526 0.3905998468399048
0.3879481554031372 0.39616113901138306
0.3870469033718109 0.37774038314819336
0.3876892626285553 0.38447654247283936
0.38713714480400085 0.3811781108379364
0.3873289227485657 0.4013778865337372
0.38752681016921997 0.39938730001449585
0.3872205317020416 0.3771451413631439
0.38616031408309937 0.38244351744651794
0.38722050189971924 0.4372882843017578
0.3870215117931366 0.3955937623977661
0.3854178190231323 0.4019910991191864
0.3854933977127075 0.3883131444454193
0.3861403167247772 0.398965060710907
0.3853529393672943 0.37612560391426086
0.3856065273284912 0.39052271842956543
0.3845735788345337 0.38585591316223145
0.3843989074230194 0.38320988416671753
0.38463807106018066 0.380023717880249
0.38468465209007263 0.37829819321632385
0.3843768537044525 0.36883774399757385
0.38180026412010193 0.3734634816646576
0.3826882243156433 0.38134464621543884
0.38327303528785706 0.38004109263420105
0.3815881311893463 0.3772682547569275
0.38192081451416016 0.4178708493709564
0.38189685344696045 0.38155218958854675
0.38214150071144104 0.40945130586624146
0.38120535016059875 0.41525334119796753
0.3811602294445038 0.37405481934547424
0.38107776641845703 0.3849548399448395
0.3804718554019928 0.3871043920516968
0.3812183737754822 0.38065406680107117
0.3816663920879364 0.3732857406139374
0.37972041964530945 0.373117595911026
0.37962645292282104 0.3878330886363983
0.37997496128082275 0.37998753786087036
0.37994351983070374 0.38518455624580383
0.37926653027534485 0.39297133684158325
0.3802396059036255 0.37840136885643005
0.3798961043357849 0.402240514755249
0.3801685571670532 0.40330711007118225
0.38069531321525574 0.38503286242485046
0.3802869915962219 0.38311150670051575
0.3788397014141083 0.3863072991371155
0.3768221437931061 0.4249988794326782
0.3780035674571991 0.38432735204696655
0.37757018208503723 0.39347729086875916
0.37684541940689087 0.3843996822834015
0.37709248065948486 0.382051944732666
0.3763376772403717 0.37310555577278137
0.37831488251686096 0.370120108127594
0.3777740001678467 0.37311023473739624
0.3776962161064148 0.3711782991886139
0.37756988406181335 0.37676817178726196
0.37690290808677673 0.3830864429473877
0.3759671449661255 0.3847421109676361
0.3760215640068054 0.3667159974575043
0.3759046792984009 0.37502849102020264
0.375861257314682 0.3905268907546997
0.3764561116695404 0.384302020072937
0.3758324384689331 0.3964565098285675
0.37589031457901 0.4165112376213074
0.37551644444465637 0.4374474883079529
0.3748670816421509 0.4152028560638428
0.37612202763557434 0.3966192305088043
0.3751303255558014 0.3716255724430084
0.3742051422595978 0.37159156799316406
0.37407419085502625 0.37166711688041687
0.3732752203941345 0.3814142644405365
0.37436723709106445 0.3719407320022583
0.3742646872997284 0.3918796181678772
0.3723149597644806 0.37194955348968506
0.3734802007675171 0.3737136125564575
0.3730587065219879 0.3726505637168884
0.373579204082489 0.371391624212265
0.3739677965641022 0.37900614738464355
0.3737438917160034 0.36906713247299194
0.373115599155426 0.373963326215744
0.37292370200157166 0.3665390908718109
0.3714129328727722 0.3798712491989136
0.37253791093826294 0.42074376344680786
0.3716829717159271 0.3791618347167969
0.3719945549964905 0.3810352385044098
0.3722962737083435 0.4000559449195862
0.3728228509426117 0.3684040606021881
0.3718874454498291 0.3768598735332489
0.3723784387111664 0.37835773825645447
0.3733121156692505 0.3813025653362274
0.3717470169067383 0.36927101016044617
0.37192121148109436 0.3985424041748047
0.37168240547180176 0.37949347496032715
0.371165007352829 0.41231274604797363
0.3708389401435852 0.37469732761383057
0.3702448904514313 0.36593398451805115
0.37074294686317444 0.37924066185951233
0.37024492025375366 0.369948148727417
0.37118417024612427 0.3841286599636078
0.36967912316322327 0.38219016790390015
0.37052834033966064 0.4252912104129791
0.3700689375400543 0.37253761291503906
0.3705243766307831 0.3633716106414795
0.3696857988834381 0.36639803647994995
0.36920109391212463 0.3632347285747528
0.36988744139671326 0.3905574083328247
0.36928674578666687 0.3933615982532501
0.3708890974521637 0.374781996011734
0.37048807740211487 0.37225890159606934
0.3694189488887787 0.38127678632736206
0.36946800351142883 0.3724336326122284
0.3689647912979126 0.370620995759964
0.369342565536499 0.37978723645210266
0.3690387010574341 0.38324135541915894
0.36986401677131653 0.39315810799598694
0.3685554265975952 0.3698787987232208
0.36856797337532043 0.36341536045074463
0.36843839287757874 0.3688800632953644
0.36800289154052734 0.3723493814468384
0.369041383266449 0.3734961152076721
0.3674033582210541 0.3752596080303192
0.36742016673088074 0.379408597946167
0.36805853247642517 0.3941844403743744
0.3673640787601471 0.36765748262405396
0.3676804304122925 0.3754096031188965
0.36725157499313354 0.367453396320343
0.3667486608028412 0.3681551516056061
0.3667367696762085 0.3640094995498657
0.3662073314189911 0.3736315369606018
0.3665921688079834 0.41639816761016846
0.3674475848674774 0.37095025181770325
0.3664979636669159 0.3675365149974823
0.36653831601142883 0.4251805543899536
0.36601725220680237 0.3669029176235199
0.3671513497829437 0.3736136257648468
0.3671759366989136 0.3729299306869507
0.36669421195983887 0.4145491123199463
0.3661310076713562 0.37319710850715637
0.3647598922252655 0.36301565170288086
0.3650485575199127 0.36728233098983765
0.36497846245765686 0.39320388436317444
0.36537444591522217 0.3661394417285919
0.3646942377090454 0.38479292392730713
0.36539310216903687 0.37496495246887207
0.36458367109298706 0.4282054901123047
0.3647669553756714 0.3672489821910858
0.3645179867744446 0.3687581419944763
0.3648555874824524 0.36864063143730164
0.3644193410873413 0.3730967342853546
0.36504286527633667 0.36978158354759216
0.3646811246871948 0.4024108946323395
0.36325299739837646 0.3646668791770935
0.3638589382171631 0.3986058533191681
0.36443188786506653 0.4026135802268982
0.36412060260772705 0.3654041290283203
0.36432987451553345 0.37810081243515015
0.36396902799606323 0.3708925247192383
0.3635508418083191 0.37089410424232483
0.36379319429397583 0.3768928349018097
0.3635430932044983 0.3823257386684418
0.3631402850151062 0.36663132905960083
0.3645932376384735 0.36851003766059875
0.3628901243209839 0.3801032304763794
0.36322683095932007 0.376078337430954
0.3623671531677246 0.41034552454948425
0.36316415667533875 0.36704176664352417
0.363067626953125 0.36646315455436707
0.36227041482925415 0.36415496468544006
0.36244747042655945 0.3678349256515503
0.3627764880657196 0.3627830445766449
0.36208778619766235 0.3712816834449768
0.36303991079330444 0.3764454424381256
0.3623970150947571 0.3658703863620758
0.3621350824832916 0.39458557963371277
0.3620268404483795 0.3894771635532379
0.36262616515159607 0.375029057264328
0.36256304383277893 0.37593698501586914
0.36095115542411804 0.37163102626800537
0.3614554703235626 0.37066012620925903
0.3619186282157898 0.4085142910480499
0.36114826798439026 0.36746832728385925
0.3622203767299652 0.3655427396297455
0.3618553578853607 0.382153183221817
0.36192724108695984 0.38911956548690796
0.36113202571868896 0.36431699991226196
0.3606303334236145 0.4283047616481781
0.3602356016635895 0.3665095865726471
0.3607456386089325 0.3626565635204315
0.36149123311042786 0.361000120639801
0.35994112491607666 0.38006269931793213
0.36018723249435425 0.3591597378253937
0.3615087866783142 0.38566845655441284
0.3599313795566559 0.3644959330558777
0.3604467809200287 0.3607121706008911
0.35979923605918884 0.3628847002983093
0.36038723587989807 0.37144094705581665
0.35990849137306213 0.375556081533432
0.36014890670776367 0.3793827295303345
0.3594951033592224 0.3636797070503235
0.36002111434936523 0.37270817160606384
0.3608230948448181 0.38096845149993896
0.3597356975078583 0.3803074359893799
0.3594931364059448 0.3837606906890869
0.3601338267326355 0.3735100328922272
0.3588109016418457 0.36604154109954834
0.3607080280780792 0.39635929465293884
0.3585194945335388 0.36779990792274475
0.35971125960350037 0.38153159618377686
0.35902202129364014 0.37228626012802124
0.358755499124527 0.37040650844573975
0.3594369888305664 0.39809906482696533
0.3584219515323639 0.35934197902679443
0.35848596692085266 0.3608449697494507
0.35892948508262634 0.3621489107608795
0.3578275144100189 0.38364484906196594
0.35811588168144226 0.37041544914245605
0.35789474844932556 0.36201897263526917
0.35787102580070496 0.3658830523490906
0.3586670458316803 0.3619898855686188
0.3575522303581238 0.37976402044296265
0.35765188932418823 0.36942705512046814
0.3578246533870697 0.3647806942462921
0.35878491401672363 0.36417609453201294
0.35752469301223755 0.380099356174469
0.3589494526386261 0.36265724897384644
0.35779592394828796 0.3621501922607422
0.3579111695289612 0.3611038625240326
0.35743939876556396 0.3631959557533264
0.3586496412754059 0.3737434446811676
0.3570060431957245 0.387440025806427
0.3581249415874481 0.3726058304309845
0.356682687997818 0.3764273226261139
0.355905681848526 0.379984974861145
0.3570736050605774 0.36226192116737366
0.35636016726493835 0.37897029519081116
0.35640203952789307 0.3717009127140045
0.3562014400959015 0.3863978087902069
0.3571471571922302 0.3597244322299957
0.3558241128921509 0.3714491128921509
0.3549083173274994 0.36307430267333984
0.35564878582954407 0.3631499707698822
0.3566223084926605 0.362515389919281
0.35599109530448914 0.3889954686164856
0.35583198070526123 0.3666689693927765
0.3554588258266449 0.3602306842803955
0.3561781942844391 0.3687419295310974
0.35592278838157654 0.3776407241821289
0.356442391872406 0.3599660396575928
0.3556281626224518 0.3759334683418274
0.3555606007575989 0.3701147437095642
0.3567535877227783 0.36863672733306885
0.3556058704853058 0.3657089173793793
0.3557211458683014 0.36005616188049316
0.35558709502220154 0.37068209052085876
0.35506442189216614 0.37501227855682373
0.35517436265945435 0.377451092004776
0.354705274105072 0.3569289445877075
0.3549584150314331 0.37901321053504944
0.3549494445323944 0.3777914047241211
0.3539935350418091 0.3710319399833679
0.3546566367149353 0.3639223575592041
0.35533416271209717 0.3800642192363739
0.35453563928604126 0.37836530804634094
0.353861927986145 0.36673370003700256
0.3550458550453186 0.3674926459789276
0.3552955687046051 0.3663995862007141
0.35469865798950195 0.36176303029060364
0.35430699586868286 0.3606487512588501
0.3549785614013672 0.40576183795928955
0.3548634350299835 0.36350294947624207
0.35479047894477844 0.3712761402130127
0.3545384109020233 0.38432228565216064
0.3539870083332062 0.3619024157524109
0.354268342256546 0.3662548065185547
0.35364073514938354 0.3624356985092163
0.35424792766571045 0.37485817074775696
0.35388654470443726 0.3737426698207855
0.35364440083503723 0.3926757872104645
0.3533809781074524 0.3642706871032715
0.35318440198898315 0.3609233498573303
0.35352620482444763 0.3718833923339844
0.35339680314064026 0.36604392528533936
0.35299476981163025 0.3741926848888397
0.35355907678604126 0.36170002818107605
0.35316336154937744 0.37905123829841614
0.3530374765396118 0.377838671207428
0.35319000482559204 0.38544270396232605
0.35321423411369324 0.3803073465824127
0.35264039039611816 0.36241450905799866
0.3529180586338043 0.378284752368927
0.3533762991428375 0.37458619475364685
0.3529766798019409 0.3647938370704651
0.3520398437976837 0.38458263874053955
0.35350605845451355 0.3616088330745697
0.3522588908672333 0.3837611675262451
0.3529956638813019 0.3652390241622925
0.35208672285079956 0.3833799362182617
0.35249757766723633 0.3624799847602844
0.35241901874542236 0.378142386674881
0.35248738527297974 0.3608086109161377
0.35278767347335815 0.36093857884407043
0.3515498638153076 0.36282870173454285
0.35128888487815857 0.3745303452014923
0.351337194442749 0.3658354878425598
0.35142895579338074 0.3666330873966217
0.3517254590988159 0.37219104170799255
0.3507550358772278 0.3626907169818878
0.3520883619785309 0.3669337332248688
0.3511319160461426 0.3610089421272278
0.3520890176296234 0.36433714628219604
0.35100534558296204 0.374158650636673
0.3515510857105255 0.35826146602630615
0.3512389659881592 0.36179807782173157
0.3508012592792511 0.36237967014312744
0.35129666328430176 0.38751477003097534
0.35125282406806946 0.359493613243103
0.35116416215896606 0.3627890348434448
0.3515286445617676 0.37234658002853394
0.3513987064361572 0.37640830874443054
0.35145941376686096 0.3655625581741333
0.35093674063682556 0.3913313150405884
0.3512271046638489 0.35985925793647766
0.35123100876808167 0.36806708574295044
0.35114604234695435 0.36731836199760437
0.35063591599464417 0.35989734530448914
0.35052111744880676 0.3612232208251953
0.35013121366500854 0.3788532614707947
0.3499166667461395 0.365629106760025
0.3499119281768799 0.35712942481040955
0.3499300479888916 0.3657512366771698
0.34963688254356384 0.36622869968414307
0.34917840361595154 0.3723902702331543
0.35051456093788147 0.36046648025512695
0.3497047424316406 0.36134177446365356
0.35013386607170105 0.4053368866443634
0.34977513551712036 0.36277058720588684
0.3492636978626251 0.37612128257751465
0.35005900263786316 0.3597610294818878
0.3506147861480713 0.3862399756908417
0.35016950964927673 0.3587316572666168
0.3500334322452545 0.36460572481155396
0.3495112657546997 0.3612990081310272
0.3504708707332611 0.36352694034576416
0.34943467378616333 0.36717689037323
0.3501072824001312 0.3840879201889038
0.3494473695755005 0.3569025993347168
0.34978121519088745 0.36673715710639954
0.3495788872241974 0.3665146827697754
0.34903132915496826 0.37005800008773804
0.3485420048236847 0.35937002301216125
0.3488648235797882 0.37646543979644775
0.3495512902736664 0.36643871665000916
0.348852276802063 0.3631789982318878
0.348872572183609 0.36540016531944275
0.3486974835395813 0.37034860253334045
0.3482845723628998 0.372927725315094
0.3485230803489685 0.36757537722587585
0.34813860058784485 0.3585480749607086
0.34874311089515686 0.3756367862224579
0.34875252842903137 0.3739173710346222
0.34797364473342896 0.37027978897094727
0.34883832931518555 0.37152403593063354
0.3478359580039978 0.3637693524360657
0.34829917550086975 0.36805373430252075
0.34857839345932007 0.3618137240409851
0.34904903173446655 0.3666231334209442
0.3482249677181244 0.36408188939094543
0.34858080744743347 0.37486037611961365
0.3481822907924652 0.3631942868232727
0.3489195704460144 0.35790857672691345
0.3483576774597168 0.36068958044052124
0.3473694920539856 0.3655349910259247
0.34741857647895813 0.3679676949977875
0.347042977809906 0.36076849699020386
0.34799814224243164 0.36311760544776917
0.3473348021507263 0.36363711953163147
0.347052663564682 0.36987993121147156
0.3471309542655945 0.3926267921924591
0.34743526577949524 0.3634946942329407
0.3473193049430847 0.3667576014995575
0.34749627113342285 0.3617852032184601
0.34721407294273376 0.3619508445262909
0.3479633331298828 0.3588186800479889
0.34725335240364075 0.3672758638858795
0.3474539816379547 0.36049291491508484
0.3474394381046295 0.3634366989135742
0.34763839840888977 0.3619200587272644
0.34729093313217163 0.3632921874523163
0.3468077480792999 0.35826075077056885
0.34739652276039124 0.35769620537757874
0.34731414914131165 0.3671166002750397
0.34705203771591187 0.3668193817138672
0.3470856547355652 0.3563423752784729
0.34750238060951233 0.3587171137332916
0.3466118574142456 0.35904839634895325
0.3460770547389984 0.36802005767822266
0.3466091752052307 0.36380520462989807
0.3465743064880371 0.36013370752334595
0.3460836410522461 0.3608425259590149
0.3466966152191162 0.36696290969848633
0.34558337926864624 0.36453112959861755
0.3461788594722748 0.36946210265159607
0.3465348482131958 0.3741970956325531
0.3460470736026764 0.3628339469432831
0.3459343910217285 0.36943358182907104
0.3460295498371124 0.3702796399593353
0.3459058105945587 0.3683151304721832
0.34659287333488464 0.3597821891307831
0.3459351360797882 0.36137819290161133
0.3467513918876648 0.3596227467060089
0.3459758460521698 0.3628924787044525
0.34668847918510437 0.3678096532821655
0.34578290581703186 0.3588719069957733
0.3458769917488098 0.3772062659263611
0.34613895416259766 0.3575810194015503
0.345983624458313 0.3625352680683136
0.3455725908279419 0.36419740319252014
0.3462046980857849 0.35801759362220764
0.34541812539100647 0.3598499894142151
0.34478679299354553 0.3665268123149872
0.34501662850379944 0.3625316023826599
0.3458506166934967 0.35935136675834656
0.3455081284046173 0.35998135805130005
0.3454419672489166 0.3857664167881012
0.3444223999977112 0.3566811978816986
0.3456145226955414 0.3630082309246063
0.3455323278903961 0.3586602807044983
0.3448832631111145 0.35985180735588074
0.34575966000556946 0.36256760358810425
0.3451414108276367 0.3608422875404358
0.34478527307510376 0.3732180893421173
0.3448503315448761 0.36037448048591614
0.3451971709728241 0.4032299220561981
0.3443273901939392 0.36084118485450745
0.3449203073978424 0.37345969676971436
0.3447257876396179 0.35675573348999023
0.3455336093902588 0.3636961877346039
0.3447946310043335 0.3645090162754059
0.3451695442199707 0.3609522879123688
0.345090389251709 0.4016153812408447
0.3449288010597229 0.35848721861839294
0.3441399931907654 0.3633680045604706
0.3447374999523163 0.35866019129753113
0.3436509370803833 0.3616482615470886
0.344142884016037 0.361555278301239
0.3437560498714447 0.35926926136016846
0.34449857473373413 0.36061471700668335
0.3439643681049347 0.3717711865901947
0.3440611958503723 0.3708970248699188
0.3439134955406189 0.3708118796348572
0.34412258863449097 0.3599797189235687
0.3439384400844574 0.3648982644081116
0.3438853621482849 0.3620110750198364
0.3442407548427582 0.366166889667511
0.3436272442340851 0.3735470473766327
0.34392890334129333 0.3732795715332031
0.34398990869522095 0.3600243031978607
0.3439219295978546 0.3621312379837036
0.3440089225769043 0.36637234687805176
0.3440755605697632 0.36554598808288574
0.34354010224342346 0.3689161241054535
0.34413158893585205 0.3583327829837799
0.3440825343132019 0.3683117628097534
0.3437293767929077 0.36585476994514465
0.34322255849838257 0.36914244294166565
0.3431430757045746 0.36291441321372986
0.34338003396987915 0.3655804395675659
0.3429599106311798 0.3648328185081482
0.3431028425693512 0.36671194434165955
0.3431215286254883 0.3631111979484558
0.34291213750839233 0.3696974813938141
0.34310051798820496 0.36034393310546875
0.3433826267719269 0.3576684594154358
0.342521995306015 0.36386868357658386
0.34402385354042053 0.36019015312194824
0.3430631756782532 0.3609674870967865
0.3428625166416168 0.36647066473960876
0.3435634970664978 0.37022078037261963
0.3425661325454712 0.3632040321826935
0.3429505228996277 0.3592975437641144
0.3427097201347351 0.36709973216056824
0.3425847589969635 0.3670637309551239
0.34312883019447327 0.37329620122909546
0.34339556097984314 0.3596213757991791
0.3431048095226288 0.3754371702671051
0.3422847390174866 0.36254724860191345
0.34284302592277527 0.39310452342033386
0.3424336910247803 0.3630253076553345
0.34246817231178284 0.3707810938358307
0.3425105810165405 0.3748689591884613
0.3418181240558624 0.3711722791194916
0.3420543968677521 0.3782987594604492
0.3416634202003479 0.37743043899536133
0.34212830662727356 0.36039745807647705
0.342486172914505 0.36624133586883545
0.3422665596008301 0.3628394603729248
0.34189632534980774 0.3834158182144165
0.3418232202529907 0.3582497239112854
0.3415653705596924 0.35940730571746826
0.34237489104270935 0.3575158417224884
0.3422514498233795 0.3750562071800232
0.34179067611694336 0.364071249961853
0.34217017889022827 0.36764347553253174
0.3419053256511688 0.37228620052337646
0.34168073534965515 0.35908377170562744
0.34168025851249695 0.3603109121322632
0.34138041734695435 0.3703318238258362
0.3415149748325348 0.3636024296283722
0.34220367670059204 0.3586711883544922
0.34135517477989197 0.364642471075058
0.3414067327976227 0.35928454995155334
0.3410937786102295 0.36597198247909546
0.3409360349178314 0.3657694160938263
0.3408772647380829 0.3606553375720978
0.34084025025367737 0.3617037534713745
0.34109044075012207 0.36404281854629517
0.34199047088623047 0.3613308370113373
0.341619074344635 0.37872734665870667
0.34129640460014343 0.381736695766449
0.34150755405426025 0.3672594130039215
0.3405457139015198 0.35980936884880066
0.34109681844711304 0.35986167192459106
0.340604305267334 0.3770178556442261
0.34087231755256653 0.36052796244621277
0.34074652194976807 0.36053135991096497
0.34116289019584656 0.3635581135749817
0.34103038907051086 0.36020153760910034
0.34059253334999084 0.36841291189193726
0.3409574031829834 0.3591267466545105
0.3411104679107666 0.3633107841014862
0.3411155641078949 0.3673725128173828
0.34106969833374023 0.3601817786693573
0.34097185730934143 0.361137330532074
0.3405603766441345 0.3601449728012085
0.340337336063385 0.3668520152568817
0.3401869833469391 0.361107736825943
0.3402285575866699 0.3736662268638611
0.3403354585170746 0.36248233914375305
0.3403296172618866 0.36284148693084717
0.34020325541496277 0.35781025886535645
0.3399798274040222 0.3790188729763031
0.34105974435806274 0.3629160523414612
0.33993440866470337 0.3588763475418091
0.33994439244270325 0.3693349063396454
0.339801549911499 0.35933446884155273
0.34021222591400146 0.35894086956977844
0.3399832248687744 0.3641475439071655
0.3403066098690033 0.36167582869529724
0.34019893407821655 0.3737572431564331
0.33971908688545227 0.3745013475418091
0.3399806618690491 0.36503714323043823
0.3403322994709015 0.36535459756851196
0.33968645334243774 0.36867454648017883
0.33985674381256104 0.3596038818359375
0.3400571048259735 0.3608119785785675
0.3401017189025879 0.36585474014282227
0.3397376537322998 0.3703603148460388
0.33940088748931885 0.36349427700042725
0.33977505564689636 0.3636491298675537
0.339083731174469 0.3617497384548187
0.3391599953174591 0.3607334494590759
0.3395296037197113 0.36840707063674927
0.3396017253398895 0.3721180558204651
0.33934444189071655 0.3696167767047882
0.33931785821914673 0.3613472282886505
0.33948978781700134 0.36270344257354736
0.3391049802303314 0.3614548146724701
0.339138388633728 0.3589179515838623
0.3391527831554413 0.36100149154663086
0.3387736678123474 0.35922062397003174
0.33905619382858276 0.3581273853778839
0.33930331468582153 0.36742863059043884
0.3393046259880066 0.39317670464515686
0.33913108706474304 0.361483633518219
0.3390495181083679 0.35779932141304016
0.3388417363166809 0.3616885840892792
0.33922117948532104 0.37039196491241455
0.33953073620796204 0.361359566450119
0.33924221992492676 0.37483280897140503
0.33870652318000793 0.35926854610443115
0.33887389302253723 0.3676535189151764
0.3384127616882324 0.3586009740829468
0.3384236991405487 0.36010125279426575
0.3385080099105835 0.3821306824684143
0.33851921558380127 0.38972896337509155
0.33852413296699524 0.36420324444770813
0.33863431215286255 0.36611127853393555
0.33834293484687805 0.3621727228164673
0.33854132890701294 0.3572491705417633
0.33865511417388916 0.3727497160434723
0.3386896848678589 0.37291762232780457
0.3379862606525421 0.35962629318237305
0.33829838037490845 0.3697512447834015
0.3385297954082489 0.36881980299949646
0.33843475580215454 0.36468592286109924
0.3376973867416382 0.3741421401500702
0.338384211063385 0.36306074261665344
0.3378355801105499 0.3671586215496063
0.33911773562431335 0.3618481755256653
0.3375556766986847 0.3596944510936737
0.3384280800819397 0.38564229011535645
0.3382819890975952 0.3608021140098572
0.33818522095680237 0.37665024399757385
0.33789995312690735 0.35910478234291077
0.33748549222946167 0.36025646328926086
0.3376060426235199 0.36436641216278076
0.3380456864833832 0.3618774712085724
0.3378532826900482 0.36231279373168945
0.33751434087753296 0.3671978712081909
0.3376084566116333 0.3667087256908417
0.33806112408638 0.3627015948295593
0.3375178575515747 0.3608349561691284
0.33756282925605774 0.3616449236869812
0.33751562237739563 0.364352285861969
0.3379141688346863 0.371314138174057
0.33756422996520996 0.36233070492744446
0.3378932774066925 0.3614983558654785
0.3370717465877533 0.36220455169677734
0.3379061222076416 0.36007899045944214
0.33772894740104675 0.36206209659576416
0.33759361505508423 0.367942214012146
0.3374846875667572 0.3859516382217407
0.3376125693321228 0.36042270064353943
0.3372153043746948 0.3599100410938263
0.33747705817222595 0.36292141675949097
0.33784669637680054 0.3601182699203491
0.3373830020427704 0.3636007308959961
0.3367866277694702 0.35900381207466125
0.3368529975414276 0.3635123372077942
0.3372699022293091 0.36429208517074585
0.33724457025527954 0.36396777629852295
0.3368886709213257 0.36003613471984863
0.33697617053985596 0.37488776445388794
0.3368041515350342 0.3636106848716736
0.33734017610549927 0.3724844753742218
0.33726558089256287 0.37237465381622314
0.33688363432884216 0.36101076006889343
0.33681362867355347 0.36244863271713257
0.3370865285396576 0.36682847142219543
0.33660465478897095 0.3655826151371002
0.33673804998397827 0.36152276396751404
0.33682969212532043 0.35961803793907166
0.33678948879241943 0.36499378085136414
0.336757093667984 0.3722022771835327
0.33696696162223816 0.36273616552352905
0.3369109332561493 0.3686276972293854
0.33640047907829285 0.36410921812057495
0.3363052308559418 0.3654553294181824
0.3364209532737732 0.36271363496780396
0.3369508683681488 0.3605840504169464
0.33643728494644165 0.3859177529811859
0.3366455137729645 0.36413368582725525
0.3362659811973572 0.3647436201572418
0.33621886372566223 0.35879719257354736
0.33624541759490967 0.360778272151947
0.3361915051937103 0.36155804991722107
0.33601537346839905 0.3723543882369995
0.33618485927581787 0.3573787212371826
0.3358781933784485 0.36961060762405396
0.3362762928009033 0.3665381968021393
0.33592110872268677 0.3594553470611572
0.33619052171707153 0.36028358340263367
0.3361593782901764 0.36496734619140625
0.33579474687576294 0.35849639773368835
0.3361373841762543 0.3607770502567291
0.3358273506164551 0.3604838252067566
0.33576858043670654 0.36139848828315735
0.33609244227409363 0.3593786954879761
0.33566898107528687 0.36296695470809937
0.3359891176223755 0.3615061938762665
0.3358634114265442 0.36636003851890564
0.3360248804092407 0.36139655113220215
0.33575570583343506 0.36195483803749084
0.3357083797454834 0.35966652631759644
0.33555731177330017 0.3630297780036926
0.3353308141231537 0.3801512122154236
0.3359226882457733 0.3647080957889557
0.33556437492370605 0.36746469140052795
0.3354654014110565 0.37497958540916443
0.33541345596313477 0.3763190805912018
0.3357926309108734 0.3680252730846405
0.3353903889656067 0.3646286129951477
0.33530905842781067 0.36707910895347595
0.33522090315818787 0.36660370230674744
0.3354284465312958 0.3659902513027191
0.3352208435535431 0.3586061894893646
0.33504995703697205 0.3573223054409027
0.3355577886104584 0.358898401260376
0.3352116346359253 0.3621174693107605
0.33532485365867615 0.3592967092990875
0.33590665459632874 0.36401820182800293
0.33530208468437195 0.360140860080719
0.33541157841682434 0.3620796203613281
0.33519479632377625 0.3599974811077118
0.3351181447505951 0.36125311255455017
0.3352943956851959 0.36493760347366333
0.335164338350296 0.35957852005958557
0.3348458409309387 0.364740252494812
0.334765762090683 0.36224251985549927
0.33494842052459717 0.3608535826206207
0.3346642553806305 0.3612370491027832
0.33454012870788574 0.3712734580039978
0.3352184593677521 0.36023348569869995
0.335303395986557 0.3614804148674011
0.33473309874534607 0.3675346374511719
0.33449411392211914 0.37075933814048767
0.33452001214027405 0.37123000621795654
0.3344176113605499 0.3642096519470215
0.33481621742248535 0.37164315581321716
0.3343745470046997 0.3656601309776306
0.3341340124607086 0.3685290515422821
0.3345542252063751 0.36818262934684753
0.334687203168869 0.3590432107448578
0.3345423936843872 0.3630729913711548
0.3347569406032562 0.35919108986854553
0.3346409201622009 0.36396917700767517
0.33458951115608215 0.36184588074684143
0.3343416750431061 0.361847847700119
0.33470723032951355 0.3654884099960327
0.33527815341949463 0.3623999059200287
0.333840936422348 0.35934215784072876
0.33399200439453125 0.37363266944885254
0.3341231346130371 0.36026158928871155
0.33414337038993835 0.3633481562137604
0.3343746066093445 0.36345434188842773
0.3340359628200531 0.3615836501121521
0.33370164036750793 0.3620344400405884
0.3342677652835846 0.35966092348098755
0.3338541090488434 0.38244739174842834
