1.495866298675537 1.4997256994247437
1.4799094200134277 1.5066543817520142
1.3248677253723145 0.941197395324707
0.6592118740081787 0.570871889591217
0.5305344462394714 0.4952130913734436
0.4728963375091553 0.4665530323982239
0.43001604080200195 0.4257622957229614
0.4046113193035126 0.41698548197746277
0.3895587623119354 0.3830331563949585
0.3802716135978699 0.3768868148326874
0.37233400344848633 0.3963676393032074
0.3675495982170105 0.3562859296798706
0.3607836663722992 0.36386144161224365
0.3587327301502228 0.367339164018631
0.3567938804626465 0.3462643623352051
0.3508864939212799 0.3473917841911316
0.3485685884952545 0.3937346339225769
0.3458963632583618 0.3458123505115509
0.34427598118782043 0.33155739307403564
0.342593789100647 0.33750617504119873
0.34168142080307007 0.3305668234825134
0.3400323688983917 0.39708641171455383
0.3388550281524658 0.3471442759037018
0.33596983551979065 0.3491775691509247
0.3358882665634155 0.35444211959838867
0.33425372838974 0.3350759446620941
0.3315093517303467 0.3634118437767029
0.3324182331562042 0.34580984711647034
0.33115917444229126 0.3325669765472412
0.32994791865348816 0.3252995014190674
0.3284473419189453 0.3351271152496338
0.32770267128944397 0.3271538317203522
0.32684528827667236 0.3360210657119751
0.32709017395973206 0.3365060091018677
0.32567256689071655 0.3274211883544922
0.3240105211734772 0.31478720903396606
0.32407185435295105 0.3187705874443054
0.3213798403739929 0.31546902656555176
0.32132089138031006 0.3412015438079834
0.32186776399612427 0.3225283622741699
0.3206327557563782 0.3331737220287323
0.31906554102897644 0.32426029443740845
0.3183037340641022 0.33144038915634155
0.3186138868331909 0.32334065437316895
0.3181743919849396 0.31410154700279236
0.31849032640457153 0.32983046770095825
0.3177366256713867 0.33906036615371704
0.31861111521720886 0.34455519914627075
0.31601449847221375 0.3217383325099945
0.3146287798881531 0.31160566210746765
0.31608542799949646 0.34986308217048645
0.3152361512184143 0.3324184715747833
0.31414318084716797 0.33186396956443787
0.3136548101902008 0.32553914189338684
0.3141569495201111 0.3517991304397583
0.31366193294525146 0.35116586089134216
0.31263548135757446 0.3615328073501587
0.31148242950439453 0.3240443170070648
0.311015784740448 0.3080609142780304
0.31184813380241394 0.31335166096687317
0.3087823688983917 0.3194843828678131
0.3094046711921692 0.31931325793266296
0.30980440974235535 0.3065603971481323
0.30920663475990295 0.3200162649154663
0.3099655210971832 0.3085392415523529
0.30797550082206726 0.3108736276626587
0.30790647864341736 0.30575868487358093
0.3073178827762604 0.3288516700267792
0.3070806562900543 0.3092612028121948
0.30892667174339294 0.32479527592658997
0.3069162368774414 0.30841925740242004
0.3064897656440735 0.301493763923645
0.3060024678707123 0.3057422637939453
0.30557721853256226 0.31478413939476013
0.30512019991874695 0.30254608392715454
0.30509862303733826 0.31783175468444824
0.30448460578918457 0.3434242308139801
0.303986132144928 0.31449222564697266
0.3033748269081116 0.3110669255256653
0.3040035665035248 0.3195352852344513
0.30233234167099 0.2944595217704773
0.30348721146583557 0.3044857382774353
0.3024572730064392 0.34527307748794556
0.3020262122154236 0.298789381980896
0.3026103973388672 0.3098008930683136
0.30284467339515686 0.31716659665107727
0.3023500442504883 0.2969302237033844
0.3010379672050476 0.3714284896850586
0.3011988699436188 0.3586890697479248
0.30195853114128113 0.29249194264411926
0.3015407919883728 0.2940775454044342
0.3000352382659912 0.2921045422554016
0.2981523275375366 0.29769518971443176
0.30085861682891846 0.32660627365112305
0.2999259829521179 0.32606005668640137
0.297862708568573 0.30605348944664
0.297588050365448 0.31876495480537415
0.2979073226451874 0.31829169392585754
0.2979547679424286 0.31005749106407166
0.29695409536361694 0.3011349141597748
0.298086017370224 0.33133095502853394
0.29765254259109497 0.3219836950302124
0.296674519777298 0.29463088512420654
0.2985452115535736 0.30595526099205017
0.296685129404068 0.30233803391456604
0.29615989327430725 0.2933734059333801
0.2962016463279724 0.29117444157600403
0.2954971492290497 0.29691991209983826
0.29516375064849854 0.3021087050437927
0.2949303686618805 0.28615662455558777
0.2946736514568329 0.29510360956192017
0.29402559995651245 0.3010123372077942
0.2929699718952179 0.3005102872848511
0.2943897843360901 0.2922523617744446
0.2933984696865082 0.3275759220123291
0.2933097779750824 0.3148370087146759
0.29360702633857727 0.3057716488838196
0.293409526348114 0.31902366876602173
0.29252755641937256 0.29046037793159485
0.29240715503692627 0.30201175808906555
0.292898952960968 0.29548180103302
0.2922878563404083 0.2933233976364136
0.2911739945411682 0.2958390712738037
0.2911570072174072 0.28943970799446106
0.29208189249038696 0.30042460560798645
0.29191330075263977 0.2887817621231079
0.2911504805088043 0.3389876186847687
0.291333943605423 0.3110451400279999
0.29300108551979065 0.3283429443836212
0.29042261838912964 0.3212684392929077
0.2903735041618347 0.33197149634361267
0.29132962226867676 0.30031001567840576
0.28967151045799255 0.3021582067012787
0.29020482301712036 0.2880682051181793
0.28952306509017944 0.2870378792285919
0.2896261513233185 0.30219751596450806
0.2894901633262634 0.29265472292900085
0.2887774109840393 0.2932550013065338
0.2899062931537628 0.32794883847236633
0.28796055912971497 0.3012496531009674
0.28944575786590576 0.29100683331489563
0.28982722759246826 0.32049164175987244
0.28877049684524536 0.2938336133956909
0.28937187790870667 0.30798986554145813
0.28761690855026245 0.3222765624523163
0.2883872985839844 0.2965082824230194
0.2870734632015228 0.4005914330482483
0.28736332058906555 0.32398509979248047
0.28613972663879395 0.29576388001441956
0.2871147394180298 0.3050461411476135
0.28638437390327454 0.2858094274997711
0.28850793838500977 0.29388993978500366
0.2870961129665375 0.2866547107696533
0.2854931056499481 0.31668078899383545
0.286165714263916 0.29321736097335815
0.28611987829208374 0.3194047808647156
0.28576937317848206 0.2941058278083801
0.2872055470943451 0.28678128123283386
0.28597578406333923 0.2917814552783966
0.2860308885574341 0.28362327814102173
0.2856469452381134 0.2854345440864563
0.28469333052635193 0.3430851697921753
0.2844294309616089 0.29088327288627625
0.28453025221824646 0.2834930121898651
0.2853611409664154 0.3199305534362793
0.28424495458602905 0.29302358627319336
0.28540435433387756 0.2949846088886261
0.28559553623199463 0.31567057967185974
0.28502482175827026 0.2873160243034363
0.2838975191116333 0.3091460168361664
0.28584909439086914 0.29068246483802795
0.2835395932197571 0.2867712080478668
0.2828182876110077 0.28923720121383667
0.2856009900569916 0.29568806290626526
0.2838599383831024 0.29654014110565186
0.2832023799419403 0.2992709279060364
0.28257444500923157 0.28709498047828674
0.282917320728302 0.29287147521972656
0.2837163507938385 0.303439199924469
0.2820879817008972 0.3242538273334503
0.28196120262145996 0.28606948256492615
0.2823609709739685 0.3292645215988159
0.28238245844841003 0.30086183547973633
0.2815845310688019 0.293920636177063
0.28131774067878723 0.27870023250579834
0.28152239322662354 0.3039996027946472
0.2819804847240448 0.2959054410457611
0.2807270288467407 0.29322269558906555
0.2817118763923645 0.28503382205963135
0.2798811197280884 0.2768908143043518
0.28081437945365906 0.2910759150981903
0.28003352880477905 0.2814446687698364
0.2813096046447754 0.2891739010810852
0.27956250309944153 0.28831151127815247
0.28039586544036865 0.28896111249923706
0.2800993025302887 0.34587588906288147
0.2812670171260834 0.289977103471756
0.2793830335140228 0.28840696811676025
0.27911195158958435 0.2938481867313385
0.28018802404403687 0.3024590313434601
0.27994343638420105 0.2818544805049896
0.2805650532245636 0.2890702188014984
0.2806464731693268 0.2940589189529419
0.2793881297111511 0.2892654538154602
0.27849939465522766 0.2929869294166565
0.2793152630329132 0.2876204252243042
0.27913400530815125 0.3348841071128845
0.2786172926425934 0.30667707324028015
0.2789372503757477 0.29123687744140625
0.27904418110847473 0.29001757502555847
0.27792495489120483 0.2950528860092163
0.27891841530799866 0.30241408944129944
0.2775377929210663 0.3132419288158417
0.2788447141647339 0.2984826862812042
0.2780502140522003 0.28535696864128113
0.2782531976699829 0.2779306173324585
0.2767833471298218 0.27836909890174866
0.2772308886051178 0.30722910165786743
0.27764803171157837 0.30980777740478516
0.27651435136795044 0.28489863872528076
0.2772047221660614 0.2946705222129822
0.27842164039611816 0.3128622770309448
0.2771940231323242 0.2898388206958771
0.2771915793418884 0.2827666997909546
0.27732542157173157 0.28202158212661743
0.2768469452857971 0.29680559039115906
0.27729007601737976 0.3034762144088745
0.27663862705230713 0.2874346375465393
0.2760176658630371 0.28281503915786743
0.27621856331825256 0.2801409065723419
0.2765994071960449 0.28236299753189087
0.2761889696121216 0.28183919191360474
0.275852769613266 0.2903694212436676
0.276705801486969 0.29211878776550293
0.2758759558200836 0.3148249685764313
0.276912122964859 0.2892530560493469
0.27527284622192383 0.2821842133998871
0.27587199211120605 0.2847658395767212
0.2755877673625946 0.30009210109710693
0.2758847177028656 0.29757148027420044
0.275491863489151 0.2831363081932068
0.2745087146759033 0.28077903389930725
0.275752991437912 0.2791859805583954
0.27472126483917236 0.282718688249588
0.2746660113334656 0.2889884114265442
0.27540066838264465 0.2998564541339874
0.2749749720096588 0.2773924171924591
0.27558445930480957 0.2800440192222595
0.2742440402507782 0.28669315576553345
0.27454081177711487 0.3014349043369293
0.2733444571495056 0.28409430384635925
0.2740013301372528 0.29715874791145325
0.2747373580932617 0.278331458568573
0.27543312311172485 0.3083808124065399
0.2744511067867279 0.3042866289615631
0.2736736238002777 0.2821078896522522
0.27518969774246216 0.3112328350543976
0.2745039761066437 0.2789311408996582
0.27494382858276367 0.3112955093383789
0.27304238080978394 0.2817169725894928
0.2739856541156769 0.2760975956916809
0.27311092615127563 0.3087051212787628
0.27416226267814636 0.3094838261604309
0.27326616644859314 0.2819932997226715
0.2729223370552063 0.30547896027565
0.27367135882377625 0.2799607217311859
0.2723923921585083 0.28546538949012756
0.2725003659725189 0.2809114456176758
0.27265164256095886 0.294548898935318
0.27197685837745667 0.2822301983833313
0.2734401822090149 0.27961447834968567
0.27294930815696716 0.2860049307346344
0.27248767018318176 0.28416669368743896
0.27246540784835815 0.3171205222606659
0.2714082896709442 0.3199244737625122
0.2728542387485504 0.2833033502101898
0.27241843938827515 0.2795588970184326
0.27235323190689087 0.3141283094882965
0.2726643979549408 0.2800932824611664
0.2719678580760956 0.27470484375953674
0.2716140151023865 0.28193581104278564
0.27155303955078125 0.30807259678840637
0.2717672884464264 0.2879863381385803
0.2730112671852112 0.29996249079704285
0.27172181010246277 0.28227537870407104
0.2707383632659912 0.2800086736679077
0.27127745747566223 0.280474990606308
0.27124112844467163 0.27951478958129883
0.2709674835205078 0.29853782057762146
0.27259010076522827 0.2793736457824707
0.27102234959602356 0.27636992931365967
0.2711056172847748 0.30263006687164307
0.27201956510543823 0.28392133116722107
0.2708025276660919 0.2769523859024048
0.2719258666038513 0.28289884328842163
0.2718544602394104 0.28002774715423584
0.27017173171043396 0.2851864993572235
0.2699899971485138 0.3307623267173767
0.27075207233428955 0.27859267592430115
0.27114424109458923 0.28612014651298523
0.2708297669887543 0.28282079100608826
0.2715764343738556 0.2869698107242584
0.2714782655239105 0.2769540250301361
0.27078941464424133 0.2785942852497101
0.271355539560318 0.28084999322891235
0.2709559202194214 0.2883758842945099
0.27084195613861084 0.2811264097690582
0.269775390625 0.32454460859298706
0.2708042562007904 0.2873310148715973
0.2700689435005188 0.28547045588493347
0.26906096935272217 0.279189795255661
0.2711850106716156 0.31336236000061035
0.2690885066986084 0.27439263463020325
0.27048107981681824 0.2837665379047394
0.26989394426345825 0.27486366033554077
0.2695367634296417 0.29828548431396484
0.26962652802467346 0.2869577705860138
0.2694358229637146 0.27616146206855774
0.2690695524215698 0.2738713324069977
0.2687200903892517 0.2889370322227478
0.2698281705379486 0.275097519159317
0.26928064227104187 0.30407220125198364
0.2702000141143799 0.27920153737068176
0.26890966296195984 0.28781503438949585
0.2683057188987732 0.29554909467697144
0.26781824231147766 0.2786206305027008
0.26992371678352356 0.28958624601364136
0.2688160836696625 0.2756383419036865
0.26911288499832153 0.27971214056015015
0.26838141679763794 0.29652082920074463
0.26901304721832275 0.27735593914985657
0.26737192273139954 0.28455445170402527
0.2696062922477722 0.27748894691467285
0.26914075016975403 0.2784094512462616
0.2679044306278229 0.27944594621658325
0.2689422070980072 0.2899942696094513
0.26829320192337036 0.28301554918289185
0.2680233120918274 0.30302608013153076
0.26920798420906067 0.3094644248485565
0.2685757279396057 0.27847546339035034
0.268453449010849 0.2825389802455902
0.26896923780441284 0.2894276976585388
0.26818105578422546 0.2892239987850189
0.267600953578949 0.2767878770828247
0.2683753967285156 0.31930020451545715
0.2689226269721985 0.27358803153038025
0.26658543944358826 0.2870532274246216
0.2674444913864136 0.28131428360939026
0.26755374670028687 0.29671233892440796
0.26711714267730713 0.27278611063957214
0.26815226674079895 0.27443423867225647
0.2668561339378357 0.2857973873615265
0.2674281597137451 0.30345284938812256
0.2655208706855774 0.3001325726509094
0.26760467886924744 0.2766101062297821
0.26785507798194885 0.281024307012558
0.2684154510498047 0.2982417643070221
0.266536682844162 0.2755970358848572
0.26818934082984924 0.2798284888267517
0.26731348037719727 0.2853984534740448
0.26640525460243225 0.3142332136631012
0.2673880457878113 0.28790944814682007
0.2671477794647217 0.27469268441200256
0.26652729511260986 0.27308520674705505
0.26686713099479675 0.2890007197856903
0.26655685901641846 0.28279563784599304
0.2664864957332611 0.28745198249816895
0.2660627067089081 0.27651846408843994
0.267029345035553 0.2804281413555145
0.2666880488395691 0.3424057066440582
0.26672014594078064 0.27477872371673584
0.26705971360206604 0.2761973738670349
0.2659684419631958 0.2804224193096161
0.2659263610839844 0.2727890610694885
0.26555871963500977 0.28550657629966736
0.2661797106266022 0.2907458543777466
0.26714223623275757 0.3039860725402832
0.26567432284355164 0.2943095266819
0.2659645080566406 0.3076121211051941
0.26498886942863464 0.2809693217277527
0.2648351788520813 0.2776660621166229
0.2650062143802643 0.2839309275150299
0.26580411195755005 0.279217004776001
0.26507851481437683 0.27484989166259766
0.2659892439842224 0.2845613658428192
0.2653174102306366 0.27882447838783264
0.2662027180194855 0.27539485692977905
0.26560643315315247 0.2881169021129608
0.26585009694099426 0.27649378776550293
0.26538848876953125 0.27465713024139404
0.26553109288215637 0.27474015951156616
0.2660791873931885 0.2862134277820587
0.2650671899318695 0.27691736817359924
0.2648068070411682 0.3042125403881073
0.26523956656455994 0.27782773971557617
0.2652570307254791 0.27706238627433777
0.2655715048313141 0.2840196192264557
0.26547959446907043 0.2775275707244873
0.2658706307411194 0.28148624300956726
0.26514846086502075 0.2845139801502228
0.26497510075569153 0.28147658705711365
0.2657233774662018 0.27598729729652405
0.26429253816604614 0.291090726852417
0.264833003282547 0.28416913747787476
0.2653154730796814 0.31128671765327454
0.2647939622402191 0.272368460893631
0.2636624276638031 0.285186767578125
0.26520034670829773 0.285858690738678
0.2651641368865967 0.2778806686401367
0.2643573582172394 0.282925546169281
0.26443368196487427 0.2774452567100525
0.26480504870414734 0.273608922958374
0.2642543911933899 0.28399550914764404
0.2642574906349182 0.2790912091732025
0.264852374792099 0.2762579023838043
0.2656242251396179 0.2819294333457947
0.2642365097999573 0.29366162419319153
0.2648410499095917 0.28249892592430115
0.26398351788520813 0.27038130164146423
0.2628737986087799 0.27305859327316284
0.26421838998794556 0.27261102199554443
0.2643411457538605 0.300292044878006
0.2642728388309479 0.3013633191585541
0.2648788392543793 0.2841806709766388
0.26369813084602356 0.282257080078125
0.2636014223098755 0.30945146083831787
0.26499801874160767 0.2777535021305084
0.26377764344215393 0.28786900639533997
0.26345333456993103 0.2729281485080719
0.26299914717674255 0.2871069610118866
0.2630857229232788 0.2778523862361908
0.2631584107875824 0.27583685517311096
0.26349207758903503 0.29460418224334717
0.26412904262542725 0.2749212980270386
0.26361775398254395 0.2700166404247284
0.26291680335998535 0.28600311279296875
0.2627980411052704 0.2725474536418915
0.2637096345424652 0.28226515650749207
0.2632730007171631 0.28361091017723083
0.2625260055065155 0.2850785553455353
0.2633976340293884 0.27836117148399353
0.2632404565811157 0.2878139019012451
0.2635234594345093 0.2824600636959076
0.26199233531951904 0.2894350290298462
0.26256391406059265 0.2837883532047272
0.26348191499710083 0.3052543103694916
0.26292067766189575 0.27434176206588745
0.2630462944507599 0.27625522017478943
0.2625521421432495 0.2806585133075714
0.26257291436195374 0.28205519914627075
0.2639029920101166 0.27429112792015076
0.26303181052207947 0.2847205698490143
0.2634481191635132 0.2832646071910858
0.26336798071861267 0.29031434655189514
0.2640797793865204 0.27985677123069763
0.2622350752353668 0.2727397084236145
0.2629341185092926 0.28835514187812805
0.263202428817749 0.29567062854766846
0.2620580494403839 0.27846604585647583
0.2630281448364258 0.2732900083065033
0.26256006956100464 0.2781946659088135
0.26205000281333923 0.2797771990299225
0.2625761330127716 0.28017812967300415
0.2626393437385559 0.2792101502418518
0.26135218143463135 0.26933854818344116
0.26252344250679016 0.2748318910598755
0.26239684224128723 0.2760980427265167
0.2628895938396454 0.2809782028198242
0.2615901529788971 0.28069746494293213
0.26297181844711304 0.29858145117759705
0.26089948415756226 0.30720260739326477
0.26223376393318176 0.28190547227859497
0.2624596059322357 0.28816860914230347
0.2615085542201996 0.26869896054267883
0.2624145746231079 0.27358442544937134
0.262850821018219 0.3001701533794403
0.26172885298728943 0.2812981903553009
0.2615988850593567 0.29679781198501587
0.2617930471897125 0.2800898253917694
0.26145797967910767 0.2771275043487549
0.26141828298568726 0.3029847741127014
0.2612670063972473 0.2790248990058899
0.26220452785491943 0.28821903467178345
0.26151520013809204 0.2832273542881012
0.2611932158470154 0.2772919535636902
0.26125672459602356 0.29655057191848755
0.260850191116333 0.27983736991882324
0.2607729732990265 0.27904462814331055
0.26024922728538513 0.27723753452301025
0.2617575526237488 0.29935476183891296
0.26272106170654297 0.2857464849948883
0.2599999010562897 0.2736641764640808
0.261655330657959 0.2958472669124603
0.2604520320892334 0.2820780575275421
0.2606113851070404 0.3012796640396118
0.2616025507450104 0.29550671577453613
0.2606847882270813 0.3025853931903839
0.2604879140853882 0.2910648584365845
0.2607108950614929 0.28590238094329834
0.26075994968414307 0.2839307188987732
