7.12910795211792 1.7452855110168457
1.5399383306503296 1.7569729089736938
1.5256967544555664 1.676224708557129
1.492331624031067 1.6275027990341187
1.4618515968322754 1.6023012399673462
1.415099024772644 1.4849379062652588
1.3224542140960693 1.417706847190857
1.2690110206604004 1.3595867156982422
1.226426362991333 1.3270169496536255
1.182521104812622 1.2682931423187256
1.143166422843933 1.2286114692687988
1.112695336341858 1.2005759477615356
1.0796397924423218 1.1390248537063599
1.0421894788742065 1.1105226278305054
0.997565746307373 1.0507200956344604
0.9508244395256042 1.003455638885498
0.913628339767456 0.9576687216758728
0.8816377520561218 0.9199650883674622
0.8495672941207886 0.918256402015686
0.8103011846542358 0.8567405939102173
0.7594321966171265 0.787850558757782
0.7294579148292542 0.7515680193901062
0.6952273845672607 0.7326574325561523
0.6684564352035522 0.7176867723464966
0.6434334516525269 0.6772042512893677
0.6225882172584534 0.6694559454917908
0.6036921739578247 0.6455783843994141
0.5855072140693665 0.6060734391212463
0.57061767578125 0.6046769022941589
0.5521169900894165 0.5806812644004822
0.5337725281715393 0.5534102916717529
0.5156480073928833 0.5326211452484131
0.4957290291786194 0.5090229511260986
0.47469061613082886 0.48746681213378906
0.45915380120277405 0.491427481174469
0.4472515285015106 0.48310577869415283
0.43596187233924866 0.459424763917923
0.42304113507270813 0.4635152220726013
0.4127137362957001 0.4337908923625946
0.4017043709754944 0.41280046105384827
0.38707226514816284 0.40017369389533997
0.37369537353515625 0.37646737694740295
0.35769328474998474 0.3776658773422241
0.34386974573135376 0.3817436993122101
0.3308717608451843 0.3486020863056183
0.31705933809280396 0.34252193570137024
0.3045525550842285 0.3228747844696045
0.2912231981754303 0.3151639401912689
0.27765151858329773 0.27893364429473877
0.265521764755249 0.2945968210697174
0.25640758872032166 0.2568289637565613
0.24871742725372314 0.27056705951690674
0.23802320659160614 0.23628783226013184
0.2293771654367447 0.23645509779453278
0.222921684384346 0.23396699130535126
0.21858346462249756 0.22113370895385742
0.21198445558547974 0.2197187840938568
0.20854875445365906 0.21709567308425903
0.20236177742481232 0.24232570827007294
0.1984248161315918 0.20383526384830475
0.19596490263938904 0.21433043479919434
0.19223006069660187 0.20824749767780304
0.19012954831123352 0.1897292584180832
0.18620453774929047 0.20422698557376862
0.18379808962345123 0.1931276023387909
0.18124240636825562 0.21531468629837036
0.17937245965003967 0.19292132556438446
0.17786721885204315 0.1907048225402832
0.17749498784542084 0.18023329973220825
0.17420463263988495 0.1808682531118393
0.17253552377223969 0.17724765837192535
0.1697898805141449 0.1742982566356659
0.16748476028442383 0.18804413080215454
0.16693450510501862 0.19139599800109863
0.1658342182636261 0.18135154247283936
0.16362755000591278 0.18147432804107666
0.16179734468460083 0.16251787543296814
0.16076871752738953 0.1741400510072708
0.15945260226726532 0.167045459151268
0.15758590400218964 0.17051401734352112
0.1559755504131317 0.15578439831733704
0.1550932079553604 0.15783482789993286
0.15394824743270874 0.18355529010295868
0.15266506373882294 0.16004016995429993
0.15197990834712982 0.1927647888660431
0.1507512778043747 0.1960977017879486
0.15151415765285492 0.16097420454025269
0.15118050575256348 0.16961438953876495
0.14798076450824738 0.16837695240974426
0.1492607295513153 0.14851731061935425
0.14671841263771057 0.16226740181446075
0.14668817818164825 0.15131875872612
0.14655010402202606 0.15245403349399567
0.14503909647464752 0.15164683759212494
0.14452901482582092 0.15767207741737366
0.14429721236228943 0.16045473515987396
0.144179105758667 0.16910967230796814
0.14319099485874176 0.15408110618591309
0.14171288907527924 0.1562139093875885
0.14017798006534576 0.14259181916713715
0.1409662812948227 0.1419551819562912
0.13971330225467682 0.1454107165336609
0.13995446264743805 0.15037602186203003
0.13997232913970947 0.14624649286270142
0.1388121247291565 0.14065513014793396
0.13753287494182587 0.1658659726381302
0.1393800526857376 0.15146811306476593
0.1364976465702057 0.14477749168872833
0.13636432588100433 0.14688339829444885
0.13770025968551636 0.1421646922826767
0.13667945563793182 0.16706782579421997
0.13706070184707642 0.14425626397132874
0.1368415653705597 0.14077511429786682
0.1350671947002411 0.14807958900928497
0.13554205000400543 0.14008916914463043
0.13351984322071075 0.14247122406959534
0.13450275361537933 0.16037322580814362
0.13423289358615875 0.1399388611316681
0.13433411717414856 0.1379714012145996
0.13323765993118286 0.1329626590013504
0.13293330371379852 0.14212127029895782
0.1324060559272766 0.14101849496364594
0.1325189620256424 0.1340600997209549
0.13193120062351227 0.13713683187961578
0.1327589750289917 0.13571122288703918
0.13230518996715546 0.13706953823566437
0.1321989744901657 0.1462182104587555
0.13135342299938202 0.1313733160495758
0.13182875514030457 0.14229269325733185
0.13218286633491516 0.13982084393501282
0.13109998404979706 0.13727016746997833
0.13206316530704498 0.14190836250782013
0.13090810179710388 0.12906529009342194
0.13040226697921753 0.14284276962280273
0.13042598962783813 0.14425058662891388
0.1291888952255249 0.1332935094833374
0.12930172681808472 0.1380252093076706
0.12964831292629242 0.13292452692985535
0.12858881056308746 0.13071495294570923
0.1281859129667282 0.13367600739002228
0.12849703431129456 0.1269240379333496
0.1271641105413437 0.1310531198978424
0.12679323554039001 0.14949265122413635
0.1288798302412033 0.15513938665390015
0.1266206055879593 0.13068696856498718
0.12588341534137726 0.12951655685901642
0.12635864317417145 0.12811973690986633
0.1255066692829132 0.1302776038646698
0.12579262256622314 0.1373642086982727
0.1247463971376419 0.13394342362880707
0.12629468739032745 0.13097302615642548
0.1258886307477951 0.13503314554691315
0.12456656992435455 0.1291184425354004
0.12450120598077774 0.1268167346715927
0.12331276386976242 0.13717401027679443
0.12393186241388321 0.12662720680236816
0.12408918887376785 0.13269668817520142
0.12327581644058228 0.12271593511104584
0.12253206223249435 0.1270214468240738
0.12439711391925812 0.12322812527418137
0.12239358574151993 0.15064138174057007
0.12252447754144669 0.12289835512638092
0.12312807887792587 0.12910333275794983
0.1218264177441597 0.12349653989076614
0.12299217283725739 0.12300626188516617
0.12100790441036224 0.13096076250076294
0.1215854212641716 0.12896093726158142
0.12250480055809021 0.12556488811969757
0.12167830765247345 0.133167564868927
0.1219843178987503 0.12549357116222382
0.12043662369251251 0.1227656677365303
0.12105444818735123 0.12968115508556366
0.12003432959318161 0.12373507767915726
0.12090317904949188 0.1285848170518875
0.11998740583658218 0.14626717567443848
0.12053695321083069 0.12407378852367401
0.11943715065717697 0.12482865899801254
0.11960682272911072 0.1328311264514923
0.11914893984794617 0.12417992204427719
0.11945091187953949 0.13378135859966278
0.1184719055891037 0.12165866792201996
0.11896933615207672 0.12052258849143982
0.11877898871898651 0.12067445367574692
0.11821427941322327 0.12403267621994019
0.11927544325590134 0.12961551547050476
0.11864227801561356 0.12083128094673157
0.1180897206068039 0.11845467984676361
0.11876828223466873 0.12255275249481201
0.11708381772041321 0.11984013020992279
0.1174422949552536 0.1252923309803009
0.11814826726913452 0.1213880106806755
0.11689294874668121 0.12099727243185043
0.11673364043235779 0.12293639779090881
0.11727630347013474 0.11990246176719666
0.11716316640377045 0.11854659765958786
0.1160229742527008 0.13297037780284882
0.11661826819181442 0.12228459119796753
0.11670524626970291 0.12555712461471558
0.11616567522287369 0.11952447891235352
0.11627401411533356 0.13663852214813232
0.11626575142145157 0.1196494922041893
0.11708033084869385 0.13210007548332214
0.11585914343595505 0.11813457310199738
0.11634954810142517 0.12800413370132446
0.1150965541601181 0.1304064393043518
0.11620865762233734 0.12006399035453796
0.11597390472888947 0.12248340249061584
0.11564911901950836 0.12881413102149963
0.1154741421341896 0.11996417492628098
0.11609901487827301 0.11636397242546082
0.11484762281179428 0.129529669880867
0.11494451016187668 0.12120037525892258
0.11483659595251083 0.125019833445549
0.11606410145759583 0.1207103431224823
0.11463912576436996 0.1194731667637825
0.11493171751499176 0.1246689185500145
0.11493281275033951 0.1197824776172638
0.11470761895179749 0.12245672196149826
0.11466947197914124 0.12788346409797668
0.1145380511879921 0.1256198287010193
0.11402808874845505 0.11287624388933182
0.11471883952617645 0.12042848020792007
0.11399313062429428 0.12460185587406158
0.11468282341957092 0.12078589200973511
0.11401811987161636 0.13067716360092163
0.11314453184604645 0.14236906170845032
0.11403945833444595 0.12240038812160492
0.11368227750062943 0.11552824079990387
0.1136600449681282 0.11824367940425873
0.11349306255578995 0.11620063334703445
0.11227477341890335 0.11709824204444885
0.11267711967229843 0.11914288252592087
0.11296066641807556 0.1147957518696785
0.11167791485786438 0.11848041415214539
0.1125505194067955 0.11780253052711487
0.11197523027658463 0.1189553365111351
0.1128489226102829 0.12303535640239716
0.11229819059371948 0.11335530132055283
0.11131143569946289 0.12324497103691101
0.11281871795654297 0.12163747102022171
0.11218930035829544 0.11615581065416336
0.11091385781764984 0.12310121953487396
0.1110934391617775 0.11202047765254974
0.11060050129890442 0.11065619438886642
0.11196822673082352 0.11859042942523956
0.11093130707740784 0.1197284534573555
0.11078763753175735 0.12097033113241196
0.11153829842805862 0.11825626343488693
0.11112266778945923 0.12943120300769806
0.11092185974121094 0.1386108547449112
0.1105295792222023 0.1161813735961914
0.11118073761463165 0.1345251500606537
0.11028056591749191 0.12319568544626236
0.11037082225084305 0.11401689052581787
0.11035488545894623 0.1245381087064743
0.10944174975156784 0.11580833047628403
0.1109740361571312 0.1097196713089943
0.11025190353393555 0.1132858395576477
0.11046227812767029 0.11533582955598831
0.10926009714603424 0.13078919053077698
0.10943137854337692 0.12042023986577988
0.10983961820602417 0.11092191189527512
0.10933855921030045 0.11800757795572281
0.1086975708603859 0.11331086605787277
0.10858851671218872 0.11729393899440765
0.10921327024698257 0.11364768445491791
0.10900327563285828 0.12052275985479355
0.10856111347675323 0.10963030159473419
0.1098211333155632 0.10848401486873627
0.10796178132295609 0.11638827621936798
0.1091293916106224 0.12149474024772644
0.11004025489091873 0.11515907943248749
0.10924399644136429 0.11100176721811295
0.10785605013370514 0.11173151433467865
0.10830451548099518 0.10860566049814224
0.10867936164140701 0.11217217147350311
0.10837497562170029 0.11242738366127014
0.10828613489866257 0.11777704954147339
0.10802154988050461 0.1123635545372963
0.10847289115190506 0.11129891127347946
0.10779424756765366 0.1109662652015686
0.10900887101888657 0.11767124384641647
0.1064978688955307 0.11697125434875488
0.10898249596357346 0.10822933167219162
0.10732702910900116 0.11568387597799301
0.10732512921094894 0.12210361659526825
0.10791744291782379 0.12677793204784393
0.10755988210439682 0.11380846798419952
0.1080232784152031 0.1231507956981659
0.10867570340633392 0.11045669764280319
0.10761617869138718 0.11353060603141785
0.10716350376605988 0.11782224476337433
0.10670983046293259 0.11495652794837952
0.10674406588077545 0.12381643056869507
0.10672854632139206 0.11296756565570831
0.1065669059753418 0.1179763525724411
0.10739221423864365 0.10712087899446487
0.10608942061662674 0.11536551266908646
0.10637923330068588 0.1188712939620018
0.10752870887517929 0.11602918803691864
0.10649669915437698 0.1077473983168602
0.10610867291688919 0.108415886759758
0.10688413679599762 0.1129114106297493
0.1062498539686203 0.11218079924583435
0.10583802312612534 0.11316575855016708
0.10684081166982651 0.10684283822774887
0.106431744992733 0.11145871877670288
0.10575870424509048 0.1090158075094223
0.10665115714073181 0.1277347207069397
0.10537389665842056 0.10923850536346436
0.10511815547943115 0.1190086230635643
0.10468227416276932 0.108786441385746
0.10564827919006348 0.12152556329965591
0.10543787479400635 0.12483323365449905
0.1057707667350769 0.1093873381614685
0.10501345992088318 0.11005446314811707
0.10530249029397964 0.10724955052137375
0.10551629215478897 0.11544325202703476
0.10486224293708801 0.10647682100534439
0.10525975376367569 0.11042706668376923
0.10533443093299866 0.1186630129814148
0.10466735064983368 0.10654833912849426
0.10462094098329544 0.11897853016853333
0.10451308637857437 0.11403901875019073
0.10464955866336823 0.10637139528989792
0.10420995950698853 0.11781425029039383
0.10474786907434464 0.11254742741584778
0.10397735238075256 0.11549197137355804
0.10469705611467361 0.11494769901037216
0.10401475429534912 0.10280120372772217
0.10383180528879166 0.11474278569221497
0.10445438325405121 0.10627000033855438
0.10387017577886581 0.10976576060056686
0.10455967485904694 0.11046970635652542
0.10298823565244675 0.11801418662071228
0.10378100723028183 0.10870612412691116
0.103288434445858 0.10779259353876114
0.10344921052455902 0.11247804760932922
0.1037592962384224 0.1119808480143547
0.10332679748535156 0.11244948208332062
0.10410913079977036 0.11509725451469421
0.10290706157684326 0.11450117081403732
0.10320614278316498 0.10697208344936371
0.10295999050140381 0.10438156872987747
0.1042269915342331 0.10639693588018417
0.10416101664304733 0.10913904756307602
0.10326258093118668 0.1375262439250946
0.10393819212913513 0.141544908285141
0.10280272364616394 0.10239993780851364
0.10217006504535675 0.10571088641881943
0.10218355059623718 0.10666381567716599
0.10307492315769196 0.10777683556079865
0.10302592068910599 0.1101011261343956
0.10251323878765106 0.10809946060180664
0.10292844474315643 0.11027699708938599
0.10329555720090866 0.12899483740329742
0.10314853489398956 0.10606646537780762
0.10245714336633682 0.118390753865242
0.10258681327104568 0.12588131427764893
0.10218939930200577 0.10808654874563217
0.10177131742238998 0.10852251946926117
0.10343004763126373 0.11704008281230927
0.10255767405033112 0.10434100031852722
0.102877676486969 0.11545614898204803
0.10310370475053787 0.10646672546863556
0.10190519690513611 0.10725253075361252
0.1025824248790741 0.1050071120262146
0.10132823884487152 0.11356356739997864
0.10237003117799759 0.10597781836986542
0.10149607062339783 0.1121409684419632
0.10269349813461304 0.10632713884115219
0.10255507379770279 0.11214663833379745
0.10198907554149628 0.10604535043239594
0.10229546576738358 0.11023309081792831
0.10142814368009567 0.12239079177379608
0.10167250037193298 0.10423608869314194
0.10154517740011215 0.11029928177595139
0.10192256420850754 0.11898437142372131
0.1015193909406662 0.10764427483081818
0.10260765999555588 0.11054036021232605
0.10206005722284317 0.11075110733509064
0.10159464180469513 0.10571563988924026
0.10154389590024948 0.10536587238311768
0.10150204598903656 0.10528543591499329
0.10203138738870621 0.11131156235933304
0.10200048983097076 0.10675171762704849
0.1012057289481163 0.10615856945514679
0.1015656366944313 0.11573656648397446
0.10106205940246582 0.10309571772813797
0.10080179572105408 0.11365905404090881
0.1014154851436615 0.10469907522201538
0.10169430822134018 0.10827504098415375
0.10052568465471268 0.1117027997970581
0.1001739576458931 0.10242803394794464
0.10082802176475525 0.11055731028318405
0.10110655426979065 0.11030084639787674
0.10128805041313171 0.1125158816576004
0.1011536568403244 0.10306645929813385
0.10193464905023575 0.1054743155837059
0.09992336481809616 0.10460985451936722
0.10122568905353546 0.10832405090332031
0.10069120675325394 0.10386424511671066
0.10084503144025803 0.12042234092950821
0.10029059648513794 0.1250215619802475
0.09987088292837143 0.10929618775844574
0.09987174719572067 0.10143641382455826
0.10076985508203506 0.10634429007768631
0.10047712922096252 0.11285429447889328
0.10030283778905869 0.11565446108579636
0.10070114582777023 0.11590822041034698
0.10046003758907318 0.10933168977499008
0.10042938590049744 0.10649965703487396
0.10023283958435059 0.11396832764148712
0.10051674395799637 0.10125858336687088
0.09989462792873383 0.1108131930232048
0.10114028304815292 0.10899069905281067
0.10010500252246857 0.10352929681539536
0.10063359886407852 0.12034481018781662
0.0997924879193306 0.10476336628198624
0.10105733573436737 0.10449715703725815
0.10011960566043854 0.10235509276390076
0.10153350979089737 0.10848267376422882
0.1004534512758255 0.105074442923069
0.10013007372617722 0.11191648244857788
0.09977516531944275 0.10246028006076813
0.10053497552871704 0.10358157753944397
0.09894917160272598 0.10673170536756516
0.10033480077981949 0.11148162186145782
0.09926200658082962 0.12352564185857773
0.10014383494853973 0.100700743496418
0.09960469603538513 0.10128994286060333
0.09933821856975555 0.11502134054899216
0.10000113397836685 0.13759948313236237
0.09912844747304916 0.10081496089696884
0.09943459928035736 0.11421870440244675
0.09909031540155411 0.10177797079086304
0.09858468174934387 0.10258428007364273
0.0988416001200676 0.10011927783489227
0.09899341315031052 0.10326745361089706
0.09929623454809189 0.10463032871484756
0.09913133084774017 0.1065041646361351
0.09920503199100494 0.0999409407377243
0.09828268736600876 0.10621923208236694
0.09860575944185257 0.10211201012134552
0.0990474745631218 0.10207604616880417
0.09944060444831848 0.10807689279317856
0.09915907680988312 0.10500645637512207
0.09846404194831848 0.10627266764640808
0.09830322116613388 0.10020054876804352
0.09836375713348389 0.10423950850963593
0.0987720787525177 0.10428741574287415
0.09993382543325424 0.09979909658432007
0.09830880910158157 0.11005803942680359
0.09850330650806427 0.10310643166303635
0.09849198907613754 0.10237854719161987
0.09936916083097458 0.10712737590074539
0.09880246967077255 0.09967518597841263
0.09949105232954025 0.1039067804813385
0.09864935278892517 0.10334330052137375
0.0983782559633255 0.10381767153739929
0.09818694740533829 0.10572915524244308
0.09915558993816376 0.10249213874340057
0.09851201623678207 0.11288057267665863
0.09801363199949265 0.11636900156736374
0.09881041198968887 0.1103060394525528
0.0988173708319664 0.10661356151103973
0.09851286560297012 0.10405382513999939
0.09794283658266068 0.10160073637962341
0.0977722629904747 0.11406339704990387
0.09893448650836945 0.10931452363729477
0.09784943610429764 0.10469109565019608
0.09789123386144638 0.10082824528217316
0.09815171360969543 0.12069522589445114
0.09808432310819626 0.10483231395483017
0.09758543223142624 0.1014077290892601
0.09752261638641357 0.10468187183141708
0.0979706272482872 0.12621259689331055
0.0985175371170044 0.10665957629680634
0.09830667078495026 0.11610641330480576
0.09761285781860352 0.10261671245098114
0.09870754182338715 0.11226683109998703
0.09725143015384674 0.10629932582378387
0.09760568290948868 0.10516056418418884
0.09734605997800827 0.11328736692667007
0.09801259636878967 0.11079973727464676
0.09838739782571793 0.10806211829185486
0.0982113853096962 0.1203838437795639
0.09879951179027557 0.10176596790552139
0.09756775945425034 0.13542932271957397
0.09760215133428574 0.11775043606758118
0.09736314415931702 0.10643095523118973
0.09742168337106705 0.11120136082172394
0.0976731926202774 0.10330839455127716
0.09750258177518845 0.10278982669115067
0.09736186265945435 0.10835353285074234
0.09791828691959381 0.10194870084524155
0.09798168390989304 0.10907799750566483
0.09734304249286652 0.11691293120384216
0.0969056710600853 0.09815957397222519
0.0978793278336525 0.10965603590011597
0.09714097529649734 0.11163665354251862
0.09737846255302429 0.1042107492685318
0.09718089550733566 0.10780060291290283
0.09700612723827362 0.10264207422733307
0.09786944091320038 0.10332029312849045
0.0973350778222084 0.11227712780237198
0.0966210588812828 0.1005946695804596
0.09662037342786789 0.10522567480802536
0.09751170873641968 0.09838107973337173
0.09780298173427582 0.09896238148212433
0.09734492003917694 0.10685467720031738
0.09760872274637222 0.10214269906282425
0.09797380864620209 0.11259525269269943
0.09738709777593613 0.10281242430210114
0.09687460958957672 0.1006321907043457
0.09753303974866867 0.11189687252044678
0.09683447331190109 0.10098932683467865
0.09892135858535767 0.10213851183652878
0.09696636348962784 0.10313842445611954
0.0970083549618721 0.10386542230844498
0.09795326739549637 0.10349583625793457
0.09731845557689667 0.10425913333892822
0.09634629637002945 0.10299879312515259
0.0962662547826767 0.10407215356826782
0.09668690711259842 0.10261914879083633
0.0966431275010109 0.10491790622472763
0.09594804793596268 0.1165427416563034
0.09616626054048538 0.10564763098955154
0.09676842391490936 0.10692236572504044
0.09645198285579681 0.10001367330551147
0.09708864241838455 0.11148400604724884
0.09624641388654709 0.12056266516447067
0.09649137407541275 0.09787617623806
0.09641873091459274 0.10013041645288467
0.09636512398719788 0.09887461364269257
0.09659913182258606 0.1067466288805008
0.09618459641933441 0.10339072346687317
0.09648307412862778 0.10214569419622421
0.09645258635282516 0.10718001425266266
0.09690967947244644 0.10380175709724426
0.09594882279634476 0.10027731955051422
0.09680946171283722 0.10411382466554642
0.09604351967573166 0.10381589829921722
0.09655351936817169 0.10097089409828186
0.09607066959142685 0.11054817587137222
0.09581694006919861 0.09952963143587112
0.09624873101711273 0.10016174614429474
0.09607501327991486 0.09778167307376862
0.09661441296339035 0.09831554442644119
0.09618911147117615 0.11530675739049911
0.09601521492004395 0.1058179959654808
0.09640820324420929 0.10940582305192947
0.09588219970464706 0.09658697247505188
0.09645924717187881 0.10801777243614197
0.09591135382652283 0.11330178380012512
0.0962141677737236 0.09927104413509369
0.09531694650650024 0.10283686965703964
0.09537484496831894 0.10847380012273788
0.09632676094770432 0.09700614959001541
0.09563789516687393 0.10831110924482346
0.09609593451023102 0.10294289141893387
0.09554611146450043 0.10884672403335571
0.09542859345674515 0.10222111642360687
0.09517934173345566 0.10326556861400604
0.09522946178913116 0.1030573844909668
0.09491247683763504 0.10855305939912796
0.09530449658632278 0.13397657871246338
0.09656945616006851 0.10963360220193863
0.0952596366405487 0.10664786398410797
0.09459429979324341 0.11760574579238892
0.09489457309246063 0.11182880401611328
0.0950145274400711 0.09655610471963882
0.09525342285633087 0.10900633782148361
0.0958549976348877 0.09707318246364594
0.09526756405830383 0.09947120398283005
0.09540113061666489 0.09781111776828766
0.0945713222026825 0.1189664974808693
0.09516140073537827 0.09545719623565674
0.09532424807548523 0.10125117003917694
0.09523913264274597 0.09603589028120041
0.09451739490032196 0.09976769238710403
0.09554040431976318 0.1099555641412735
0.09462127089500427 0.10520762205123901
0.09502032399177551 0.09983959048986435
0.09527547657489777 0.12789011001586914
0.09504634141921997 0.09915651381015778
0.09461238235235214 0.11284671723842621
0.09458082169294357 0.10349684953689575
0.09465724974870682 0.0962265208363533
0.09556755423545837 0.10036740452051163
0.09475212544202805 0.10084763169288635
0.09529198706150055 0.10251778364181519
0.09551319479942322 0.10311796516180038
0.09487853944301605 0.10302833467721939
0.09551049768924713 0.09522894024848938
0.09449896961450577 0.10100027918815613
0.09505630284547806 0.10291741788387299
0.0942234992980957 0.10401573032140732
0.09516123682260513 0.10767129808664322
0.09500240534543991 0.0989062637090683
0.09434826672077179 0.1063799187541008
0.09493733942508698 0.10763759911060333
0.09406477212905884 0.09848598390817642
0.09430117160081863 0.10153176635503769
0.09445620328187943 0.09644422680139542
0.09422746300697327 0.10314180701971054
0.09448447078466415 0.09952060133218765
0.09507782012224197 0.09933293610811234
0.09348853677511215 0.10311346501111984
0.09295884519815445 0.12428641319274902
0.09366480261087418 0.10272456705570221
0.09376260638237 0.09784702956676483
0.09423573315143585 0.09798510372638702
0.09411792457103729 0.09920255094766617
0.09452996402978897 0.11236875504255295
0.09382831305265427 0.10956984013319016
0.0939396545290947 0.10194645076990128
0.0932859405875206 0.10247641056776047
0.09379398077726364 0.1049892008304596
0.09417859464883804 0.114900141954422
0.09358357638120651 0.10762146860361099
0.09352155029773712 0.11146041750907898
0.09339229762554169 0.09874197840690613
0.0937170535326004 0.09400297701358795
0.0939108207821846 0.09664671868085861
0.09379870444536209 0.10020244121551514
0.09347491711378098 0.10196314752101898
0.09376967698335648 0.10251805186271667
0.09338101744651794 0.09824801981449127
0.09397809952497482 0.09847594797611237
0.09421127289533615 0.10062751173973083
0.09361246973276138 0.12238629162311554
0.09366200119256973 0.0979025736451149
0.09394247829914093 0.10461331158876419
0.09400060772895813 0.10051997750997543
0.09381171315908432 0.10322049260139465
0.09333520382642746 0.09810223430395126
0.09294351190328598 0.09665103256702423
0.0929315909743309 0.10071991384029388
0.09361270815134048 0.0988975539803505
0.09262420982122421 0.09839345514774323
0.09315577149391174 0.09990473836660385
0.09347723424434662 0.09770435094833374
0.09283928573131561 0.10118932276964188
0.0932094156742096 0.10099267214536667
0.09371022135019302 0.09807528555393219
0.09303221106529236 0.09773963689804077
0.09293586015701294 0.11484577506780624
0.09259753674268723 0.09813588857650757
0.09306968003511429 0.09682124853134155
0.0929865688085556 0.10780724883079529
0.09278810024261475 0.12443425506353378
0.09271117299795151 0.10434590280056
0.09289608895778656 0.09628280252218246
0.09286326169967651 0.10480012744665146
0.09290862083435059 0.10000477731227875
0.09320934861898422 0.09444688260555267
0.09355217218399048 0.09834376722574234
0.09216630458831787 0.10186593234539032
0.0925082415342331 0.10069750994443893
0.09222562611103058 0.10093207657337189
0.09659722447395325 0.10245683789253235
0.09253643453121185 0.09475229680538177
0.09222079813480377 0.10923679918050766
0.09308876097202301 0.0989287868142128
0.09356110543012619 0.10429362207651138
0.09284429997205734 0.09414807707071304
0.09145484119653702 0.09603859484195709
0.09319550544023514 0.0997062474489212
0.09201600402593613 0.10252544283866882
0.09196897596120834 0.10122781991958618
0.09258764982223511 0.10509566217660904
0.0919376015663147 0.10259589552879333
0.09237111359834671 0.10152988135814667
0.0918935164809227 0.09485547244548798
0.09255194664001465 0.10250099748373032
0.09243816137313843 0.09698103368282318
0.09305261820554733 0.10456012934446335
0.09246189147233963 0.09618882834911346
0.09232145547866821 0.10130288451910019
0.09165988117456436 0.09668155014514923
0.09229565411806107 0.10146408528089523
0.09180185943841934 0.09889301657676697
0.09269868582487106 0.09883811324834824
0.09266091138124466 0.09841505438089371
0.09170660376548767 0.11394790560007095
0.09213437139987946 0.09762147814035416
0.09210021048784256 0.09497446566820145
0.0917414128780365 0.0952192172408104
0.09202047437429428 0.09526276588439941
0.09155045449733734 0.09961723536252975
0.09283624589443207 0.09603981673717499
0.09161373227834702 0.09764739125967026
0.0924874097108841 0.10087944567203522
0.09233472496271133 0.10008449852466583
0.0917719379067421 0.0997152328491211
0.09239991009235382 0.09663187712430954
0.09251687675714493 0.10069088637828827
0.09171748161315918 0.09373286366462708
0.09254329651594162 0.11857067793607712
0.09230433404445648 0.09971212595701218
0.0935690701007843 0.09879560768604279
0.09074230492115021 0.0939788967370987
0.09113629162311554 0.09945201128721237
0.09180065244436264 0.13253368437290192
0.09143199771642685 0.10191761702299118
0.09237099438905716 0.09820090979337692
0.09194611757993698 0.1058974638581276
0.0906820297241211 0.10051628947257996
0.09251086413860321 0.11060623079538345
0.09171677380800247 0.09719589352607727
0.09129753708839417 0.09745985269546509
0.09150747209787369 0.09536929428577423
0.09154341369867325 0.09752470254898071
0.09152355045080185 0.10040145367383957
0.09129158407449722 0.09958668053150177
0.09186654537916183 0.09395277500152588
0.09117685258388519 0.10208652913570404
0.09171610325574875 0.09586180746555328
0.0914171040058136 0.11314357072114944
0.09137537330389023 0.09846819937229156
0.09115173667669296 0.10289596766233444
0.09159465879201889 0.09803242236375809
0.09149198234081268 0.09705226123332977
0.09156347811222076 0.11634030193090439
0.09173568338155746 0.09565675258636475
0.09102059155702591 0.09568507969379425
0.09061336517333984 0.09750771522521973
0.09234407544136047 0.09823104739189148
0.09091433137655258 0.09559056907892227
0.09078171104192734 0.10467138886451721
0.09102495014667511 0.09338920563459396
0.09112487733364105 0.104250967502594
0.09141357243061066 0.0996851772069931
0.0911768302321434 0.09628914296627045
0.09142225235700607 0.10457667708396912
0.09104093909263611 0.09863460063934326
0.09126807749271393 0.09393700212240219
0.09078634530305862 0.10184140503406525
0.09110360592603683 0.09790445119142532
0.09156563878059387 0.09595248848199844
0.09104608744382858 0.09360940754413605
0.09121546894311905 0.10433090478181839
0.09099816530942917 0.10460678488016129
0.09059181809425354 0.09589259326457977
0.09070934355258942 0.09742309898138046
0.09218748658895493 0.09607066214084625
0.09068813920021057 0.09459349513053894
0.09140040725469589 0.09995795041322708
0.09113002568483353 0.10347573459148407
0.09103918075561523 0.09333352744579315
0.09077974408864975 0.09771883487701416
0.09087493270635605 0.1025267243385315
0.09035874903202057 0.09916209429502487
0.0914367213845253 0.10153135657310486
0.09116819500923157 0.09739726036787033
0.09062208235263824 0.09561897814273834
0.09029121696949005 0.09569544345140457
0.09096746146678925 0.10442651808261871
0.0911250188946724 0.1075926199555397
0.09097965061664581 0.09471159428358078
0.08977843821048737 0.09673309326171875
0.09048492461442947 0.11185222119092941
0.08947882801294327 0.1075938418507576
0.08995610475540161 0.09870921075344086
0.09027056396007538 0.09557481855154037
0.09067397564649582 0.10350484400987625
0.09030386060476303 0.09494723379611969
0.09045415371656418 0.09747322648763657
0.0903107300400734 0.10340143740177155
0.08961271494626999 0.09950421005487442
0.09011593461036682 0.09296796470880508
0.09033384174108505 0.10038039833307266
0.08939666301012039 0.09930048137903214
0.0901956707239151 0.09804069995880127
0.09080208837985992 0.10383356362581253
0.08995610475540161 0.1016797423362732
0.0900871679186821 0.09825941920280457
0.09049589931964874 0.09344503283500671
0.09110681712627411 0.09336211532354355
0.08989354968070984 0.09928034991025925
0.09098349511623383 0.09724756330251694
0.09064805507659912 0.0960867628455162
0.08994842320680618 0.09532858431339264
0.09035800397396088 0.0946119874715805
0.09063712507486343 0.10480353236198425
0.0900261253118515 0.0993318110704422
0.08980020135641098 0.09718658030033112
0.08991479873657227 0.10327230393886566
0.08997353911399841 0.09924141317605972
0.08942796289920807 0.09616369009017944
0.09033704549074173 0.10764678567647934
0.08977742493152618 0.09554868936538696
0.09060189127922058 0.0972229540348053
0.08925702422857285 0.11261054873466492
0.09011819213628769 0.09184380620718002
0.09107590466737747 0.09609170258045197
0.08956678211688995 0.09560635685920715
0.09003325551748276 0.09614665806293488
0.08999501913785934 0.09860238432884216
0.08983772248029709 0.09557057172060013
0.0898255929350853 0.09550084918737411
0.08959496021270752 0.1234830692410469
0.08993475884199142 0.09433451294898987
0.09024285525083542 0.09527263790369034
0.08910010010004044 0.12761104106903076
0.08974311500787735 0.11431846767663956
0.09003398567438126 0.09683435410261154
0.08978012204170227 0.09638767689466476
0.0896327793598175 0.10003788024187088
0.09091943502426147 0.10723420232534409
0.09021861106157303 0.10221512615680695
0.08979597687721252 0.09295031428337097
0.08947598934173584 0.09451927989721298
0.0893300399184227 0.09460636228322983
0.08975647389888763 0.12048592418432236
0.08925114572048187 0.09202948212623596
0.08973909169435501 0.09673870354890823
0.0906481146812439 0.09403382241725922
0.09024041146039963 0.10837343335151672
0.08967334032058716 0.10022392868995667
0.0892334058880806 0.10901883244514465
0.09032411128282547 0.11773059517145157
0.08962180465459824 0.09879001975059509
0.08981240540742874 0.1005108430981636
0.09064111858606339 0.09369637817144394
0.09093941748142242 0.09768981486558914
0.08947525918483734 0.10221174359321594
0.09003282338380814 0.0951649621129036
0.0894063338637352 0.09230734407901764
0.08955039083957672 0.09754450619220734
0.0891653373837471 0.09856297075748444
0.08996735513210297 0.09753699600696564
0.08885817229747772 0.09466394782066345
0.08935870975255966 0.09429116547107697
0.08925041556358337 0.1062324196100235
0.08921925723552704 0.10814635455608368
0.0897616371512413 0.09312222898006439
0.08948010951280594 0.09591663628816605
0.08915156126022339 0.09318169951438904
0.08933655917644501 0.09763417392969131
0.08884529024362564 0.09572473913431168
0.08888658136129379 0.09567040205001831
0.08992774039506912 0.09406033903360367
0.08918022364377975 0.09388929605484009
0.08943671733140945 0.09946901351213455
0.08932001888751984 0.09680945426225662
0.08921360969543457 0.09205279499292374
0.08925337344408035 0.0952690914273262
0.08963195234537125 0.09475083649158478
0.0886445939540863 0.09886220097541809
0.08928017318248749 0.09487221390008926
0.08983152359724045 0.10255368053913116
0.08995001018047333 0.09271977096796036
0.08877544850111008 0.10112712532281876
0.08944950997829437 0.09627389162778854
0.08866928517818451 0.12045121192932129
0.0894688293337822 0.09383028745651245
0.0883820503950119 0.09814544767141342
0.08933784812688828 0.09455187618732452
0.08921516686677933 0.10829099267721176
0.08869591355323792 0.09208714962005615
0.08933861553668976 0.09571173042058945
0.08860296756029129 0.10093285143375397
0.08989670127630234 0.09344518184661865
0.08875253051519394 0.10052162408828735
0.08964214473962784 0.10284865647554398
0.08873144537210464 0.10728593915700912
0.08922833949327469 0.09844167530536652
0.08892221748828888 0.09695609658956528
0.08858589828014374 0.09870143979787827
0.08931394666433334 0.09921515733003616
0.08930943161249161 0.0952691063284874
0.08905396610498428 0.11321591585874557
0.08890964835882187 0.09769287705421448
0.08900951594114304 0.10821952670812607
0.08848309516906738 0.10589835047721863
0.0888187363743782 0.10330702364444733
0.08819537609815598 0.09332435578107834
0.089268758893013 0.09421917796134949
0.08833122998476028 0.09573386609554291
0.08866792917251587 0.0927642285823822
0.08796574175357819 0.10335668921470642
0.08965768665075302 0.09085046499967575
0.08843059837818146 0.09365032613277435
0.08908051252365112 0.10094359517097473
0.08822817355394363 0.0997617095708847
0.0887008085846901 0.11362501233816147
0.08878877758979797 0.09931035339832306
0.08956509083509445 0.10294058173894882
0.0889638289809227 0.09927593916654587
0.08823464065790176 0.09295543283224106
0.08889651298522949 0.10263707488775253
0.08893267065286636 0.1011180505156517
0.08899636566638947 0.09985339641571045
0.08826984465122223 0.11132773011922836
0.08870187401771545 0.09656787663698196
0.08872507512569427 0.09791168570518494
0.0885380208492279 0.09329888969659805
0.08893708884716034 0.10075384378433228
0.08884113281965256 0.10405173152685165
0.08983800560235977 0.09658848494291306
0.08761685341596603 0.09543250501155853
0.08953714370727539 0.1022329106926918
0.08797106891870499 0.10286849737167358
0.08861653506755829 0.09409597516059875
0.08862230181694031 0.09452693164348602
0.08807586878538132 0.09775692224502563
0.08907914161682129 0.1453561633825302
0.08804021775722504 0.09748928248882294
0.088587686419487 0.09548800438642502
0.08794830739498138 0.09869880974292755
0.08876464515924454 0.09640487283468246
0.08830621093511581 0.10498259216547012
0.08778239041566849 0.10690877586603165
0.08787555247545242 0.09384611994028091
0.088448166847229 0.10366608947515488
0.0891166478395462 0.09506833553314209
0.0881744846701622 0.09967511892318726
0.08819296956062317 0.10055017471313477
0.08873134851455688 0.0941888689994812
0.0882435142993927 0.09250124543905258
0.08760122209787369 0.09322262555360794
0.0876874104142189 0.09589319676160812
0.08905661851167679 0.10654847323894501
0.08842849731445312 0.12076215445995331
0.0879567563533783 0.0942259430885315
0.08902966976165771 0.09705144912004471
0.0880511999130249 0.09218092262744904
0.08842146396636963 0.09668933600187302
0.08777248114347458 0.09447135776281357
0.08852209150791168 0.09673606604337692
0.08754078298807144 0.09875597059726715
0.0887661948800087 0.09246749430894852
0.08846460282802582 0.11030197143554688
0.08823630213737488 0.0926252156496048
0.08813334256410599 0.09376218169927597
0.08809592574834824 0.09561417251825333
0.08835501968860626 0.09788861125707626
0.08800613880157471 0.09158966690301895
0.08870325982570648 0.09529513120651245
0.08741343766450882 0.09453140199184418
0.08753613382577896 0.09349881112575531
0.08762984722852707 0.09138310700654984
0.08751296997070312 0.09947901219129562
0.0885850191116333 0.09659891575574875
0.08855251967906952 0.10089759528636932
0.08787504583597183 0.1059957891702652
0.08808719366788864 0.0932987630367279
0.08794626593589783 0.09467161446809769
0.08813106268644333 0.09654618054628372
0.08758143335580826 0.09750216454267502
0.0878589078783989 0.094471774995327
0.08797740191221237 0.09506513923406601
0.08777082711458206 0.09371302276849747
0.08694735169410706 0.09262476116418839
0.08776669949293137 0.09020005911588669
0.08786120265722275 0.09461476653814316
0.08727006614208221 0.09272145479917526
0.08833872526884079 0.1012420803308487
0.08802895247936249 0.09418752789497375
0.08746320754289627 0.0959082543849945
0.09016380459070206 0.10338310897350311
0.08769098669290543 0.09312387555837631
0.08742006868124008 0.0919080600142479
0.08710825443267822 0.08987924456596375
0.08816947788000107 0.09181215614080429
0.0880165696144104 0.09748922288417816
0.08814350515604019 0.09414287656545639
0.08780799061059952 0.09904960542917252
0.08739210665225983 0.096781887114048
0.08827391266822815 0.10347850620746613
0.08916178345680237 0.10874731093645096
0.08731850981712341 0.10067745298147202
0.08695416897535324 0.09152568131685257
0.08797091245651245 0.09423128515481949
0.08763449639081955 0.09320197999477386
0.08692290633916855 0.09151765704154968
0.08772357553243637 0.0969579741358757
0.08705829828977585 0.09527891874313354
0.08781851828098297 0.09338568150997162
0.0881238728761673 0.09089482575654984
0.0870627611875534 0.10350321978330612
0.08704857528209686 0.10062920302152634
0.08719179779291153 0.0953609049320221
0.08796338737010956 0.10785719007253647
0.08773262798786163 0.09271987527608871
0.08783195167779922 0.1084170788526535
0.08768181502819061 0.09382616728544235
0.08766911178827286 0.10579276829957962
0.08799326419830322 0.09462245553731918
0.0871439129114151 0.09418962150812149
0.08734812587499619 0.09751681983470917
0.08764909207820892 0.10357734560966492
0.08746136724948883 0.11103694885969162
0.08697180449962616 0.09361136704683304
0.08783286064863205 0.09316956996917725
0.08812936395406723 0.09678266942501068
0.08745188266038895 0.1002228707075119
0.0871862918138504 0.09098824858665466
