1.5087894201278687 1.5515002012252808
1.4799094200134277 1.5180795192718506
1.4758840799331665 1.5278936624526978
1.4539154767990112 1.4438360929489136
1.2809994220733643 1.1435807943344116
1.0326662063598633 1.0027960538864136
0.9520483613014221 0.9360643029212952
0.9318825602531433 0.9377021193504333
0.9200411438941956 0.9187588095664978
0.911291241645813 0.9003990888595581
0.9021003246307373 0.9752058982849121
0.8991838097572327 0.936332106590271
0.8957344889640808 0.9190045595169067
0.8879097700119019 0.876763105392456
0.8839485049247742 0.881098747253418
0.878470778465271 0.8744285106658936
0.8699997067451477 0.9576180577278137
0.8646321892738342 0.8887483477592468
0.8597413301467896 0.8721448183059692
0.8559057116508484 0.8602292537689209
0.8500248789787292 0.9176844954490662
0.847805917263031 0.8415854573249817
0.8454627394676208 0.8425736427307129
0.8427707552909851 0.8571351766586304
0.8409177660942078 0.838132917881012
0.8349236845970154 0.8230094313621521
0.8364140391349792 0.9585617780685425
0.8332275152206421 0.8484832048416138
0.8329097032546997 0.8633025288581848
0.8293159604072571 0.8306760191917419
0.8292694687843323 0.8555005192756653
0.8273722529411316 0.8215379118919373
0.8255490660667419 0.8273553252220154
0.8236766457557678 0.8229339718818665
0.8228175640106201 0.8290261030197144
0.8214895725250244 0.8417333364486694
0.822053074836731 0.8379302024841309
0.8210092782974243 0.8192803859710693
0.8189516663551331 0.853194534778595
0.8189243078231812 0.8576014637947083
0.8183628916740417 0.8807991743087769
0.8172607421875 0.8423004150390625
0.8185922503471375 0.8702919483184814
0.8177905678749084 0.8258623480796814
0.8156180381774902 0.8137334585189819
0.8151418566703796 0.9050912857055664
0.8135557174682617 0.8259865045547485
0.8137921690940857 0.8335317373275757
0.8141776919364929 0.8133928775787354
0.8136980533599854 0.8107671737670898
0.8120126128196716 0.8117372989654541
0.8121690154075623 0.8136454820632935
0.8110851645469666 0.8298965096473694
0.8113597631454468 0.8889799118041992
0.8098145723342896 0.8470628261566162
0.8088145852088928 0.8669211864471436
0.8101035952568054 0.8130180835723877
0.8089497089385986 0.8104996085166931
0.8090070486068726 0.811651885509491
0.8084526062011719 0.8298731446266174
0.8081222176551819 0.8167570233345032
0.8074145913124084 0.8160586357116699
0.8077772259712219 0.809356689453125
0.807167649269104 0.8551023602485657
0.806530237197876 0.8694438338279724
0.8067735433578491 0.8305583596229553
0.806534469127655 0.8113947510719299
0.805202305316925 0.8071210980415344
0.804934024810791 0.8280406594276428
0.8045852780342102 0.8311123251914978
0.8053715229034424 0.8204677104949951
0.8040111660957336 0.8180553317070007
0.8043032288551331 0.8345389366149902
0.8038446307182312 0.8208234906196594
0.804030179977417 0.8060023188591003
0.8033244013786316 0.8116229772567749
0.8030782341957092 0.814430296421051
0.8034741282463074 0.8028595447540283
0.8028068542480469 0.8210391402244568
0.8014130592346191 0.811160147190094
0.8028367161750793 0.8239735960960388
0.8014885187149048 0.8336702585220337
0.8020724058151245 0.8066725134849548
0.8021380305290222 0.8380133509635925
0.801731288433075 0.8070921301841736
0.8006499409675598 0.8055353164672852
0.8017101883888245 0.8142680525779724
0.7991071343421936 0.8099238872528076
0.7994296550750732 0.8095341920852661
0.7992263436317444 0.8171058297157288
0.7994670867919922 0.803524374961853
0.7995976209640503 0.8270963430404663
0.7980890274047852 0.8034949898719788
0.8000320196151733 0.814068078994751
0.7976701855659485 0.8114794492721558
0.7982901930809021 0.8135480880737305
0.798286497592926 0.8685958385467529
0.7984739542007446 0.8030064702033997
0.7976126074790955 0.8196757435798645
0.7981287240982056 0.8148484826087952
0.7983435988426208 0.8037477135658264
0.7965107560157776 0.8273711800575256
0.7955048084259033 0.8519168496131897
0.7968708276748657 0.8518415689468384
0.7962159514427185 0.8098951578140259
0.796707808971405 0.805971086025238
0.7951252460479736 0.8161993026733398
0.7961238622665405 0.818244457244873
0.7955071330070496 0.8162091970443726
0.7949022054672241 0.8085845112800598
0.795041024684906 0.8035441040992737
0.7957359552383423 0.8437371253967285
0.7956846952438354 0.840537428855896
0.7947974801063538 0.8128540515899658
0.795210063457489 0.822198748588562
0.7947943210601807 0.8198801279067993
0.7939203381538391 0.8012365102767944
0.794015109539032 0.8110471367835999
0.7950602173805237 0.8009971976280212
0.7939087152481079 0.8103134036064148
0.7931383848190308 0.8221544623374939
0.7939161062240601 0.800055980682373
0.7936175465583801 0.8091013431549072
0.7938048243522644 0.8029450178146362
0.7933216691017151 0.8315593600273132
0.7937327027320862 0.8062115907669067
0.7927131652832031 0.8112708330154419
0.7924174070358276 0.833986222743988
0.7931433916091919 0.8190893530845642
0.7925841212272644 0.8240338563919067
0.7939352989196777 0.8182334899902344
0.7914789915084839 0.8001841306686401
0.7920200228691101 0.8416656851768494
0.7916303873062134 0.799866795539856
0.7917543649673462 0.8060771226882935
0.7919143438339233 0.8610952496528625
0.7917672991752625 0.803439199924469
0.7914232015609741 0.7981786131858826
0.7915123701095581 0.8334816098213196
0.78924959897995 0.8017671704292297
0.7915249466896057 0.804448127746582
0.7905980348587036 0.794438362121582
0.7915785908699036 0.8331403136253357
0.7910289764404297 0.8000533580780029
0.7901574969291687 0.803294837474823
0.7906206250190735 0.8059505820274353
0.7899352312088013 0.8000237941741943
0.7909235954284668 0.8051613569259644
0.7904075384140015 0.8046249747276306
0.7908754348754883 0.812458872795105
0.7907178401947021 0.7961130142211914
0.7898528575897217 0.8261431455612183
0.7889623045921326 0.8083071112632751
0.7979108095169067 0.8048208355903625
0.7913668751716614 0.8520745038986206
0.7906930446624756 0.8171886801719666
0.7881212830543518 0.8116756677627563
0.7899962663650513 0.8093439340591431
0.789680004119873 0.801516056060791
0.7884140014648438 0.7997236847877502
0.7890298962593079 0.8039824366569519
0.788560688495636 0.8077093362808228
0.7890079617500305 0.8054985404014587
0.7890451550483704 0.8019053339958191
0.7888320088386536 0.7975805401802063
0.7888309359550476 0.8031877279281616
0.7879602313041687 0.8263962864875793
0.7892228960990906 0.7977809309959412
0.7885328531265259 0.7996463775634766
0.7869436144828796 0.801109254360199
0.7876100540161133 0.7976317405700684
0.787513792514801 0.812008798122406
0.786810576915741 0.8017913103103638
0.7875837087631226 0.7961753606796265
0.7873579263687134 0.8128127455711365
0.7874078750610352 0.8081473708152771
0.7879622578620911 0.8086868524551392
0.7865843772888184 0.8006395697593689
0.7879142761230469 0.8195765018463135
0.786463737487793 0.8006941676139832
0.7871131896972656 0.8002654910087585
0.7871316075325012 0.8353300094604492
0.7875003814697266 0.8005088567733765
0.786983072757721 0.804785430431366
0.7866730690002441 0.8024107217788696
0.7866923213005066 0.7956901788711548
0.7872884273529053 0.8295079469680786
0.7864065170288086 0.7970360517501831
0.786124587059021 0.7977448105812073
0.7855955958366394 0.8123148083686829
0.787125825881958 0.8081203103065491
0.7861925959587097 0.8067556619644165
0.7860245108604431 0.7997394800186157
0.7866154313087463 0.8042755126953125
0.7865471243858337 0.7971054911613464
0.7858470678329468 0.8005959987640381
0.7851394414901733 0.801250696182251
0.786655068397522 0.8309327363967896
0.7857741713523865 0.7998245358467102
0.7857252359390259 0.7988322973251343
0.7857707142829895 0.8179186582565308
0.7854031324386597 0.7955209612846375
0.7851276397705078 0.8087945580482483
0.7849026322364807 0.7999975085258484
0.7849808931350708 0.8399101495742798
0.7847827076911926 0.7948046326637268
0.7846415042877197 0.8057892918586731
0.7852639555931091 0.8154346942901611
0.7855097055435181 0.7984908223152161
0.7842786312103271 0.7956000566482544
0.785166323184967 0.8554531335830688
0.7842426300048828 0.7972711324691772
0.7847172617912292 0.8490666151046753
0.7848433256149292 0.8063424229621887
0.7838542461395264 0.793536901473999
0.7845550179481506 0.7929545044898987
0.7840946912765503 0.8031785488128662
0.7845656275749207 0.7939521670341492
0.7842692136764526 0.7971826791763306
0.7838024497032166 0.8158922791481018
0.7841675281524658 0.8013195395469666
0.7833517789840698 0.7982887029647827
0.7827278971672058 0.806164026260376
0.7834643721580505 0.7924121022224426
0.7841228246688843 0.8011202812194824
0.7841190695762634 0.7989717721939087
0.7829147577285767 0.8022477030754089
0.7838152050971985 0.8378371000289917
0.7826418876647949 0.8544835448265076
0.7832080125808716 0.791899561882019
0.7829756140708923 0.7995261549949646
0.7822726964950562 0.8106652498245239
0.7827149033546448 0.7929521203041077
0.7833748459815979 0.8013948202133179
0.7833545804023743 0.7987193465232849
0.7821444869041443 0.7908884286880493
0.7816718220710754 0.8024846911430359
0.782497763633728 0.7949787378311157
0.7820189595222473 0.8008946776390076
0.7842175960540771 0.8334774971008301
0.783710241317749 0.799155592918396
0.7829248309135437 0.792839527130127
0.7826322317123413 0.7924230098724365
0.7818912863731384 0.8052406907081604
0.7822890281677246 0.803868293762207
0.7823511362075806 0.8000286221504211
0.7817163467407227 0.8016117811203003
0.7817897200584412 0.79354327917099
0.7817860245704651 0.7931048274040222
0.7822439074516296 0.8035284876823425
0.7814838886260986 0.8014296293258667
0.7820397615432739 0.7964770197868347
0.7805230617523193 0.8015750646591187
0.7807943820953369 0.7939468622207642
0.7810453176498413 0.8231757879257202
0.780924916267395 0.8087804317474365
0.7809704542160034 0.8149182796478271
0.7805607318878174 0.8016479015350342
0.7809896469116211 0.7984726428985596
0.780890703201294 0.8106091022491455
0.7803800702095032 0.8092811703681946
0.7800174951553345 0.7928380966186523
0.781352698802948 0.8151872754096985
0.7801671028137207 0.7967557907104492
0.7807394862174988 0.8045471906661987
0.7830247282981873 0.8095378875732422
0.7812882661819458 0.7933205962181091
0.7806612253189087 0.7940281629562378
0.7803043127059937 0.8360263705253601
0.7802221179008484 0.7947224974632263
0.7803227305412292 0.8004526495933533
0.7797015905380249 0.7969192266464233
0.7804492115974426 0.812775194644928
0.7795678973197937 0.7931916117668152
0.7793838977813721 0.7941896915435791
0.7793668508529663 0.8098759055137634
0.7797704935073853 0.7933205366134644
0.7790970206260681 0.7976876497268677
0.7792563438415527 0.8147770762443542
0.779811441898346 0.7948087453842163
0.7797308564186096 0.7893261909484863
0.7796857953071594 0.8010826110839844
0.7796920537948608 0.8161443471908569
0.778877317905426 0.7930643558502197
0.7797447443008423 0.8184808492660522
0.7790505886077881 0.79695725440979
0.7779801487922668 0.794251561164856
0.7783502340316772 0.7985989451408386
0.7788940072059631 0.7973927855491638
0.7785982489585876 0.7937036156654358
0.7785260677337646 0.7938632369041443
0.7785623073577881 0.7917336821556091
0.7782057523727417 0.810407817363739
0.7785314917564392 0.7901962995529175
0.7784254550933838 0.7939291000366211
0.7786156535148621 0.7921066880226135
0.7785574197769165 0.7940071225166321
0.778653085231781 0.7976507544517517
0.7785151600837708 0.803646981716156
0.7785984873771667 0.7956122159957886
0.778153121471405 0.7960789203643799
0.7782435417175293 0.7928473353385925
0.778316855430603 0.8049036860466003
0.7778624296188354 0.7953228950500488
0.7780169248580933 0.810178279876709
0.7777333855628967 0.805106520652771
0.7776760458946228 0.7955904006958008
0.7773625254631042 0.7934690713882446
0.7784351110458374 0.7937618494033813
0.7776215672492981 0.800666332244873
0.7772489786148071 0.7972137928009033
0.778151273727417 0.8341990113258362
0.7782591581344604 0.7975099086761475
0.7774250507354736 0.8018345236778259
0.7771911025047302 0.7932655215263367
0.7778652906417847 0.8019841313362122
0.7778831124305725 0.7952788472175598
0.7769155502319336 0.7961586713790894
0.7769845128059387 0.7951366305351257
0.7764879465103149 0.7912266254425049
0.7768584489822388 0.7944073677062988
0.7768136858940125 0.8061345219612122
0.7775031924247742 0.8181964159011841
0.7772775292396545 0.8023858070373535
0.776787519454956 0.8175595998764038
0.7768860459327698 0.7933887243270874
0.7769387364387512 0.8061610460281372
0.7774953842163086 0.7942562699317932
0.7774729132652283 0.7964357733726501
0.7764801979064941 0.7943621277809143
0.7770817279815674 0.7924275398254395
0.7767020463943481 0.7953157424926758
0.7767971754074097 0.7925211191177368
0.7766253352165222 0.7973489165306091
0.7771713137626648 0.7977762818336487
0.7765560746192932 0.7954049110412598
0.7758871912956238 0.7905426621437073
0.7761099934577942 0.8057992458343506
0.7769619822502136 0.7958396673202515
0.775677502155304 0.7990853190422058
0.7757046818733215 0.7982618808746338
0.77574223279953 0.7916012406349182
0.7753702998161316 0.8205775618553162
0.7757002115249634 0.7949737906455994
0.7756381034851074 0.7924620509147644
0.7756481170654297 0.8168500065803528
0.7756925821304321 0.798394501209259
0.7761669158935547 0.7907389402389526
0.7753726840019226 0.7948454022407532
0.7767496705055237 0.7917256355285645
0.7759493589401245 0.7989787459373474
0.7750523686408997 0.793039083480835
0.7754208445549011 0.7945668697357178
0.7748620510101318 0.7917892932891846
0.7755334973335266 0.7934589982032776
0.7752487063407898 0.791633129119873
0.7750974893569946 0.7993870377540588
0.7748103737831116 0.7935503721237183
0.7752301692962646 0.7900219559669495
0.7754707932472229 0.8251445889472961
0.7753276228904724 0.7937037944793701
0.7754722237586975 0.8033373951911926
0.7746857404708862 0.7926002144813538
0.7752808928489685 0.8195315599441528
0.7750077843666077 0.7986645698547363
0.775084376335144 0.80934077501297
0.775803804397583 0.7970404028892517
0.775188148021698 0.7919888496398926
0.7752694487571716 0.7937040328979492
0.7749385833740234 0.7899740934371948
0.7738265991210938 0.8187781572341919
0.7744488716125488 0.795968234539032
0.7746983766555786 0.7955464720726013
0.7739306092262268 0.7923411130905151
0.7740653157234192 0.8015515208244324
0.7741509079933167 0.7890981435775757
0.7743713855743408 0.7887377142906189
0.7742345333099365 0.7942483425140381
0.7746754884719849 0.8171064257621765
0.7736426591873169 0.7896350622177124
0.7742067575454712 0.8183175325393677
0.7746805548667908 0.796113133430481
0.77451092004776 0.7932279109954834
0.7739652395248413 0.7978896498680115
0.7745133638381958 0.7910628318786621
0.7742437720298767 0.8277721405029297
0.7737122178077698 0.7929386496543884
0.7735509276390076 0.7908734083175659
0.7736182808876038 0.7905293107032776
0.7740409970283508 0.7878304123878479
0.7731854915618896 0.7904417514801025
0.7736078500747681 0.799159049987793
0.7734482884407043 0.8018181324005127
0.7735582590103149 0.8189011216163635
0.7731897830963135 0.7932145595550537
0.7740691304206848 0.7939342856407166
0.7736062407493591 0.7891489267349243
0.7726534008979797 0.7893469929695129
0.7739587426185608 0.7928566336631775
0.7734348177909851 0.8006632924079895
0.7731874585151672 0.7931670546531677
0.7739971876144409 0.7998672723770142
0.7727455496788025 0.7941983342170715
0.772555410861969 0.8011437058448792
0.7725285887718201 0.7992072701454163
0.7728254199028015 0.8093955516815186
0.7728474140167236 0.790380597114563
0.7726436853408813 0.7910881638526917
0.7727973461151123 0.7918246984481812
0.773674488067627 0.7866774201393127
0.7728323936462402 0.8003899455070496
0.7731143832206726 0.7932614684104919
0.7724691033363342 0.7962753772735596
0.7728604078292847 0.7981666326522827
0.7729212641716003 0.8032739758491516
0.7726157307624817 0.80893874168396
0.7720575332641602 0.7923706769943237
0.7725045680999756 0.8104211688041687
0.7726258039474487 0.7895239591598511
0.772412121295929 0.7942095398902893
0.772729218006134 0.7953503727912903
0.7721551656723022 0.789914608001709
0.7719842791557312 0.8019648790359497
0.7715107202529907 0.7895951867103577
0.7714816331863403 0.79704350233078
0.7719630599021912 0.7913840413093567
0.7719179391860962 0.7913153767585754
0.772225558757782 0.8012602925300598
0.7716343402862549 0.8020023107528687
0.771846354007721 0.7999509572982788
0.7723086476325989 0.7908472418785095
0.7722728848457336 0.7927376627922058
0.7720401287078857 0.8151937127113342
0.7720240354537964 0.7890006899833679
0.7719230651855469 0.787887692451477
0.7722955942153931 0.7924243807792664
0.7715373635292053 0.7891634702682495
0.7711768746376038 0.8077656030654907
0.7712211012840271 0.793714165687561
0.7709811925888062 0.7882329225540161
0.7716544270515442 0.7900130748748779
0.771155595779419 0.7888862490653992
0.7712115049362183 0.7899494767189026
0.7715792059898376 0.7963678240776062
0.7713241577148438 0.7937003374099731
0.771102786064148 0.7887096405029297
0.7717016935348511 0.7975977063179016
0.771562397480011 0.7993089556694031
0.7713865041732788 0.7938121557235718
0.771237850189209 0.7888476848602295
0.7714564800262451 0.7981444001197815
0.7710660099983215 0.8098049163818359
0.771425724029541 0.8342379927635193
0.7711039185523987 0.7941083908081055
0.7707597017288208 0.7908080220222473
0.7710220813751221 0.7931135892868042
0.7707532644271851 0.7943762540817261
0.7705736756324768 0.8221796751022339
0.7707091569900513 0.8017378449440002
0.7704707980155945 0.789749264717102
0.7712734341621399 0.78982013463974
0.771011233329773 0.7903427481651306
0.7705966830253601 0.7942229509353638
0.7710583806037903 0.7940495610237122
0.7704669833183289 0.787990152835846
0.7706803679466248 0.8070081472396851
0.7707102298736572 0.7875666618347168
0.7701993584632874 0.7999173402786255
0.7710665464401245 0.7944225072860718
0.7704825401306152 0.8044155836105347
0.7704935669898987 0.7872539162635803
0.7705264687538147 0.7928066253662109
0.7702798247337341 0.792069137096405
0.7703717350959778 0.7916959524154663
0.7706117630004883 0.8041092753410339
0.7705878615379333 0.7928481101989746
0.7703258395195007 0.7887454032897949
0.7707337737083435 0.8049745559692383
0.7702181935310364 0.7917585372924805
0.7700605988502502 0.8021383285522461
0.7698377966880798 0.7932416200637817
0.7700087428092957 0.804893970489502
0.7699784636497498 0.7959923148155212
0.7698329091072083 0.7917398810386658
0.7701810598373413 0.789977490901947
0.7702687382698059 0.7897314429283142
0.7698222994804382 0.7876900434494019
0.7697209715843201 0.7995803952217102
0.7695037722587585 0.7878865599632263
0.7695331573486328 0.7875028848648071
0.7695819735527039 0.7887105345726013
0.7695291042327881 0.7991798520088196
0.7693777084350586 0.78956538438797
0.7694488763809204 0.7968479990959167
0.769439697265625 0.7877777814865112
0.7695122361183167 0.7918811440467834
0.7690961360931396 0.7891702055931091
0.7695744037628174 0.8100692629814148
0.7698826789855957 0.7955764532089233
0.7691518068313599 0.7929337024688721
0.7692210078239441 0.7946718335151672
0.7692505121231079 0.7906581163406372
0.7692890167236328 0.7869048714637756
0.7692750692367554 0.7910765409469604
0.7696227431297302 0.788600504398346
0.7692372798919678 0.8063661456108093
0.7692373991012573 0.7903398871421814
0.7696810960769653 0.7912209630012512
0.7688978314399719 0.7909849286079407
0.768852710723877 0.7898461818695068
0.7690643668174744 0.7875710129737854
0.768918514251709 0.8061807155609131
0.7690771818161011 0.8035305738449097
0.7687782645225525 0.7882252931594849
0.7688769102096558 0.7878383994102478
0.7686389684677124 0.7929268479347229
0.7687565684318542 0.8021437525749207
0.7684078812599182 0.7925782203674316
0.7688685059547424 0.7968724966049194
0.7688474655151367 0.7981213927268982
0.7690786123275757 0.7863969206809998
0.768530011177063 0.7963739037513733
0.7689255475997925 0.7877565026283264
0.7684434652328491 0.7903752326965332
0.7682270407676697 0.7887111306190491
0.7683881521224976 0.7951233983039856
0.7685609459877014 0.7870230078697205
0.7684866786003113 0.7869954109191895
0.7684901356697083 0.7956587672233582
0.7687442898750305 0.7963892817497253
0.7680683135986328 0.7895203828811646
0.7684532403945923 0.7918241024017334
0.7677194476127625 0.7898722887039185
0.7685914039611816 0.7915838360786438
0.7682251334190369 0.78904128074646
0.76897132396698 0.7962012887001038
0.7688620686531067 0.7877294421195984
0.7681512236595154 0.7938593029975891
0.7679085731506348 0.7925019860267639
0.7685553431510925 0.7879688739776611
0.7676388025283813 0.7905339002609253
0.7676606178283691 0.805020809173584
0.7675577402114868 0.7877184152603149
0.7673701643943787 0.7905805110931396
0.768410325050354 0.7933006882667542
0.7672985792160034 0.7879645228385925
0.7683342099189758 0.7898132801055908
0.767711877822876 0.7873720526695251
0.768364429473877 0.7888897657394409
0.7674598693847656 0.7983603477478027
0.7677456736564636 0.7862070798873901
0.7678107619285583 0.7945953607559204
0.7674865126609802 0.7895204424858093
0.7676571011543274 0.8176158666610718
0.7675560712814331 0.7917894721031189
0.7670159339904785 0.787873387336731
0.7671501636505127 0.7879177331924438
0.7674967050552368 0.7894344329833984
0.7672713398933411 0.7864596843719482
0.7674165964126587 0.7872855067253113
0.7673239707946777 0.7946023941040039
0.7674881815910339 0.7918251156806946
0.7672173380851746 0.7895385026931763
0.7673792839050293 0.7892724871635437
0.7672855854034424 0.7998753786087036
0.7679489254951477 0.7917301654815674
0.7674666047096252 0.7944047451019287
0.767632007598877 0.7917391657829285
0.7673231959342957 0.8015024065971375
0.7671189904212952 0.7865639925003052
0.7673674821853638 0.7870031595230103
0.7670985460281372 0.7913914918899536
0.7668383717536926 0.7897043824195862
0.7668681740760803 0.793006956577301
0.7671024203300476 0.7909592986106873
0.7670720219612122 0.7871686816215515
0.7669192552566528 0.7907863259315491
0.7671340703964233 0.79015052318573
0.7670593857765198 0.7917975783348083
0.7669774293899536 0.7894972562789917
0.7670063376426697 0.7958804965019226
0.7674639821052551 0.7969639897346497
0.766787588596344 0.7869948148727417
0.7672877311706543 0.8155471086502075
0.7673604488372803 0.7902382612228394
0.7667959928512573 0.793402373790741
0.7666440010070801 0.7950371503829956
0.766594409942627 0.7888014316558838
0.7664338946342468 0.8025158047676086
0.7664512395858765 0.7941452860832214
0.7667407393455505 0.7901082038879395
0.766905665397644 0.798550009727478
0.7663852572441101 0.7945672869682312
0.7662621736526489 0.7928028106689453
0.7666240334510803 0.7989553809165955
0.7670985460281372 0.7877259850502014
0.7663441896438599 0.7886990904808044
0.7665019035339355 0.7874817848205566
0.7662690281867981 0.7892877459526062
0.7665271759033203 0.7869605422019958
0.7661056518554688 0.7944914698600769
0.766998291015625 0.7885650992393494
0.7663990259170532 0.7908432483673096
0.7666221857070923 0.7887448072433472
0.7664611339569092 0.7925224900245667
0.7658889889717102 0.7889362573623657
0.7660343647003174 0.788645327091217
0.766609787940979 0.81204754114151
0.7659205198287964 0.7918090224266052
0.766101062297821 0.7883129119873047
0.7660314440727234 0.7950859069824219
0.7657580375671387 0.7892320156097412
0.7666820287704468 0.7934585213661194
0.7656272053718567 0.7924480438232422
0.7658761143684387 0.7980873584747314
0.7664085626602173 0.7871947884559631
0.7658617496490479 0.7895932197570801
0.7659147381782532 0.7855817079544067
0.7664284110069275 0.7900319695472717
0.765961766242981 0.7861760258674622
0.765842616558075 0.7900060415267944
0.7660272121429443 0.80434250831604
0.766081690788269 0.7880820631980896
0.7656398415565491 0.7906875014305115
0.7657172679901123 0.8011451959609985
0.765292763710022 0.7875320911407471
0.7657468318939209 0.7907827496528625
0.7655981779098511 0.7950537800788879
0.7657187581062317 0.7887350916862488
0.7657960653305054 0.7881107926368713
0.7656337022781372 0.7874959111213684
0.7658388018608093 0.7874743938446045
0.7653422355651855 0.7870927453041077
0.7655885815620422 0.7853518128395081
0.7653010487556458 0.7893029451370239
0.7654361724853516 0.7852306962013245
0.7654866576194763 0.7886266112327576
0.7655706405639648 0.7897595763206482
0.7652108073234558 0.7865926027297974
0.7653467655181885 0.7875838875770569
0.7655008435249329 0.7874026298522949
0.7649169564247131 0.7865729928016663
0.7652519941329956 0.8057197332382202
0.7652897834777832 0.8001702427864075
0.7653639316558838 0.7877223491668701
0.7654027342796326 0.7899108529090881
0.7652843594551086 0.7921254634857178
0.7649527788162231 0.78981614112854
0.7651216387748718 0.7900251150131226
0.7653000354766846 0.7859217524528503
0.7650710344314575 0.7931840419769287
0.7654574513435364 0.7872717976570129
0.7649722695350647 0.7868632078170776
0.7653979063034058 0.7863613367080688
0.7652420997619629 0.8136501312255859
0.765005886554718 0.7910435795783997
0.7652227878570557 0.7857573628425598
0.7649677395820618 0.7867706418037415
0.7649387717247009 0.7962397336959839
0.7648849487304688 0.7883342504501343
0.764711856842041 0.7883889079093933
0.7650789022445679 0.7914313673973083
0.7651891112327576 0.7913123965263367
0.7649646401405334 0.7945324182510376
0.7648880481719971 0.7858920097351074
0.7649971842765808 0.793246328830719
0.7646790146827698 0.7880508899688721
0.7650155425071716 0.7895987033843994
0.7649292349815369 0.7893832921981812
0.7646118402481079 0.7898363471031189
0.7650858759880066 0.7893293499946594
0.7650579810142517 0.7874919772148132
0.7643120288848877 0.791447103023529
0.7646394968032837 0.7869926691055298
0.7643820643424988 0.7993265390396118
0.7647147178649902 0.8008826375007629
0.7644924521446228 0.7866460680961609
0.7644388675689697 0.7905251979827881
0.7646642923355103 0.7874767184257507
0.7646520137786865 0.7888686060905457
0.7643970251083374 0.7933380603790283
0.7647018432617188 0.7947238683700562
0.7643741369247437 0.7965744733810425
0.7641299366950989 0.8095215559005737
0.7641360759735107 0.7895936369895935
0.7640053629875183 0.801609218120575
0.764432966709137 0.7863551378250122
0.7642686367034912 0.7866919636726379
0.7640211582183838 0.788269579410553
0.7643322348594666 0.7858501076698303
0.7641861438751221 0.7947952151298523
0.763999879360199 0.7909543514251709
0.764058530330658 0.7889485955238342
0.7642872929573059 0.7871077656745911
0.7642054557800293 0.7923533916473389
0.7639418244361877 0.7921568155288696
0.764162003993988 0.7888575792312622
0.7640995383262634 0.7985411882400513
0.7639592885971069 0.7871201634407043
0.7640443444252014 0.7878620028495789
0.7640726566314697 0.7957361936569214
0.7640315294265747 0.7948200702667236
0.7639796733856201 0.7934138774871826
0.7643644213676453 0.8037651777267456
0.7639780044555664 0.7865424156188965
0.7637852430343628 0.7872803211212158
0.76353919506073 0.7861589789390564
0.7635807991027832 0.7898052930831909
0.7639022469520569 0.7883962988853455
0.7638077139854431 0.7857398986816406
0.7637873888015747 0.7851012945175171
0.763701319694519 0.7882580757141113
0.7636723518371582 0.7861853837966919
0.7637932300567627 0.7909750938415527
0.7636640667915344 0.7898327112197876
0.7636688947677612 0.7985590696334839
0.7637186646461487 0.7903671860694885
0.7638466358184814 0.7852411270141602
0.7637354731559753 0.7950255870819092
0.7636164426803589 0.7892358899116516
0.7639310359954834 0.8075209259986877
0.7637080550193787 0.7976077198982239
0.7632531523704529 0.7887443900108337
0.7635737657546997 0.7862503528594971
0.7633092403411865 0.7858651876449585
0.7634238004684448 0.7897792458534241
0.7632891535758972 0.7876096963882446
0.7632322907447815 0.7990771532058716
0.7633408308029175 0.7879447340965271
0.7635418176651001 0.7866612672805786
0.7634338140487671 0.7879428863525391
0.7632649540901184 0.7885996699333191
0.7636045217514038 0.7870329022407532
0.7632163166999817 0.7900522947311401
0.7634602189064026 0.7919638752937317
0.7634980082511902 0.7906709909439087
0.7634701132774353 0.7853286266326904
0.7633144855499268 0.7892072200775146
0.7633445262908936 0.7865995168685913
0.7633013129234314 0.7871209979057312
0.7627619504928589 0.787743866443634
0.7629696130752563 0.788511335849762
0.7632946372032166 0.7848670482635498
0.7632195949554443 0.7877053022384644
0.7629236578941345 0.7908072471618652
0.7632269859313965 0.786220371723175
0.7627661228179932 0.7910177707672119
0.7632110714912415 0.7864184379577637
0.7630470991134644 0.7993442416191101
0.7628639340400696 0.7860377430915833
0.763092577457428 0.7866290807723999
0.7628275156021118 0.7924416661262512
0.7631257176399231 0.7861738204956055
0.7628528475761414 0.7902453541755676
0.7626940011978149 0.792246401309967
0.7631043791770935 0.7899532318115234
0.7628259658813477 0.7904043197631836
0.7628910541534424 0.7915088534355164
0.7627909779548645 0.7905182242393494
0.7626416683197021 0.7899465560913086
0.7626523375511169 0.7892037034034729
0.7629703283309937 0.7867462635040283
0.7626227736473083 0.7874346971511841
0.7626568675041199 0.7868976593017578
0.7626895308494568 0.7867090106010437
0.7624825239181519 0.7917770743370056
0.7625319957733154 0.7878010869026184
0.7627375721931458 0.7926362156867981
0.7627184391021729 0.7882193326950073
0.7627720236778259 0.7879667282104492
0.7627449035644531 0.7938616871833801
0.7626041769981384 0.7890059351921082
0.7628288865089417 0.7878928184509277
0.7622814774513245 0.7886267900466919
0.7626326680183411 0.7848613858222961
0.7625361084938049 0.7881210446357727
0.7623814344406128 0.7852764129638672
0.7627817392349243 0.7850145697593689
0.7624282836914062 0.7949393391609192
0.7624996304512024 0.7861099243164062
0.7621337175369263 0.7896608114242554
0.7623090147972107 0.7875375747680664
0.762503445148468 0.7859958410263062
0.7623644471168518 0.788088858127594
0.7623166441917419 0.7862914204597473
0.762452244758606 0.7852262854576111
0.7624852061271667 0.7919695973396301
0.7624075412750244 0.7906076908111572
0.7625580430030823 0.7883456945419312
0.76209557056427 0.7901597023010254
0.7620493769645691 0.7874968647956848
0.7619684338569641 0.7862395644187927
0.7618828415870667 0.7883982062339783
0.7622451782226562 0.7934237718582153
0.7620041966438293 0.7860878705978394
0.7621628046035767 0.7855475544929504
0.7618847489356995 0.7880786061286926
0.7618979811668396 0.7928017973899841
0.7619968056678772 0.7858227491378784
0.7619484066963196 0.7970896363258362
