1.4930977821350098 1.5111863613128662
1.4713011980056763 1.401223063468933
1.351148009300232 1.3663636445999146
1.3263651132583618 1.2011147737503052
0.850163459777832 0.6277819275856018
0.5982332825660706 0.5525224804878235
0.5468212962150574 0.5298332571983337
0.5133500099182129 0.48188722133636475
0.4975947141647339 0.47793328762054443
0.485184907913208 0.49381330609321594
0.4732084572315216 0.4562760889530182
0.46376684308052063 0.46382203698158264
0.4532948136329651 0.4430362284183502
0.44392797350883484 0.4615742564201355
0.43963345885276794 0.43595582246780396
0.4335375130176544 0.4228366017341614
0.4304489195346832 0.4400821924209595
0.4263955056667328 0.44642776250839233
0.4231765568256378 0.42545726895332336
0.41955429315567017 0.407686710357666
0.41871505975723267 0.40973374247550964
0.41540950536727905 0.40530797839164734
0.40978357195854187 0.40606364607810974
0.40799087285995483 0.42046287655830383
0.4059552550315857 0.41104856133461
0.40550002455711365 0.423425555229187
0.4037313163280487 0.3851063549518585
0.40015390515327454 0.3934696912765503
0.4001796841621399 0.4028482139110565
0.3996037542819977 0.3933243453502655
0.3967321515083313 0.3911034166812897
0.3990137279033661 0.3916807770729065
0.395611047744751 0.3859870731830597
0.39307278394699097 0.37758374214172363
0.39197760820388794 0.38471323251724243
0.3912407457828522 0.3734782636165619
0.39343494176864624 0.5061384439468384
0.39006394147872925 0.41293492913246155
0.39213016629219055 0.3868774473667145
0.39042672514915466 0.3848585784435272
0.3922697603702545 0.4075016975402832
0.38810718059539795 0.39757198095321655
0.3881668150424957 0.37830066680908203
0.3877773880958557 0.38943204283714294
0.38534364104270935 0.398784339427948
0.3868054449558258 0.4049072861671448
0.38631555438041687 0.3771355152130127
0.3868107497692108 0.40215396881103516
0.3855801820755005 0.382737934589386
0.3846764862537384 0.3990650177001953
0.38470911979675293 0.38044530153274536
0.3846660554409027 0.3815971612930298
0.3832924962043762 0.4240964651107788
0.38484591245651245 0.41137054562568665
0.38491731882095337 0.37778404355049133
0.381616473197937 0.4222385883331299
0.3850340247154236 0.3698846697807312
0.3817198872566223 0.37813523411750793
0.38168641924858093 0.37666890025138855
0.38166770339012146 0.376331627368927
0.37929707765579224 0.42231786251068115
0.3816848695278168 0.36618244647979736
0.3819836676120758 0.39959561824798584
0.37890323996543884 0.40009942650794983
0.3777981996536255 0.38847118616104126
0.3777324855327606 0.3769894242286682
0.37885093688964844 0.3771525025367737
0.37906891107559204 0.3734135031700134
0.3777393698692322 0.3667680025100708
0.3749214708805084 0.3808501660823822
0.3759537637233734 0.3790002465248108
0.3761797547340393 0.4065423607826233
0.3760572373867035 0.373784601688385
0.37516775727272034 0.3797837495803833
0.37546804547309875 0.40689584612846375
0.37566182017326355 0.36970824003219604
0.3742150664329529 0.39066487550735474
0.37614718079566956 0.4381854832172394
0.3747464120388031 0.36530017852783203
0.37454015016555786 0.4258368909358978
0.37476110458374023 0.39897167682647705
0.3753855526447296 0.3633462190628052
0.3732013404369354 0.3793661594390869
0.3739507794380188 0.3867484927177429
0.3716771900653839 0.3641848862171173
0.37375402450561523 0.3736301362514496
0.373163104057312 0.368488609790802
0.3714491128921509 0.39376237988471985
0.3718831539154053 0.38367632031440735
0.37278518080711365 0.36511626839637756
0.37373173236846924 0.3676585555076599
0.36969029903411865 0.3922073245048523
0.3731546401977539 0.4235292673110962
0.37035223841667175 0.36506927013397217
0.3722187280654907 0.37271633744239807
0.3703981935977936 0.3791103959083557
0.37119022011756897 0.3758584260940552
0.37022796273231506 0.36782780289649963
0.37162983417510986 0.37559252977371216
0.3709350824356079 0.3695216774940491
0.37031516432762146 0.4057938754558563
0.3694557249546051 0.4054412543773651
0.3679675757884979 0.3781660199165344
0.3683185875415802 0.3638482093811035
0.36682039499282837 0.3683324456214905
0.36770620942115784 0.3759266436100006
0.3692229092121124 0.3789738118648529
0.3670104444026947 0.37160828709602356
0.3678690493106842 0.36432233452796936
0.3671284019947052 0.3678252696990967
0.3659922480583191 0.36583849787712097
0.3662896752357483 0.363375723361969
0.3676350712776184 0.3761308193206787
0.36690554022789 0.3711121082305908
0.37133991718292236 0.36079856753349304
0.3660973906517029 0.37325599789619446
0.36660441756248474 0.4032652974128723
0.36555609107017517 0.3762494623661041
0.36424630880355835 0.3685397505760193
0.3659959137439728 0.4076215922832489
0.36545664072036743 0.3839409351348877
0.3651590943336487 0.36814919114112854
0.36563169956207275 0.36381539702415466
0.3647502660751343 0.39834773540496826
0.36551421880722046 0.3722972571849823
0.3656321167945862 0.3741820454597473
0.36536136269569397 0.36956313252449036
0.3644481301307678 0.373341828584671
0.3647346496582031 0.3552199900150299
0.3649342358112335 0.3835219442844391
0.36614274978637695 0.3779001533985138
0.36533790826797485 0.3643926680088043
0.36401623487472534 0.3734288215637207
0.3629221022129059 0.3650485873222351
0.36180979013442993 0.38637590408325195
0.3626560568809509 0.3678131103515625
0.36234697699546814 0.37152135372161865
0.3627335727214813 0.3933943212032318
0.3621591031551361 0.35698074102401733
0.36277520656585693 0.3576415181159973
0.36335307359695435 0.3583892285823822
0.3635047674179077 0.38077372312545776
0.3624725043773651 0.3657575249671936
0.3625844419002533 0.3723205626010895
0.3615626096725464 0.3552548885345459
0.36363279819488525 0.36174020171165466
0.3606216013431549 0.3849407136440277
0.35987716913223267 0.37910476326942444
0.36254453659057617 0.35561081767082214
0.36238202452659607 0.36537274718284607
0.3605201542377472 0.40081915259361267
0.3611220419406891 0.36865606904029846
0.3610464632511139 0.3596467673778534
0.36346325278282166 0.3954792618751526
0.3607177436351776 0.3543570935726166
0.36099761724472046 0.3858431577682495
0.3620566725730896 0.36015644669532776
0.36177757382392883 0.36526253819465637
0.3598988950252533 0.35279905796051025
0.35983526706695557 0.36331745982170105
0.3597930073738098 0.3544541299343109
0.35945960879325867 0.3527165651321411
0.3599295914173126 0.3589252233505249
0.35854440927505493 0.3982485830783844
0.36077526211738586 0.35541361570358276
0.3595263957977295 0.3616522550582886
0.35866907238960266 0.3749568462371826
0.36027511954307556 0.37861132621765137
0.3583664298057556 0.3760928809642792
0.3593047261238098 0.4258577227592468
0.3579370081424713 0.35699060559272766
0.35760337114334106 0.3632001578807831
0.35808104276657104 0.40635156631469727
0.3581635653972626 0.391806423664093
0.35705700516700745 0.35679230093955994
0.3589956760406494 0.3656703233718872
0.35815852880477905 0.3543719947338104
0.356624573469162 0.35678407549858093
0.3561963438987732 0.37090522050857544
0.3564389944076538 0.37773260474205017
0.35767239332199097 0.3705301582813263
0.3579416871070862 0.38514795899391174
0.3570752441883087 0.35539209842681885
0.3568754494190216 0.3711908459663391
0.35866159200668335 0.3881376385688782
0.35796767473220825 0.3599473237991333
0.3564373254776001 0.3555879294872284
0.35612043738365173 0.3559024930000305
0.3561166226863861 0.361694872379303
0.35566064715385437 0.3488866686820984
0.3565921187400818 0.3723360002040863
0.3559609055519104 0.3650236427783966
0.35675305128097534 0.3643590807914734
0.3565925359725952 0.3518623113632202
0.3566937744617462 0.37343883514404297
0.35593748092651367 0.34698063135147095
0.3559229075908661 0.35435619950294495
0.3552178740501404 0.37142741680145264
0.3555598556995392 0.3995785117149353
0.35547441244125366 0.35666006803512573
0.3562627136707306 0.35662394762039185
0.3546374440193176 0.3563666045665741
0.3542385995388031 0.40560755133628845
0.3535151183605194 0.3651399314403534
0.3552514314651489 0.35712873935699463
0.3528456389904022 0.38569778203964233
0.35238853096961975 0.3675473630428314
0.3546813130378723 0.36725783348083496
0.3530457615852356 0.3582008183002472
0.35203471779823303 0.36297741532325745
0.3554815649986267 0.35831165313720703
0.35432884097099304 0.3695240914821625
0.3518417477607727 0.3644794821739197
0.35471972823143005 0.3731616735458374
0.35201728343963623 0.3673930764198303
0.3522402048110962 0.37608960270881653
0.3537564277648926 0.3645426332950592
0.3538297414779663 0.4218023419380188
0.35049527883529663 0.37629035115242004
0.3538234233856201 0.34985116124153137
0.35231345891952515 0.34638646245002747
0.35373222827911377 0.3564199209213257
0.3553086519241333 0.36447733640670776
0.35284411907196045 0.35540324449539185
0.35331976413726807 0.35442739725112915
0.35254818201065063 0.3791980445384979
0.35329800844192505 0.3493326008319855
0.352358341217041 0.34955134987831116
0.3528107702732086 0.47128504514694214
0.3524623513221741 0.36579179763793945
0.35252809524536133 0.39684969186782837
0.35244065523147583 0.36946600675582886
0.35095643997192383 0.3741202652454376
0.35185128450393677 0.4418364465236664
0.3522948622703552 0.3980206251144409
0.35150256752967834 0.38132086396217346
0.35163742303848267 0.3838871121406555
0.3508176803588867 0.35440975427627563
0.35128647089004517 0.35961678624153137
0.3498070538043976 0.3625490963459015
0.3513692617416382 0.35142773389816284
0.35001322627067566 0.3534317910671234
0.3507358133792877 0.3724648654460907
0.35069674253463745 0.3479953706264496
0.3498263359069824 0.44574156403541565
0.35014766454696655 0.3538759648799896
0.34989529848098755 0.35078486800193787
0.35080990195274353 0.35469308495521545
0.3508458733558655 0.35435283184051514
0.34863778948783875 0.37081849575042725
0.3493657112121582 0.36342519521713257
0.34940463304519653 0.35560843348503113
0.3503595292568207 0.37779349088668823
0.3488207757472992 0.36814841628074646
0.34800615906715393 0.34993287920951843
0.34802278876304626 0.3518466651439667
0.347818523645401 0.35693150758743286
0.34908944368362427 0.35133275389671326
0.3494815230369568 0.3548571467399597
0.34847575426101685 0.36506664752960205
0.3492288887500763 0.3732474446296692
0.3469635844230652 0.3543766736984253
0.34948018193244934 0.3552881181240082
0.34776562452316284 0.36370640993118286
0.3498305082321167 0.3540518879890442
0.34753668308258057 0.36637499928474426
0.34775254130363464 0.3437451720237732
0.34864410758018494 0.37172216176986694
0.3492393493652344 0.35336434841156006
0.34760379791259766 0.35525476932525635
0.3472212255001068 0.36173015832901
0.34795239567756653 0.36586982011795044
0.34620580077171326 0.4695771336555481
0.3477517068386078 0.37905362248420715
0.3478377163410187 0.38845881819725037
0.3476392924785614 0.34842610359191895
0.3471922278404236 0.3535531461238861
0.3486894369125366 0.364022821187973
0.3470660448074341 0.3925202786922455
0.34876278042793274 0.34884074330329895
0.3471556007862091 0.346481591463089
0.3458227813243866 0.35546067357063293
0.3488183915615082 0.3638865649700165
0.3455626666545868 0.37071654200553894
0.34648025035858154 0.38860324025154114
0.3479956388473511 0.36189693212509155
0.3445699214935303 0.3576709032058716
0.3482406437397003 0.37544316053390503
0.34520700573921204 0.35724300146102905
0.3476438522338867 0.3536660075187683
0.34549227356910706 0.3495728075504303
0.3473950922489166 0.3797447979450226
0.3454030454158783 0.3539974093437195
0.346784770488739 0.36331719160079956
0.34608471393585205 0.350057452917099
0.34658917784690857 0.36579710245132446
0.34555599093437195 0.36600345373153687
0.3455042243003845 0.34801724553108215
0.3465103805065155 0.3619517982006073
0.34589049220085144 0.369418740272522
0.3466435670852661 0.3522283732891083
0.34598568081855774 0.3885384202003479
0.34529075026512146 0.35840171575546265
0.34649065136909485 0.3561849892139435
0.3440932035446167 0.39928585290908813
0.34359484910964966 0.34672707319259644
0.3461257219314575 0.3475716710090637
0.3434072434902191 0.3759000301361084
0.34464195370674133 0.350223183631897
0.34425148367881775 0.3563845455646515
0.34253355860710144 0.3535146117210388
0.3441286087036133 0.3676358759403229
0.3439883887767792 0.3562653660774231
0.3439180254936218 0.3975662887096405
0.3435174524784088 0.35663533210754395
0.3433079719543457 0.3448042869567871
0.34329351782798767 0.345261812210083
0.3432139754295349 0.3535127639770508
0.34235143661499023 0.3559595048427582
0.34223031997680664 0.35359862446784973
0.34347596764564514 0.34667477011680603
0.3430304229259491 0.3509502410888672
0.34255707263946533 0.35911062359809875
0.3441784679889679 0.3524746000766754
0.3426264226436615 0.38385647535324097
0.3456250727176666 0.3773520886898041
0.3420705199241638 0.3695915937423706
0.34217390418052673 0.37221938371658325
0.3419058918952942 0.351778119802475
0.3428005278110504 0.35612940788269043
0.3433135151863098 0.36572352051734924
0.3436371982097626 0.36777350306510925
0.3432616889476776 0.3550701439380646
0.34317293763160706 0.345756858587265
0.34297502040863037 0.3738781213760376
0.34348925948143005 0.35323500633239746
0.3422608971595764 0.3595147430896759
0.34263163805007935 0.36024048924446106
0.340086430311203 0.3518717885017395
0.3414610028266907 0.38499370217323303
0.34088945388793945 0.35290461778640747
0.34208616614341736 0.34872323274612427
0.34081482887268066 0.37657925486564636
0.34175020456314087 0.38379934430122375
0.341001033782959 0.3503023386001587
0.34112605452537537 0.34260860085487366
0.3410249650478363 0.38724997639656067
0.34070900082588196 0.3493332862854004
0.3412422239780426 0.3513631522655487
0.3407544195652008 0.3718518912792206
0.34069472551345825 0.3663541376590729
0.33989518880844116 0.34800222516059875
0.3410108983516693 0.37588778138160706
0.34081825613975525 0.34940317273139954
0.3425070345401764 0.38425368070602417
0.3394888639450073 0.35797592997550964
0.3409498631954193 0.3538447320461273
0.3417953550815582 0.3464449942111969
0.3419431447982788 0.35376912355422974
0.3411598205566406 0.3585708439350128
0.3412665128707886 0.35720065236091614
0.33993375301361084 0.3581054210662842
0.3395433723926544 0.36908647418022156
0.34159529209136963 0.3460381031036377
0.33922067284584045 0.36513835191726685
0.3401387333869934 0.40160855650901794
0.3398907780647278 0.34486252069473267
0.3403031527996063 0.35263046622276306
0.34015002846717834 0.38732418417930603
0.34117454290390015 0.35518041253089905
0.34041595458984375 0.3523736000061035
0.33912599086761475 0.3476877510547638
0.3400631546974182 0.3447871804237366
0.3395041227340698 0.35411933064460754
0.3398187458515167 0.34262794256210327
0.3397786617279053 0.390451580286026
0.33941423892974854 0.3531545102596283
0.3383210003376007 0.34519070386886597
0.33852338790893555 0.34398600459098816
0.33879920840263367 0.35827893018722534
0.33783742785453796 0.34646886587142944
0.33914676308631897 0.4120265245437622
0.33895668387413025 0.3621155321598053
0.338042676448822 0.35616645216941833
0.3386383056640625 0.3461257517337799
0.33811894059181213 0.3484126329421997
0.33807358145713806 0.3453764021396637
0.3381098508834839 0.3522465229034424
0.3382280170917511 0.3508046269416809
0.3379954993724823 0.3546794056892395
0.3400912880897522 0.36695316433906555
0.3385586440563202 0.35890600085258484
0.3390102684497833 0.346725195646286
0.33752548694610596 0.3699810802936554
0.3385685682296753 0.36278036236763
0.3387751579284668 0.3487347364425659
0.3377983272075653 0.3551766872406006
0.3383878171443939 0.3631938695907593
0.33805370330810547 0.3531174063682556
0.33955666422843933 0.3413114547729492
0.3366156220436096 0.3496100604534149
0.3398069441318512 0.3536604344844818
0.3376443386077881 0.34583115577697754
0.33813410997390747 0.3453449308872223
0.335823118686676 0.36259356141090393
0.3370732367038727 0.3561934232711792
0.33746078610420227 0.3466801643371582
0.3362792432308197 0.34500768780708313
0.3373405337333679 0.34375518560409546
0.3370835483074188 0.35289350152015686
0.3371358811855316 0.34908899664878845
0.33745449781417847 0.3437027335166931
0.3357400894165039 0.3780358135700226
0.337285578250885 0.35691553354263306
0.33683863282203674 0.34466803073883057
0.3362959027290344 0.3481869101524353
0.3367699980735779 0.35726267099380493
0.4424099624156952 0.4321328103542328
0.3595307171344757 0.3470707833766937
0.33643800020217896 0.3467966616153717
0.3366633951663971 0.3547753393650055
0.33833634853363037 0.3450784981250763
0.3373622000217438 0.3496178686618805
0.33711135387420654 0.3529563546180725
0.3355923891067505 0.34414467215538025
0.3360898494720459 0.3606899380683899
0.33593636751174927 0.3516903817653656
0.33595991134643555 0.3630499839782715
0.33553001284599304 0.3572878837585449
0.33570531010627747 0.3598785698413849
0.33521202206611633 0.34255531430244446
0.3355174660682678 0.3487684726715088
0.33590832352638245 0.37215960025787354
0.33729857206344604 0.375549852848053
0.33575859665870667 0.3459221422672272
0.336069792509079 0.3730802834033966
0.3364141881465912 0.361963152885437
0.3350871801376343 0.3751477897167206
0.33520233631134033 0.3490258753299713
0.3349689245223999 0.35305577516555786
0.33417630195617676 0.33963626623153687
0.3349362015724182 0.35313186049461365
0.335467666387558 0.3466761112213135
0.33392420411109924 0.38035881519317627
0.33480319380760193 0.3590736985206604
0.33449214696884155 0.35985267162323
0.33536896109580994 0.3536544144153595
0.33270910382270813 0.3524772822856903
0.3348001539707184 0.38288646936416626
0.33513450622558594 0.36405545473098755
0.33547869324684143 0.34114477038383484
0.33420851826667786 0.34276193380355835
0.3349706530570984 0.34956109523773193
0.33519795536994934 0.3642593324184418
0.33356523513793945 0.35749682784080505
0.3339099884033203 0.3503826856613159
0.3354394733905792 0.3442838191986084
0.3341009020805359 0.35326799750328064
0.3341907262802124 0.347095251083374
0.33431974053382874 0.34226876497268677
0.3352952301502228 0.34386563301086426
0.33442801237106323 0.3452252745628357
0.3338817358016968 0.34140661358833313
0.3339678943157196 0.34730133414268494
0.33444032073020935 0.3525925278663635
0.33453696966171265 0.34322237968444824
0.3336276710033417 0.3498700261116028
0.33310580253601074 0.35709646344184875
0.3333301842212677 0.35054001212120056
0.33423981070518494 0.34967470169067383
0.3337711691856384 0.38685548305511475
0.3327970504760742 0.3436233103275299
0.33366939425468445 0.3461567461490631
0.33066216111183167 0.3515584468841553
0.3324030637741089 0.3458654284477234
0.3323947489261627 0.34799882769584656
0.3323422074317932 0.35754692554473877
0.3326266407966614 0.36032819747924805
0.3313829302787781 0.4133438467979431
0.3327704668045044 0.34075647592544556
0.33311450481414795 0.3782055675983429
0.3320083022117615 0.3462315797805786
0.33229684829711914 0.3443821668624878
0.3325366973876953 0.38292282819747925
0.3320576548576355 0.36636772751808167
0.33229079842567444 0.34947505593299866
0.3331480324268341 0.3491867482662201
0.33187705278396606 0.3564794361591339
0.3323909640312195 0.35581326484680176
0.3329102694988251 0.35378873348236084
0.3313825726509094 0.35093191266059875
0.3316619098186493 0.3445667326450348
0.33211299777030945 0.3415696620941162
0.3321746289730072 0.341481477022171
0.3322058618068695 0.3446352779865265
0.33204254508018494 0.34475627541542053
0.3312116265296936 0.4074156880378723
0.3317534029483795 0.34639185667037964
0.3312337100505829 0.35171085596084595
0.33183619379997253 0.3485991358757019
