1.540023922920227 1.5225697755813599
1.4830948114395142 1.5000672340393066
1.4794437885284424 1.5146287679672241
1.4770866632461548 1.499024748802185
1.4765158891677856 1.5074889659881592
1.4762487411499023 1.5063045024871826
1.4753775596618652 1.513405203819275
1.4751455783843994 1.4987225532531738
1.4748286008834839 1.5050098896026611
1.4750185012817383 1.5321282148361206
1.4753865003585815 1.5096648931503296
1.474704384803772 1.50296950340271
1.474498987197876 1.5004204511642456
1.474412441253662 1.5030170679092407
1.474511981010437 1.5166654586791992
1.474181890487671 1.503265619277954
1.4740056991577148 1.500942349433899
1.4744318723678589 1.5049396753311157
1.4739116430282593 1.5013586282730103
1.4742292165756226 1.4985548257827759
1.4738727807998657 1.503579020500183
1.4738584756851196 1.5106749534606934
1.474085807800293 1.512337327003479
1.4741017818450928 1.509830117225647
1.4738938808441162 1.5034935474395752
1.473924160003662 1.504590630531311
1.4738574028015137 1.5006704330444336
1.4738428592681885 1.5015180110931396
1.4739551544189453 1.504013180732727
1.4738032817840576 1.5053176879882812
1.4736249446868896 1.508150577545166
1.4737803936004639 1.5072952508926392
1.4737496376037598 1.5088553428649902
1.4737755060195923 1.5139857530593872
1.4737368822097778 1.5050420761108398
1.4738119840621948 1.5052058696746826
1.4738932847976685 1.5035864114761353
1.4737255573272705 1.5038800239562988
1.4737751483917236 1.5029488801956177
1.4737365245819092 1.500827431678772
1.473574161529541 1.5080901384353638
1.4737095832824707 1.5055288076400757
1.4738564491271973 1.5087766647338867
1.4737207889556885 1.5187221765518188
1.473663091659546 1.5104156732559204
1.4738011360168457 1.5062187910079956
1.473695158958435 1.5029267072677612
1.4738386869430542 1.5003489255905151
1.473647117614746 1.5035481452941895
1.4735809564590454 1.5044366121292114
1.4736286401748657 1.508938193321228
1.4736334085464478 1.5110901594161987
1.4736683368682861 1.4983274936676025
1.4736225605010986 1.5010249614715576
1.4735461473464966 1.5007553100585938
1.4737272262573242 1.5035024881362915
1.473629355430603 1.5018378496170044
1.4737577438354492 1.5065792798995972
1.473583459854126 1.5040613412857056
1.4737869501113892 1.5189602375030518
1.4736231565475464 1.5055838823318481
1.473565697669983 1.5061849355697632
1.4737789630889893 1.4996793270111084
1.473594307899475 1.511784553527832
1.4737669229507446 1.5006496906280518
1.4737052917480469 1.5009129047393799
1.4734796285629272 1.5004163980484009
1.4734832048416138 1.510290265083313
1.4736745357513428 1.5078935623168945
1.4735289812088013 1.5021861791610718
1.4735974073410034 1.503522515296936
1.4735727310180664 1.5104663372039795
1.4735097885131836 1.5083385705947876
1.473772406578064 1.511199951171875
1.473564624786377 1.4997711181640625
1.4735361337661743 1.5059856176376343
1.4735397100448608 1.5008571147918701
1.4736706018447876 1.5062460899353027
1.473581314086914 1.513400673866272
1.4738267660140991 1.5059070587158203
1.4734680652618408 1.5008584260940552
1.4734216928482056 1.5032535791397095
1.473581075668335 1.4988800287246704
1.4734841585159302 1.5004298686981201
1.4735589027404785 1.4993274211883545
1.4734892845153809 1.507242202758789
1.473512053489685 1.5037243366241455
1.4735053777694702 1.5052779912948608
1.473457932472229 1.5007303953170776
1.4735383987426758 1.5026313066482544
1.4736236333847046 1.5007983446121216
1.4735454320907593 1.5069000720977783
1.4735467433929443 1.4997773170471191
1.473451852798462 1.5052927732467651
1.4735370874404907 1.5042589902877808
1.4734771251678467 1.50992751121521
1.4735184907913208 1.5132250785827637
1.4735757112503052 1.503316044807434
1.4734328985214233 1.5063992738723755
1.4734288454055786 1.5036790370941162
1.4733246564865112 1.5038331747055054
1.4734910726547241 1.502679467201233
1.4734243154525757 1.5076179504394531
1.4734033346176147 1.507558822631836
1.4735114574432373 1.5091224908828735
1.4733428955078125 1.5015919208526611
1.4735745191574097 1.5057052373886108
1.4733425378799438 1.498757243156433
1.4733905792236328 1.5051435232162476
1.4734553098678589 1.5036512613296509
1.47344970703125 1.5058568716049194
1.4734233617782593 1.5084247589111328
1.4734312295913696 1.4991824626922607
1.4732602834701538 1.5079792737960815
1.4734457731246948 1.4990136623382568
1.4735767841339111 1.5050784349441528
1.4734907150268555 1.5054494142532349
1.4732943773269653 1.501992106437683
1.4734318256378174 1.499629259109497
1.4733946323394775 1.5045603513717651
1.4734524488449097 1.505137324333191
1.473525047302246 1.500547170639038
1.4734137058258057 1.5129224061965942
1.4733656644821167 1.5144695043563843
1.4733315706253052 1.5035603046417236
1.4735140800476074 1.500084638595581
1.4734121561050415 1.5107110738754272
1.4733821153640747 1.4988640546798706
1.4733654260635376 1.5132906436920166
1.4733604192733765 1.5080840587615967
1.4733537435531616 1.5063170194625854
1.4734089374542236 1.5113338232040405
1.4733184576034546 1.5058989524841309
1.4734513759613037 1.5047322511672974
1.4734209775924683 1.5050067901611328
1.4733352661132812 1.506591796875
1.4733169078826904 1.5044890642166138
1.473338007926941 1.5017796754837036
1.4734961986541748 1.512177586555481
1.4734222888946533 1.506379246711731
1.4734755754470825 1.5096676349639893
1.4734150171279907 1.4998306035995483
1.4733320474624634 1.5081000328063965
1.4732707738876343 1.5061076879501343
1.4733448028564453 1.5008769035339355
1.4733729362487793 1.5097512006759644
1.473380446434021 1.50420343875885
1.4733850955963135 1.501826524734497
1.4733350276947021 1.502721905708313
1.4734331369400024 1.5005885362625122
1.4734394550323486 1.5088095664978027
1.4734138250350952 1.50388765335083
1.473273754119873 1.4997060298919678
1.4732457399368286 1.508097529411316
1.473339319229126 1.5064438581466675
1.4733445644378662 1.5067932605743408
1.4735389947891235 1.5022177696228027
1.4732204675674438 1.5018383264541626
1.4733139276504517 1.5038576126098633
1.473416805267334 1.5103594064712524
1.4732426404953003 1.501356601715088
1.473421573638916 1.503416657447815
1.4733879566192627 1.500050663948059
1.4733903408050537 1.5048540830612183
1.4733637571334839 1.501896858215332
1.4732939004898071 1.5039167404174805
1.473257064819336 1.5007216930389404
1.4732739925384521 1.5031503438949585
1.4732908010482788 1.5022151470184326
1.4733024835586548 1.5161504745483398
1.4733459949493408 1.5070571899414062
1.4733614921569824 1.5060474872589111
1.4733684062957764 1.506539225578308
1.4732664823532104 1.5063997507095337
1.4733645915985107 1.5008794069290161
1.4733046293258667 1.507603645324707
1.473238229751587 1.4993644952774048
1.4732435941696167 1.4994341135025024
1.473338007926941 1.5052868127822876
1.473354697227478 1.5035611391067505
1.4733482599258423 1.5040616989135742
1.4732716083526611 1.5137847661972046
1.4732755422592163 1.505494236946106
1.4733176231384277 1.5085480213165283
1.4733723402023315 1.5019350051879883
1.4733104705810547 1.5088552236557007
1.4733326435089111 1.5054186582565308
1.4733176231384277 1.5025092363357544
1.4731847047805786 1.5122218132019043
1.4733022451400757 1.5025173425674438
1.473346471786499 1.5012582540512085
1.4733942747116089 1.5069611072540283
1.473278522491455 1.5042781829833984
1.47337806224823 1.5062552690505981
1.4731448888778687 1.5036449432373047
1.4732517004013062 1.5010263919830322
1.4732624292373657 1.5074944496154785
1.4732481241226196 1.50337815284729
1.4732372760772705 1.507919430732727
1.4733728170394897 1.502795934677124
1.4733598232269287 1.5026540756225586
1.4732552766799927 1.5029470920562744
1.4732474088668823 1.5041238069534302
1.4732509851455688 1.506122350692749
1.4731857776641846 1.5109694004058838
1.4733703136444092 1.4994076490402222
1.4731736183166504 1.5064857006072998
1.4732556343078613 1.5129159688949585
1.4733717441558838 1.503472924232483
1.4732452630996704 1.5045911073684692
1.4732611179351807 1.503940224647522
1.4731429815292358 1.50062894821167
1.4732838869094849 1.5036494731903076
1.4732470512390137 1.5122977495193481
1.4732556343078613 1.5037050247192383
1.4732404947280884 1.5028209686279297
1.4731792211532593 1.509209156036377
1.4732146263122559 1.5050373077392578
1.4732449054718018 1.5064198970794678
1.473320722579956 1.5067977905273438
1.4731764793395996 1.5043219327926636
1.473204493522644 1.5057662725448608
1.4732375144958496 1.502070665359497
1.473273754119873 1.5016326904296875
1.473276972770691 1.5022227764129639
1.4732457399368286 1.5071605443954468
1.473260521888733 1.500891923904419
1.4732909202575684 1.5056207180023193
1.4734277725219727 1.5026859045028687
1.473198413848877 1.5069950819015503
1.4732455015182495 1.5011770725250244
1.473274827003479 1.5008842945098877
1.4732835292816162 1.5046517848968506
1.4732589721679688 1.5023648738861084
1.473286509513855 1.4996700286865234
1.473264217376709 1.5055286884307861
1.4732755422592163 1.5038840770721436
1.4732564687728882 1.5055468082427979
1.4732182025909424 1.502934217453003
1.4733338356018066 1.4985575675964355
1.4733242988586426 1.5019611120224
1.4733351469039917 1.5081305503845215
1.4730727672576904 1.510425329208374
1.4731690883636475 1.4990659952163696
1.4733017683029175 1.5114758014678955
1.4732530117034912 1.503275752067566
1.4732022285461426 1.503442406654358
1.4732699394226074 1.5008814334869385
1.473129153251648 1.5007349252700806
1.4732362031936646 1.5008444786071777
1.4732269048690796 1.5020917654037476
1.4731297492980957 1.5062272548675537
1.4731152057647705 1.5025007724761963
1.4732309579849243 1.5050894021987915
1.4732732772827148 1.5018765926361084
1.473321795463562 1.502771258354187
1.4731935262680054 1.5049450397491455
1.4731860160827637 1.4984631538391113
1.4732648134231567 1.502468466758728
1.4731627702713013 1.4996744394302368
1.4733037948608398 1.5026439428329468
1.4731707572937012 1.5090175867080688
1.473219871520996 1.5065491199493408
1.4732365608215332 1.513988971710205
1.4732747077941895 1.5024298429489136
1.4732539653778076 1.502152442932129
1.4733408689498901 1.502493143081665
1.4732143878936768 1.506679654121399
1.4732047319412231 1.5080312490463257
1.4732091426849365 1.5036016702651978
1.4731823205947876 1.5056079626083374
1.4731948375701904 1.500579595565796
1.4731075763702393 1.5040831565856934
1.4732415676116943 1.5006027221679688
1.4731838703155518 1.503577709197998
1.473227858543396 1.5017155408859253
1.4732383489608765 1.5022701025009155
1.4732248783111572 1.5036365985870361
1.4732211828231812 1.5012203454971313
1.473179578781128 1.4998518228530884
1.4731591939926147 1.5077985525131226
1.4731762409210205 1.5087666511535645
1.4732520580291748 1.5138466358184814
1.4731069803237915 1.5075105428695679
1.4732781648635864 1.5042734146118164
1.4732364416122437 1.5020233392715454
1.4732048511505127 1.5010733604431152
1.4730945825576782 1.5072087049484253
1.4731773138046265 1.4992254972457886
1.4730597734451294 1.5065217018127441
1.4732415676116943 1.505007266998291
1.4732201099395752 1.5040398836135864
1.4732283353805542 1.5132558345794678
1.473213791847229 1.498781442642212
1.473312497138977 1.5059928894042969
1.473124384880066 1.500388741493225
1.4732104539871216 1.5023081302642822
1.4731078147888184 1.5058985948562622
1.4731788635253906 1.5048829317092896
1.473222017288208 1.500918984413147
1.4732025861740112 1.5061655044555664
1.4731791019439697 1.5008034706115723
1.4732367992401123 1.5054295063018799
1.473252296447754 1.5055086612701416
1.4732146263122559 1.505251169204712
1.4731882810592651 1.5036081075668335
1.4732087850570679 1.5011570453643799
1.473196029663086 1.5045475959777832
1.4732030630111694 1.502736210823059
1.473150610923767 1.5023399591445923
1.4732255935668945 1.5044636726379395
1.4731947183609009 1.5030120611190796
1.4730840921401978 1.4994813203811646
1.473266839981079 1.5016324520111084
1.4732203483581543 1.5110933780670166
1.4732612371444702 1.5107945203781128
1.473159670829773 1.5063648223876953
1.473138689994812 1.504183292388916
1.4731509685516357 1.5025945901870728
1.4731875658035278 1.5026390552520752
1.473196029663086 1.5074667930603027
1.4731922149658203 1.5069185495376587
1.4732272624969482 1.5012359619140625
1.4731842279434204 1.5026726722717285
1.473156213760376 1.500850796699524
1.4731183052062988 1.5026336908340454
1.4731864929199219 1.505427598953247
1.4731475114822388 1.5055588483810425
1.4731910228729248 1.5046559572219849
1.4733011722564697 1.504468560218811
1.4731791019439697 1.5035065412521362
1.4731208086013794 1.5046859979629517
1.4731825590133667 1.5016008615493774
1.4732190370559692 1.507605791091919
1.473134994506836 1.5116890668869019
1.4731321334838867 1.503787875175476
1.4732030630111694 1.5045969486236572
1.4731744527816772 1.5011974573135376
1.473201870918274 1.502952218055725
1.4732695817947388 1.5042930841445923
1.4731483459472656 1.501649260520935
1.4731963872909546 1.5026055574417114
1.4731651544570923 1.5073719024658203
1.4733076095581055 1.5009640455245972
1.4731651544570923 1.5056562423706055
1.473197102546692 1.5015119314193726
1.4731478691101074 1.5085383653640747
1.4731138944625854 1.5022639036178589
1.4731736183166504 1.505694031715393
1.4731923341751099 1.5072863101959229
1.4731744527816772 1.501572847366333
1.4732086658477783 1.502771019935608
1.473266363143921 1.5055935382843018
1.4731595516204834 1.508388876914978
1.4732482433319092 1.5071773529052734
1.4731653928756714 1.5068917274475098
1.473179578781128 1.503361701965332
1.4732253551483154 1.5227326154708862
1.4731249809265137 1.5013961791992188
1.4731909036636353 1.5021551847457886
1.473249912261963 1.5037403106689453
1.4731976985931396 1.503536581993103
1.4730827808380127 1.5078673362731934
1.4731608629226685 1.5086312294006348
1.473191738128662 1.508843183517456
1.4731903076171875 1.5035656690597534
1.473203420639038 1.5050119161605835
1.4731314182281494 1.5068529844284058
1.4731162786483765 1.5030715465545654
1.4732211828231812 1.504133939743042
1.4732383489608765 1.5058232545852661
1.4731169939041138 1.5078206062316895
1.473275065422058 1.5036425590515137
1.473177433013916 1.509852647781372
1.4731649160385132 1.5038695335388184
1.473187804222107 1.508130669593811
1.473242998123169 1.5065958499908447
1.4731178283691406 1.505521297454834
1.4731547832489014 1.5051815509796143
1.4731591939926147 1.5031037330627441
1.4731879234313965 1.5055056810379028
1.4731675386428833 1.5063613653182983
1.473145842552185 1.5041712522506714
1.4732247591018677 1.5099644660949707
1.473107933998108 1.5032600164413452
1.4731247425079346 1.5062777996063232
1.4731557369232178 1.5047426223754883
1.4732013940811157 1.5055969953536987
1.4731186628341675 1.5102195739746094
1.4731396436691284 1.5022958517074585
1.473160982131958 1.5047518014907837
1.473259449005127 1.5018329620361328
1.4732099771499634 1.502830147743225
1.4731513261795044 1.5048905611038208
1.4731260538101196 1.5066120624542236
1.4731965065002441 1.509667158126831
1.4731026887893677 1.5013834238052368
1.4730817079544067 1.503774881362915
1.4731957912445068 1.5009956359863281
1.4731279611587524 1.5027408599853516
1.4731208086013794 1.5028541088104248
1.4730956554412842 1.504080891609192
1.473081111907959 1.506710171699524
1.4730714559555054 1.5032035112380981
1.4730639457702637 1.5026898384094238
1.4730756282806396 1.5024361610412598
1.473075270652771 1.5048363208770752
1.4730253219604492 1.5079807043075562
1.4730517864227295 1.504807949066162
1.4734185934066772 1.5021604299545288
1.2762786149978638 1.2199182510375977
0.8358540534973145 0.73210209608078
0.6986255049705505 0.6915352940559387
0.6669287085533142 0.6470628380775452
0.6436357498168945 0.6466064453125
0.6181237101554871 0.6042910218238831
0.5886799097061157 0.5873095393180847
0.5599344372749329 0.5563696026802063
0.5392212867736816 0.535801112651825
0.5236324071884155 0.5360673666000366
0.5083504319190979 0.49613964557647705
0.5001077055931091 0.49451738595962524
0.4870849847793579 0.47962936758995056
0.47979235649108887 0.4691520035266876
0.472016841173172 0.46037164330482483
0.4657658040523529 0.4920099675655365
0.4594515264034271 0.4972051978111267
0.45222732424736023 0.4671529531478882
0.4504135549068451 0.4450635612010956
0.4458352029323578 0.4517536461353302
0.4413986802101135 0.43407702445983887
0.43799111247062683 0.5259625315666199
0.43320778012275696 0.4300430119037628
0.43173766136169434 0.4308159649372101
0.42749878764152527 0.4387364685535431
0.42876893281936646 0.4442583918571472
0.42500606179237366 0.4244537949562073
0.42220407724380493 0.4269452691078186
0.4194067418575287 0.41540879011154175
0.41840487718582153 0.41130563616752625
0.41679880023002625 0.40944719314575195
0.4151086211204529 0.4281446933746338
0.414361834526062 0.40826305747032166
0.4125610291957855 0.40936893224716187
0.40992429852485657 0.4131737947463989
0.4092489778995514 0.4023878276348114
0.4074319899082184 0.40248018503189087
0.4074980318546295 0.4336175322532654
0.406064510345459 0.4039245545864105
0.403354287147522 0.3967834711074829
0.4022546708583832 0.4141225516796112
0.4012908935546875 0.3958800435066223
0.4020664691925049 0.42415162920951843
0.3999040126800537 0.42855915427207947
0.3992055356502533 0.39626067876815796
0.39802485704421997 0.3902268707752228
0.39618396759033203 0.4015713930130005
0.39740830659866333 0.3917559087276459
0.39561066031455994 0.4054580628871918
0.3953931927680969 0.41136953234672546
0.39337024092674255 0.425087571144104
0.3930303752422333 0.38627588748931885
0.39246511459350586 0.39072322845458984
0.39115527272224426 0.3875664472579956
0.3909410238265991 0.38889360427856445
0.38907331228256226 0.3844517171382904
0.38723695278167725 0.404723584651947
0.3882509768009186 0.3874686062335968
0.3869459629058838 0.42027586698532104
0.3839263916015625 0.3864898085594177
0.3802257478237152 0.4046012759208679
0.3767670691013336 0.370140016078949
0.3727428615093231 0.37129807472229004
0.37172624468803406 0.4006691575050354
0.36676350235939026 0.3770398795604706
0.36704686284065247 0.37626343965530396
0.3645371198654175 0.39296984672546387
0.3638595640659332 0.3705225884914398
0.36398717761039734 0.3662884831428528
0.36144256591796875 0.37086308002471924
0.3599516749382019 0.36169907450675964
0.3603624701499939 0.3778526186943054
0.35923922061920166 0.3580764830112457
0.35855579376220703 0.3682704269886017
0.3570389747619629 0.363174170255661
0.35571905970573425 0.35539570450782776
0.35568052530288696 0.38171273469924927
0.3542593717575073 0.391347199678421
0.35333451628685 0.37132883071899414
0.3548203110694885 0.3699234426021576
0.3517184853553772 0.3523828983306885
0.3508666157722473 0.3497493267059326
0.3509037494659424 0.364484041929245
0.35016369819641113 0.3474775552749634
0.35047563910484314 0.34465253353118896
0.34955835342407227 0.34626641869544983
0.35122987627983093 0.35425350069999695
0.3478003740310669 0.3564176559448242
0.3490571677684784 0.3441847860813141
0.3457455635070801 0.35064607858657837
