1.49607253074646 1.5069767236709595
1.4795931577682495 1.5061968564987183
1.4783294200897217 1.5183700323104858
1.4770350456237793 1.4992315769195557
1.4761472940444946 1.507843255996704
1.475992202758789 1.511885404586792
1.475673794746399 1.5113569498062134
1.4750274419784546 1.501377820968628
1.4755157232284546 1.4983348846435547
1.4753155708312988 1.5073387622833252
1.4750914573669434 1.4983121156692505
1.475074052810669 1.5012134313583374
1.4746485948562622 1.5065922737121582
1.4744852781295776 1.5011906623840332
1.4748233556747437 1.5070221424102783
1.474640130996704 1.4989608526229858
1.4746317863464355 1.5031161308288574
1.4742357730865479 1.5011855363845825
1.4743858575820923 1.500294804573059
1.4740054607391357 1.5067118406295776
1.474265217781067 1.5069817304611206
1.4741318225860596 1.5010954141616821
1.4740523099899292 1.5030099153518677
1.4742978811264038 1.501706838607788
1.4739429950714111 1.5025993585586548
1.4737892150878906 1.501583218574524
1.4739031791687012 1.501054286956787
1.473929762840271 1.506937861442566
1.4738030433654785 1.5012575387954712
1.4739394187927246 1.502693772315979
1.4736762046813965 1.5028140544891357
1.4741164445877075 1.499699592590332
1.4739558696746826 1.5001270771026611
1.4737539291381836 1.5023398399353027
1.473811149597168 1.5014193058013916
1.4738786220550537 1.5000380277633667
1.473781704902649 1.5001031160354614
0.8741449117660522 0.44848302006721497
0.39635345339775085 0.3582031726837158
0.35583406686782837 0.36266154050827026
0.34435075521469116 0.3429279029369354
0.3388659358024597 0.3474694788455963
0.33383285999298096 0.33321842551231384
0.32957878708839417 0.36803293228149414
0.32405680418014526 0.33148545026779175
0.3210691511631012 0.32613933086395264
0.3162882924079895 0.31754955649375916
0.3130662739276886 0.31320077180862427
0.31111201643943787 0.3564832806587219
0.30864694714546204 0.3610107898712158
0.3072207272052765 0.3184214234352112
0.3034711480140686 0.29865777492523193
0.3036970794200897 0.2975623607635498
0.30200764536857605 0.29976120591163635
0.300181120634079 0.3271562457084656
0.29983124136924744 0.29556670784950256
0.2999790906906128 0.29863670468330383
0.2992934286594391 0.2956649959087372
0.29671719670295715 0.3118652403354645
0.2963714301586151 0.3001267910003662
0.2934616804122925 0.3018542528152466
0.2948523163795471 0.30204859375953674
0.29280030727386475 0.3029586970806122
0.2932223975658417 0.30366411805152893
0.2922593951225281 0.30793076753616333
0.2901793122291565 0.29161664843559265
0.29024815559387207 0.30113884806632996
0.28789645433425903 0.2970227897167206
0.2888810634613037 0.2896706461906433
0.2868663966655731 0.33291688561439514
0.2871452867984772 0.287788450717926
0.28628262877464294 0.2830630838871002
0.28408950567245483 0.2834462821483612
0.2843969464302063 0.2920627295970917
0.28260302543640137 0.31912004947662354
0.28370922803878784 0.28557881712913513
0.28316235542297363 0.29450514912605286
0.2822344899177551 0.3162231147289276
0.28116193413734436 0.28834259510040283
0.2809666395187378 0.2845541834831238
0.27964159846305847 0.2811809778213501
0.27935415506362915 0.28928321599960327
0.27940231561660767 0.27379000186920166
0.2787679433822632 0.28377044200897217
0.2772391736507416 0.3088529706001282
0.27704495191574097 0.2877008020877838
0.2769871950149536 0.2828797399997711
0.27654552459716797 0.27319592237472534
0.2761494815349579 0.2777548134326935
0.2759123146533966 0.2915903925895691
0.27658915519714355 0.2782469689846039
0.27517473697662354 0.28977662324905396
0.2749101519584656 0.28032755851745605
0.273757666349411 0.27776166796684265
0.27423328161239624 0.28193551301956177
0.2731725871562958 0.2942506968975067
0.27293750643730164 0.2971501648426056
0.2733091711997986 0.2754456400871277
0.2737109065055847 0.2712246775627136
0.2713322341442108 0.2910773754119873
0.2722019851207733 0.2999214828014374
0.26949623227119446 0.27455344796180725
0.2706916630268097 0.2815205156803131
0.2701524496078491 0.27549368143081665
0.269648939371109 0.2866295576095581
0.27006906270980835 0.3115749955177307
0.26914939284324646 0.27060773968696594
0.2688760757446289 0.27690503001213074
0.2686053216457367 0.2726225256919861
0.2687942385673523 0.28167736530303955
0.2689712941646576 0.27879947423934937
0.2673909366130829 0.2750832736492157
0.26828932762145996 0.2705148458480835
0.2679637372493744 0.26257967948913574
0.26866480708122253 0.27571573853492737
0.2673484683036804 0.2697244882583618
0.26789233088493347 0.2765752971172333
0.2677049934864044 0.2820722758769989
0.2670954167842865 0.2801840007305145
0.2666611671447754 0.27514225244522095
0.2660386860370636 0.2860293984413147
0.2653387188911438 0.2680829167366028
0.26496607065200806 0.2872844338417053
0.2654459774494171 0.27045825123786926
0.2646131217479706 0.3029870390892029
0.26580584049224854 0.29316726326942444
0.2645803987979889 0.2731971740722656
0.26528045535087585 0.2712048590183258
0.26479649543762207 0.2687159478664398
0.26406508684158325 0.2707107961177826
0.26432111859321594 0.2696790397167206
0.2629435658454895 0.2782838046550751
0.26327797770500183 0.2932548224925995
0.2629881203174591 0.26128822565078735
0.2640141248703003 0.28721338510513306
0.26185959577560425 0.3006230890750885
0.2612982988357544 0.3016766607761383
0.2627128064632416 0.278157114982605
0.26257672905921936 0.30982592701911926
0.26092779636383057 0.26555806398391724
0.26095566153526306 0.29405227303504944
0.26203545928001404 0.2662787139415741
0.26022660732269287 0.26678889989852905
0.2608957290649414 0.26288896799087524
0.26048755645751953 0.2738889753818512
0.2595609426498413 0.262560099363327
0.26023992896080017 0.28246957063674927
0.2597951889038086 0.26799383759498596
0.25922515988349915 0.26663416624069214
0.26013821363449097 0.2655744254589081
0.25902119278907776 0.2708094120025635
0.25921034812927246 0.2694225311279297
0.25908857583999634 0.2665468454360962
0.25952428579330444 0.258966863155365
0.25855791568756104 0.27643442153930664
0.25843143463134766 0.26835110783576965
0.2585437297821045 0.29139626026153564
0.2586176097393036 0.274551123380661
0.2586432099342346 0.27445536851882935
0.25817927718162537 0.2560715079307556
0.2581333816051483 0.26829198002815247
0.2584347128868103 0.266817569732666
0.25854557752609253 0.2637549638748169
0.2569517493247986 0.29122021794319153
0.2567519247531891 0.2618100643157959
0.25747209787368774 0.2654047906398773
0.25668054819107056 0.2724144756793976
0.25657838582992554 0.25936710834503174
0.2558150291442871 0.25790414214134216
0.25588083267211914 0.25968754291534424
0.2555638551712036 0.2693556249141693
0.25559478998184204 0.27210572361946106
0.2556225061416626 0.2683032155036926
0.25512269139289856 0.25849682092666626
0.25529366731643677 0.2573328912258148
0.25555238127708435 0.27952125668525696
0.2553423047065735 0.3003738820552826
0.2546904385089874 0.2713269293308258
0.2551190257072449 0.2593313753604889
0.254320353269577 0.2844659388065338
0.25436291098594666 0.29208633303642273
0.25403133034706116 0.2805840075016022
0.2545437514781952 0.2636423707008362
0.25437498092651367 0.27507779002189636
0.2545152008533478 0.26565831899642944
0.25411680340766907 0.2660224735736847
0.25482845306396484 0.2599150538444519
0.2539188265800476 0.2659759521484375
0.25381383299827576 0.27818939089775085
0.25417178869247437 0.2597825229167938
0.25353339314460754 0.27215132117271423
0.25371456146240234 0.25477951765060425
0.25269240140914917 0.2619253993034363
0.25408774614334106 0.279630184173584
0.2529630661010742 0.2678001821041107
0.25298377871513367 0.2584903836250305
0.2531620264053345 0.27765488624572754
0.2530081272125244 0.25753235816955566
0.25276386737823486 0.25393983721733093
0.2536066770553589 0.2559918761253357
0.25249621272087097 0.27465125918388367
0.2530355751514435 0.2555180490016937
0.2525902986526489 0.2771020531654358
0.2507072985172272 0.25976428389549255
0.2520922124385834 0.25664567947387695
0.25151848793029785 0.2602318525314331
0.25104784965515137 0.2574149966239929
0.25148507952690125 0.25422170758247375
0.2512089014053345 0.2588269114494324
0.2508739233016968 0.26137080788612366
0.250686377286911 0.2525407671928406
0.2507966458797455 0.25565141439437866
0.25131139159202576 0.2607901692390442
0.2512805163860321 0.2750310003757477
0.25121769309043884 0.25821831822395325
0.250699520111084 0.25237953662872314
0.25074872374534607 0.25503775477409363
0.2507961690425873 0.25502604246139526
0.251003235578537 0.2780434787273407
0.2506636679172516 0.2689625918865204
0.2514576017856598 0.26694807410240173
0.2497604787349701 0.262462317943573
0.2513604164123535 0.2644646167755127
0.24956287443637848 0.2611275613307953
0.25033533573150635 0.260473370552063
0.24959790706634521 0.25219786167144775
0.25044116377830505 0.26373469829559326
0.2507987320423126 0.26250699162483215
0.24985915422439575 0.25566422939300537
0.24986277520656586 0.2623887062072754
0.25009357929229736 0.27530619502067566
0.2501777410507202 0.2518050968647003
0.24933362007141113 0.25445568561553955
0.2496165931224823 0.26021867990493774
0.2500799596309662 0.253963440656662
0.2486530840396881 0.2641547620296478
0.24896711111068726 0.2522629201412201
0.24879638850688934 0.2832685112953186
0.24855686724185944 0.24866648018360138
0.24811020493507385 0.251092791557312
0.24908487498760223 0.2518807351589203
0.24864228069782257 0.2625197470188141
0.24799887835979462 0.24901103973388672
0.2487787902355194 0.262410432100296
0.24787795543670654 0.25561460852622986
0.24787098169326782 0.2619248628616333
0.24693481624126434 0.2548779845237732
0.2473849654197693 0.25395479798316956
0.24697108566761017 0.26787444949150085
0.24791745841503143 0.2545034885406494
0.24857063591480255 0.2929175794124603
0.24786357581615448 0.2888772189617157
0.2480228841304779 0.27952608466148376
0.24741527438163757 0.2530980110168457
0.24764598906040192 0.2568202316761017
0.2476876825094223 0.26285499334335327
0.2472890466451645 0.26211580634117126
0.24804812669754028 0.25409018993377686
0.24859605729579926 0.2605823278427124
0.24732789397239685 0.2484085112810135
0.24792547523975372 0.2520703077316284
0.24686597287654877 0.25115475058555603
0.2468857765197754 0.25673922896385193
0.246577188372612 0.25385403633117676
0.24637654423713684 0.271258682012558
0.24690088629722595 0.2504929006099701
0.2472071349620819 0.2588951885700226
0.24700628221035004 0.250627338886261
0.24718594551086426 0.24788255989551544
0.24588903784751892 0.25872278213500977
0.24595777690410614 0.2597040832042694
0.24550873041152954 0.2511407732963562
0.24572794139385223 0.2617201507091522
0.2461676448583603 0.25811272859573364
0.2447744756937027 0.25139477849006653
0.24576130509376526 0.26421597599983215
0.24576473236083984 0.25002843141555786
0.24500685930252075 0.2519857585430145
0.2456132471561432 0.26375865936279297
0.24509696662425995 0.25333887338638306
0.24592255055904388 0.252315878868103
0.24514394998550415 0.25800660252571106
0.24491848051548004 0.2587755620479584
0.24506241083145142 0.26582106947898865
0.24514040350914001 0.25344526767730713
0.24582193791866302 0.2542878985404968
0.24426458775997162 0.2514580488204956
0.24416208267211914 0.25887778401374817
0.2451457679271698 0.2593853771686554
0.24442432820796967 0.265755295753479
0.24476517736911774 0.28258073329925537
0.24466897547245026 0.2588735520839691
0.2452409714460373 0.25473326444625854
0.24531248211860657 0.259189248085022
0.24440421164035797 0.25180360674858093
0.2453789860010147 0.2571762204170227
0.24463675916194916 0.25492340326309204
0.24495740234851837 0.25466758012771606
0.24495036900043488 0.25139814615249634
0.24402712285518646 0.2544098198413849
0.24413751065731049 0.25646892189979553
0.24452973902225494 0.25791478157043457
0.24439842998981476 0.2617754340171814
0.24402464926242828 0.2541232705116272
0.2433317005634308 0.27189308404922485
0.24311743676662445 0.2587471306324005
0.2438804656267166 0.25295647978782654
0.242997944355011 0.28385546803474426
0.24326415359973907 0.27745532989501953
0.24340498447418213 0.25631460547447205
0.24309250712394714 0.25008389353752136
0.2426346093416214 0.2664525508880615
0.24384358525276184 0.250194251537323
0.24358730018138885 0.2750769853591919
0.24289144575595856 0.26646924018859863
0.2436799854040146 0.2531469762325287
0.24313285946846008 0.25146833062171936
0.24383069574832916 0.25091320276260376
0.24225787818431854 0.2493453323841095
0.24243038892745972 0.24793128669261932
0.24330954253673553 0.25650709867477417
0.24323320388793945 0.2544930577278137
0.24277296662330627 0.2532550096511841
0.24283547699451447 0.2667198181152344
0.2431516945362091 0.251726359128952
0.2432422935962677 0.25276491045951843
0.2430287003517151 0.26767417788505554
0.24301157891750336 0.2488182932138443
0.24296849966049194 0.26138806343078613
0.2428276538848877 0.2490130513906479
0.24264204502105713 0.2726954221725464
0.24334202706813812 0.2551724910736084
0.2417975515127182 0.2496861070394516
0.24207894504070282 0.27554410696029663
0.2426663041114807 0.26543623208999634
0.242467001080513 0.25155726075172424
0.24212664365768433 0.25015878677368164
0.24207505583763123 0.25768375396728516
0.24158401787281036 0.25140178203582764
0.24085590243339539 0.24750782549381256
0.2418084740638733 0.2692040205001831
0.24170921742916107 0.2550505995750427
0.24109581112861633 0.25721144676208496
0.24125227332115173 0.2568948268890381
0.24192461371421814 0.24880453944206238
0.24167147278785706 0.2550690472126007
0.24110691249370575 0.24453376233577728
0.24149125814437866 0.25740158557891846
0.2409699261188507 0.2528432309627533
0.24124249815940857 0.26271045207977295
0.2419794648885727 0.25742676854133606
0.24060922861099243 0.2568013072013855
0.240668386220932 0.256224662065506
0.2402869015932083 0.2503698468208313
0.240213081240654 0.24924831092357635
0.2406473457813263 0.2815285325050354
0.24182385206222534 0.2545103132724762
0.24056477844715118 0.2530643343925476
0.2407110631465912 0.2510310411453247
0.24095916748046875 0.2502269148826599
0.2407853752374649 0.25359365344047546
0.24073860049247742 0.24892224371433258
0.24108240008354187 0.24891744554042816
0.240589439868927 0.24655590951442719
0.23951637744903564 0.25347211956977844
0.24060334265232086 0.2571733593940735
0.24074724316596985 0.2688378393650055
0.24127598106861115 0.2783922553062439
0.2402782142162323 0.2601214051246643
0.24034009873867035 0.2496708631515503
0.23965133726596832 0.2618899345397949
0.23910492658615112 0.26040515303611755
0.23924675583839417 0.24971885979175568
0.23969800770282745 0.26562538743019104
0.23925349116325378 0.27702459692955017
0.2392093688249588 0.2559357285499573
0.2399141639471054 0.24642446637153625
0.23928174376487732 0.24750956892967224
0.2395114302635193 0.24792377650737762
0.2385202795267105 0.25107526779174805
0.23928700387477875 0.2462046891450882
0.23877914249897003 0.2559575140476227
0.239216148853302 0.2576846778392792
0.23887072503566742 0.27237337827682495
0.23911496996879578 0.24630631506443024
0.23892810940742493 0.25284045934677124
0.23938128352165222 0.24576373398303986
0.23912687599658966 0.2462833821773529
0.23850707709789276 0.25087347626686096
0.23791548609733582 0.24580080807209015
0.23894061148166656 0.24918487668037415
0.23947809636592865 0.25184905529022217
0.23939301073551178 0.26418590545654297
0.2396908700466156 0.24973390996456146
0.23971635103225708 0.24929994344711304
0.23922565579414368 0.24864815175533295
0.23916472494602203 0.2463781088590622
0.23882804811000824 0.24865661561489105
0.23933373391628265 0.261120080947876
0.23835448920726776 0.25542566180229187
0.23863071203231812 0.24697968363761902
0.23939365148544312 0.25557941198349
0.23942135274410248 0.24574707448482513
0.2382657825946808 0.2504412829875946
0.2375938445329666 0.2485112100839615
0.2371295988559723 0.2514440715312958
0.23812860250473022 0.2476671189069748
0.23755547404289246 0.25209569931030273
0.23805756866931915 0.2562531530857086
0.2378559708595276 0.25898173451423645
0.23699325323104858 0.25125816464424133
0.23825915157794952 0.2544628381729126
0.23806323111057281 0.24154962599277496
0.23798395693302155 0.25143909454345703
0.23737198114395142 0.24300755560398102
0.23732568323612213 0.2454885095357895
0.23767335712909698 0.24832692742347717
0.237391397356987 0.2486361414194107
0.2372256964445114 0.248320534825325
0.237501859664917 0.24841730296611786
0.23779156804084778 0.25773388147354126
0.2376442700624466 0.2589598000049591
0.23743417859077454 0.2525116801261902
0.23753026127815247 0.27141278982162476
0.23691439628601074 0.2487148940563202
0.23630164563655853 0.24904543161392212
0.23757442831993103 0.25144290924072266
0.23783960938453674 0.24830298125743866
0.23727989196777344 0.26300138235092163
0.2377949208021164 0.2632494270801544
0.23769702017307281 0.2723422348499298
0.23717282712459564 0.25219857692718506
0.23730432987213135 0.2564752697944641
0.23793531954288483 0.25425827503204346
0.23685847222805023 0.2547319233417511
0.23708897829055786 0.2609770894050598
0.23687617480754852 0.2533431947231293
0.23642461001873016 0.27402400970458984
0.23653843998908997 0.24852724373340607
0.2361527532339096 0.2612510323524475
0.23653040826320648 0.2580717206001282
0.23579853773117065 0.2492782473564148
0.23563575744628906 0.25650113821029663
0.23678365349769592 0.25711265206336975
0.23625881969928741 0.24593742191791534
0.23579147458076477 0.25030961632728577
0.23633582890033722 0.24193710088729858
0.2359066605567932 0.2507499158382416
0.23637068271636963 0.24613195657730103
0.23672457039356232 0.2453266978263855
0.2361171841621399 0.24645139276981354
0.235994353890419 0.24859118461608887
0.23622779548168182 0.24467769265174866
0.23635151982307434 0.2533852159976959
0.2361728847026825 0.2788310647010803
0.23603034019470215 0.25136253237724304
0.23613007366657257 0.25866779685020447
0.23554328083992004 0.24683299660682678
0.23608042299747467 0.24613963067531586
0.23552285134792328 0.24310000240802765
0.2355031818151474 0.24855691194534302
0.2357563078403473 0.26041117310523987
0.236733078956604 0.25554826855659485
0.23564913868904114 0.25003981590270996
0.23602476716041565 0.244319349527359
0.2354913204908371 0.24928432703018188
0.23612944781780243 0.2502002716064453
0.23658612370491028 0.24737946689128876
0.2356567680835724 0.25360140204429626
0.23520085215568542 0.24358750879764557
0.23676028847694397 0.2468571662902832
0.2350754588842392 0.24834078550338745
0.23526827991008759 0.25472912192344666
0.23480680584907532 0.26142141222953796
0.2352294623851776 0.25205907225608826
0.23483242094516754 0.24635745584964752
0.23547425866127014 0.246697336435318
0.2342071533203125 0.25984036922454834
0.23439235985279083 0.24503590166568756
0.23417271673679352 0.2489142119884491
0.2350659817457199 0.2600194215774536
0.23570749163627625 0.25243276357650757
0.23387788236141205 0.2428756058216095
0.2348398119211197 0.24998027086257935
0.2349816858768463 0.25206801295280457
0.2337959259748459 0.25087210536003113
0.23413510620594025 0.24182093143463135
0.234864741563797 0.24541720747947693
0.2343759834766388 0.24729573726654053
0.2341405153274536 0.2462010532617569
0.23477020859718323 0.24976646900177002
0.23415091633796692 0.24561801552772522
0.23501931130886078 0.25652626156806946
0.2345002144575119 0.24496738612651825
0.2341509610414505 0.2449577897787094
0.2338695079088211 0.24623389542102814
0.23434102535247803 0.28054559230804443
0.23458339273929596 0.2471456378698349
0.23394078016281128 0.2527245879173279
0.23404903709888458 0.2486623227596283
0.23389692604541779 0.2483552098274231
0.2339533120393753 0.24573196470737457
0.23399125039577484 0.25624650716781616
0.23539379239082336 0.24903789162635803
0.23340344429016113 0.2464819848537445
0.23300887644290924 0.24313180148601532
0.23339222371578217 0.25028499960899353
0.23355421423912048 0.2583410143852234
0.23434017598628998 0.24809126555919647
0.232960045337677 0.25460565090179443
0.2336135357618332 0.2510153651237488
0.23300233483314514 0.2493560016155243
0.23325830698013306 0.24692405760288239
0.23280638456344604 0.26205283403396606
0.2337869107723236 0.25297561287879944
0.23335283994674683 0.24399901926517487
0.23314185440540314 0.24652788043022156
0.23269735276699066 0.2733008861541748
0.2331339567899704 0.24356131255626678
0.23288482427597046 0.2479587197303772
0.23290616273880005 0.24705955386161804
0.23261800408363342 0.24645695090293884
0.23342283070087433 0.2486158013343811
0.2337477058172226 0.24850289523601532
0.2333528995513916 0.24682389199733734
0.23304243385791779 0.25776100158691406
0.23286843299865723 0.24602966010570526
0.23243848979473114 0.25844839215278625
0.23322735726833344 0.2693081200122833
0.2327684611082077 0.24917109310626984
0.2333763688802719 0.246310293674469
0.23278534412384033 0.24721641838550568
0.2322690784931183 0.2510606646537781
0.23319092392921448 0.24944840371608734
0.23294328153133392 0.25419092178344727
0.2330539971590042 0.2797214388847351
0.23293669521808624 0.26011282205581665
0.23271562159061432 0.25131291151046753
0.23198606073856354 0.25109001994132996
0.2323049157857895 0.2496771216392517
0.23218019306659698 0.24984461069107056
0.23186850547790527 0.2573844790458679
0.2309737354516983 0.24607257544994354
0.23204481601715088 0.2420855015516281
0.23174943029880524 0.25385963916778564
0.23178863525390625 0.2598361670970917
0.23181870579719543 0.2440211921930313
0.2316078096628189 0.24908749759197235
0.23181426525115967 0.2631658613681793
0.231789693236351 0.24572184681892395
0.23233656585216522 0.24592550098896027
0.23178991675376892 0.24593126773834229
0.23131780326366425 0.24425458908081055
0.23108574748039246 0.2511095106601715
0.23196709156036377 0.25214967131614685
0.2317148894071579 0.2433401644229889
0.23155470192432404 0.2481275200843811
0.23130463063716888 0.244099423289299
0.23172776401042938 0.25205615162849426
0.23205186426639557 0.2553156316280365
0.2317703664302826 0.2625713050365448
0.23106931149959564 0.2584286630153656
0.23170018196105957 0.2741263508796692
0.23092760145664215 0.24322041869163513
0.23125940561294556 0.24094153940677643
0.23158271610736847 0.2415270358324051
0.23145189881324768 0.24480900168418884
0.23144909739494324 0.24292832612991333
0.23137764632701874 0.24778732657432556
0.23068606853485107 0.25127485394477844
0.2316688895225525 0.2433205097913742
0.23199638724327087 0.2561138868331909
0.23058950901031494 0.2463989406824112
0.23111529648303986 0.25836050510406494
0.23063331842422485 0.25471368432044983
0.23071472346782684 0.2479410618543625
0.23066063225269318 0.25081589818000793
0.23046495020389557 0.24829068779945374
0.23079368472099304 0.2509725093841553
0.2309899628162384 0.2437610775232315
0.23010066151618958 0.24673669040203094
0.2302592545747757 0.25477156043052673
0.2308536171913147 0.2550649046897888
0.23095832765102386 0.2611120939254761
0.23047970235347748 0.24710357189178467
0.23071417212486267 0.2476843297481537
0.23097163438796997 0.25398850440979004
0.2309514731168747 0.24957813322544098
0.23033933341503143 0.2501338720321655
0.23053894937038422 0.2688993215560913
0.230247363448143 0.25098711252212524
0.2306453287601471 0.248065784573555
0.23055021464824677 0.24538443982601166
0.23036974668502808 0.2517643868923187
0.23006495833396912 0.24026229977607727
0.23030222952365875 0.2675144374370575
0.22979401051998138 0.24333716928958893
0.23096463084220886 0.25851520895957947
0.23074904084205627 0.2658802568912506
0.2306402176618576 0.25032415986061096
0.22993525862693787 0.2499016970396042
0.23026002943515778 0.25315627455711365
0.23037703335285187 0.2421049028635025
0.23067206144332886 0.24835728108882904
0.23086363077163696 0.24315401911735535
0.2296026051044464 0.24290496110916138
0.22985832393169403 0.2532833516597748
0.2292952537536621 0.24694788455963135
0.2297297716140747 0.25385889410972595
0.2295360267162323 0.243448406457901
0.23007845878601074 0.24372033774852753
0.22966863214969635 0.24298830330371857
0.22978858649730682 0.24620555341243744
0.22966541349887848 0.25036001205444336
0.2292638123035431 0.246842622756958
0.22899754345417023 0.26790526509284973
0.22950661182403564 0.24166640639305115
0.22919529676437378 0.2540728747844696
0.2298460453748703 0.24718625843524933
0.2297552525997162 0.253212571144104
0.22859039902687073 0.2505219280719757
0.2288883477449417 0.24563729763031006
0.22913186252117157 0.2755013108253479
0.22925546765327454 0.24325279891490936
0.22959831357002258 0.24185678362846375
0.22988343238830566 0.25362148880958557
0.22909729182720184 0.2516908645629883
0.22949688136577606 0.24877893924713135
0.22936943173408508 0.24505196511745453
0.22901701927185059 0.25536441802978516
0.22961236536502838 0.24564442038536072
0.2291625738143921 0.24806608259677887
0.22939534485340118 0.25019702315330505
0.2296484410762787 0.2487962394952774
0.22916021943092346 0.24213288724422455
0.22936969995498657 0.25820451974868774
0.2291628122329712 0.26183441281318665
0.22876237332820892 0.26374074816703796
0.22914253175258636 0.24701370298862457
0.22841282188892365 0.26010626554489136
0.22842875123023987 0.2510990798473358
0.22803089022636414 0.24252499639987946
0.22815416753292084 0.2506262958049774
0.2281249314546585 0.24609176814556122
0.22846290469169617 0.24226006865501404
0.2277064472436905 0.2543661296367645
0.22856491804122925 0.24969123303890228
0.22833898663520813 0.24095165729522705
0.22912049293518066 0.256328821182251
0.22782622277736664 0.25408250093460083
0.2287706583738327 0.2520403563976288
0.22877468168735504 0.24174068868160248
0.22790729999542236 0.256526917219162
0.22832916676998138 0.24911607801914215
0.22777460515499115 0.24396881461143494
0.22856871783733368 0.24269968271255493
0.22773844003677368 0.24658599495887756
0.22836454212665558 0.2464434802532196
0.22726291418075562 0.2412043660879135
0.22764833271503448 0.24499927461147308
0.22840331494808197 0.2585550546646118
0.22785842418670654 0.2508384585380554
0.2276105433702469 0.24784915149211884
0.22797836363315582 0.2464316189289093
0.22789612412452698 0.24862892925739288
0.2279697060585022 0.24929185211658478
0.22812619805335999 0.24815498292446136
0.2279098927974701 0.24658960103988647
0.22805644571781158 0.24203802645206451
0.22749993205070496 0.24395397305488586
0.22899705171585083 0.24089358747005463
0.22800412774085999 0.24499857425689697
0.2277613878250122 0.246934711933136
0.2269449383020401 0.24731598794460297
0.22769400477409363 0.2475699931383133
0.2268013060092926 0.24289539456367493
0.2272046059370041 0.2416885495185852
0.22769275307655334 0.2443302571773529
0.2274489551782608 0.24468377232551575
0.22745046019554138 0.24490214884281158
0.22758987545967102 0.253171443939209
0.2273075133562088 0.2461043745279312
0.22790104150772095 0.25117674469947815
0.2263910323381424 0.25868356227874756
0.22761863470077515 0.2569650113582611
0.22737625241279602 0.24078400433063507
0.2272564023733139 0.24848848581314087
0.2266990840435028 0.24586902558803558
0.2270207554101944 0.2486870288848877
0.2276858687400818 0.2466709166765213
0.22714471817016602 0.2491212785243988
0.22726085782051086 0.2515362799167633
0.22678470611572266 0.2514735460281372
0.22703707218170166 0.25806790590286255
0.22640502452850342 0.2514275312423706
0.2273658663034439 0.25058937072753906
0.22712841629981995 0.24967043101787567
0.22723405063152313 0.24733389914035797
0.2271628975868225 0.25157034397125244
0.22622595727443695 0.24636714160442352
0.22692012786865234 0.2540515959262848
0.22703006863594055 0.24253617227077484
0.2271673083305359 0.2552877366542816
0.22690312564373016 0.243899405002594
0.22645385563373566 0.24161137640476227
0.2262861579656601 0.24480289220809937
0.22652000188827515 0.24349810183048248
0.2264634668827057 0.24635049700737
0.22616812586784363 0.25794219970703125
0.22574158012866974 0.24849611520767212
0.22581522166728973 0.2444087564945221
0.22561779618263245 0.2551198899745941
0.22612865269184113 0.2494594305753708
0.22596579790115356 0.24506571888923645
0.22542719542980194 0.24288086593151093
0.2262197583913803 0.24404411017894745
0.22592554986476898 0.2486589550971985
0.2263057827949524 0.24195873737335205
0.22607111930847168 0.24523283541202545
0.22586223483085632 0.2441338449716568
0.2264644354581833 0.2508566975593567
0.2258441001176834 0.24491792917251587
0.22632862627506256 0.246403306722641
0.22617244720458984 0.24603897333145142
0.22594857215881348 0.24253709614276886
0.22573551535606384 0.25269460678100586
0.22596025466918945 0.24374282360076904
0.22648662328720093 0.2471979409456253
0.22591866552829742 0.2420145720243454
0.2259504795074463 0.24713650345802307
0.22535954415798187 0.2608281075954437
0.22596591711044312 0.24353696405887604
0.22687020897865295 0.24920056760311127
0.22572672367095947 0.253827840089798
0.22571784257888794 0.25138598680496216
0.2259141504764557 0.24698255956172943
0.2257939875125885 0.24040493369102478
0.2257116138935089 0.25027164816856384
0.22558210790157318 0.2451172173023224
0.22565682232379913 0.2452409267425537
0.2253224402666092 0.2427280694246292
0.2253456711769104 0.24280020594596863
0.22503262758255005 0.242954820394516
0.22569938004016876 0.24881990253925323
0.225687175989151 0.24385561048984528
0.22552238404750824 0.24348877370357513
0.22568674385547638 0.24131612479686737
0.22502945363521576 0.24664825201034546
0.22494056820869446 0.2478722184896469
0.22515839338302612 0.2453448474407196
0.22522643208503723 0.24110586941242218
0.22545163333415985 0.2591764032840729
0.22529850900173187 0.24278400838375092
0.2252880185842514 0.2504756450653076
0.2249939888715744 0.2416670173406601
0.2254216969013214 0.24559468030929565
0.22536565363407135 0.24225442111492157
0.22507163882255554 0.25702282786369324
0.22482982277870178 0.2404455840587616
0.22521564364433289 0.2471233457326889
0.22489288449287415 0.2508697509765625
0.22499701380729675 0.24697473645210266
0.22517946362495422 0.24439531564712524
0.2254919856786728 0.2530275583267212
0.22523583471775055 0.2447536289691925
0.225282683968544 0.2562337815761566
0.22491703927516937 0.24245798587799072
0.22467274963855743 0.2504139840602875
0.2249569594860077 0.2556801736354828
0.22497455775737762 0.24484068155288696
0.2242657095193863 0.24607887864112854
0.22479316592216492 0.2506960332393646
0.22472898662090302 0.24219997227191925
0.22490358352661133 0.24349942803382874
0.2240360677242279 0.24241916835308075
0.22455552220344543 0.24833513796329498
0.22431521117687225 0.24601566791534424
0.22447340190410614 0.24430930614471436
0.2244744896888733 0.25006529688835144
0.22437171638011932 0.25155407190322876
0.22436964511871338 0.25007614493370056
0.22428689897060394 0.2490539848804474
0.22428089380264282 0.2418375313282013
0.223626971244812 0.2527577877044678
0.2240365594625473 0.24637123942375183
0.22414295375347137 0.24466998875141144
0.2241688221693039 0.24672019481658936
0.22467710077762604 0.24542081356048584
0.22412261366844177 0.2424800992012024
0.22352366149425507 0.24264094233512878
0.2237805724143982 0.26360753178596497
0.22412320971488953 0.24799767136573792
0.22393468022346497 0.2476392686367035
0.22384151816368103 0.2427739053964615
0.22343547642230988 0.24327129125595093
0.22417062520980835 0.2451201230287552
0.2238277792930603 0.247748464345932
0.22445331513881683 0.25338730216026306
0.22444035112857819 0.24214980006217957
0.22386965155601501 0.24406611919403076
