1.5712988376617432 1.6764774322509766
1.4813926219940186 1.640322208404541
1.4775633811950684 1.6487993001937866
1.4751622676849365 1.649317741394043
1.3899450302124023 1.2982538938522339
1.03792405128479 1.0085500478744507
0.8474100828170776 0.8429962396621704
0.7481595873832703 0.795111358165741
0.6472083330154419 0.5412240028381348
0.39484184980392456 0.36032867431640625
0.3145620822906494 0.29661881923675537
0.2796614170074463 0.2933252453804016
0.259714812040329 0.25403857231140137
0.24375563859939575 0.24240727722644806
0.23337006568908691 0.2255975902080536
0.2216005176305771 0.3020056188106537
0.20981313288211823 0.25597667694091797
0.20328833162784576 0.28116121888160706
0.20007607340812683 0.19578950107097626
0.19686175882816315 0.19885879755020142
0.1924816519021988 0.216518834233284
0.18781830370426178 0.1862460970878601
0.18621651828289032 0.17647847533226013
0.18175780773162842 0.17303642630577087
0.180782288312912 0.18213874101638794
0.178127259016037 0.21063284575939178
0.17433737218379974 0.17434613406658173
0.17292436957359314 0.16708160936832428
0.16818439960479736 0.19375881552696228
0.16521550714969635 0.17388664186000824
0.16431772708892822 0.17576061189174652
0.16248387098312378 0.17774003744125366
0.16085568070411682 0.1757136583328247
0.15974806249141693 0.18150544166564941
0.1569666713476181 0.1502247005701065
0.1549106240272522 0.15426433086395264
0.1534930169582367 0.16321609914302826
0.15314021706581116 0.15657740831375122
0.1500842571258545 0.16578704118728638
0.15079104900360107 0.15723954141139984
0.15001632273197174 0.15480929613113403
0.15075252950191498 0.16468235850334167
0.15053053200244904 0.14618240296840668
0.14872623980045319 0.1705126017332077
0.14821210503578186 0.14626772701740265
0.14752109348773956 0.2062426507472992
0.1464909017086029 0.16795645654201508
0.14562717080116272 0.14853763580322266
0.14446212351322174 0.14040197432041168
0.14553214609622955 0.1595788598060608
0.14396540820598602 0.16132764518260956
0.1431615948677063 0.1424361914396286
0.1428462266921997 0.1512460559606552
0.1422840654850006 0.14821073412895203
0.14088450372219086 0.1600603461265564
0.14123891294002533 0.13663862645626068
0.14017067849636078 0.14735889434814453
0.13991804420948029 0.1382230520248413
0.1398697942495346 0.1469220370054245
0.13939975202083588 0.17866414785385132
0.13857458531856537 0.1507941633462906
0.13761001825332642 0.13747470080852509
0.13700129091739655 0.14247381687164307
0.13648512959480286 0.1546391099691391
0.13679446280002594 0.13994254171848297
0.1346024125814438 0.13015054166316986
0.1362621784210205 0.14300554990768433
0.13481362164020538 0.15279056131839752
0.13450011610984802 0.16251252591609955
0.13317807018756866 0.15011779963970184
0.13246296346187592 0.1324741393327713
0.13199946284294128 0.14926289021968842
0.13262103497982025 0.1332223266363144
0.1327141672372818 0.14244414865970612
0.13103066384792328 0.13162162899971008
0.1310872584581375 0.1349559724330902
0.13089849054813385 0.14254502952098846
0.12903517484664917 0.1255340725183487
0.12945158779621124 0.13463179767131805
0.1289627104997635 0.13360168039798737
0.12859874963760376 0.1513461172580719
0.12753500044345856 0.14414037764072418
0.12774847447872162 0.126974418759346
0.12789618968963623 0.13149119913578033
0.12621048092842102 0.14876343309879303
0.12780587375164032 0.13527165353298187
0.12669433653354645 0.12446216493844986
0.12600630521774292 0.14596907794475555
0.12587597966194153 0.13164503872394562
0.1257055699825287 0.14778876304626465
0.12591220438480377 0.13437364995479584
0.12583893537521362 0.15294009447097778
0.12408183515071869 0.13444611430168152
0.12527111172676086 0.13101251423358917
0.12421192973852158 0.1390102654695511
0.12470513582229614 0.11938273906707764
0.12450635433197021 0.1697748303413391
0.12350345402956009 0.12381251901388168
0.12353675067424774 0.12452037632465363
0.1233467236161232 0.13733763992786407
0.12367081642150879 0.129470556974411
0.12303413450717926 0.12388646602630615
0.12300968915224075 0.12718647718429565
0.12330031394958496 0.14930759370326996
0.12264072895050049 0.11859060078859329
0.12231376767158508 0.14224687218666077
0.12230830639600754 0.1350908726453781
0.12256678938865662 0.11860120296478271
0.1216990202665329 0.13065700232982635
0.12172625213861465 0.124196857213974
0.12155087292194366 0.13559280335903168
0.12160277366638184 0.15269802510738373
0.12132586538791656 0.1253376603126526
0.11996407061815262 0.12061586230993271
0.12103965878486633 0.15259124338626862
0.12083233892917633 0.12013070285320282
0.12053278833627701 0.12010956555604935
0.12030991166830063 0.11873587965965271
0.120465487241745 0.1252000778913498
0.11968772113323212 0.14887800812721252
0.12026257067918777 0.11778987944126129
0.12052024155855179 0.13322074711322784
0.11965896934270859 0.12904681265354156
0.1195078119635582 0.13329920172691345
0.11941377818584442 0.12484119087457657
0.1186562106013298 0.11864441633224487
0.11867661029100418 0.143660768866539
0.11902111768722534 0.12188596278429031
0.11907445639371872 0.1346532553434372
0.11818961799144745 0.11676555126905441
0.11809583753347397 0.12204954028129578
0.11879091709852219 0.11470815539360046
0.11846136301755905 0.12718291580677032
0.11683531850576401 0.11403512209653854
0.11857954412698746 0.1352449208498001
0.11858750879764557 0.12039399892091751
0.11768810451030731 0.14112025499343872
0.11875321716070175 0.15316538512706757
0.1169605478644371 0.12229027599096298
0.11674416065216064 0.1298632174730301
0.11675846576690674 0.11959544569253922
0.11749831587076187 0.15009965002536774
0.11664260178804398 0.1284489929676056
0.11640692502260208 0.12747684121131897
0.11731680482625961 0.11783745139837265
0.11637981235980988 0.1272841989994049
0.11671289056539536 0.12252099812030792
0.1164705902338028 0.11805343627929688
0.11639420688152313 0.11835453659296036
0.11633267998695374 0.1151118353009224
0.11610621213912964 0.12953375279903412
0.11544521898031235 0.15083424746990204
0.11677662283182144 0.1303415447473526
0.1153886616230011 0.13125576078891754
0.11602967232465744 0.1222432404756546
0.11538967490196228 0.1114930734038353
0.11590630561113358 0.1172194704413414
0.11550357937812805 0.1305045485496521
0.1152028888463974 0.11967329680919647
0.11518540978431702 0.11715143918991089
0.11409414559602737 0.12926341593265533
0.1154445931315422 0.11907477676868439
0.11547913402318954 0.11714688688516617
0.11510957032442093 0.11906418204307556
0.11478251218795776 0.12309083342552185
0.11494608223438263 0.13187018036842346
0.11430070549249649 0.11501719802618027
0.11344325542449951 0.12010953575372696
0.11432792991399765 0.1212034672498703
0.11512088775634766 0.13101230561733246
0.11403458565473557 0.13467970490455627
0.11351178586483002 0.11540225148200989
0.1139998659491539 0.11101314425468445
0.11358436942100525 0.12622466683387756
0.11321031302213669 0.1342221051454544
0.11369790881872177 0.11445404589176178
0.11344500631093979 0.1151159331202507
0.11449440568685532 0.12877525389194489
0.11336546391248703 0.12335843592882156
0.1123989149928093 0.11739415675401688
0.11460713297128677 0.13519474864006042
0.11302782595157623 0.13713438808918
0.11311627179384232 0.1343522071838379
0.11243598163127899 0.10833844542503357
0.11328110843896866 0.11223231256008148
0.11246426403522491 0.1387142837047577
0.11249881982803345 0.11643343418836594
0.1121821403503418 0.11272453516721725
0.11193510890007019 0.12417341768741608
0.11244530230760574 0.11373231559991837
0.1119721308350563 0.11858484148979187
0.11196111142635345 0.11807296425104141
0.11186231672763824 0.11135334521532059
0.11216588318347931 0.11262347549200058
0.11239597201347351 0.11358103901147842
0.11171992868185043 0.11077813059091568
0.1118047833442688 0.11034791171550751
0.11106665432453156 0.12176468223333359
0.11036913096904755 0.11158156394958496
0.11185306310653687 0.11184188723564148
0.11143843829631805 0.11297664791345596
0.11062648892402649 0.12709243595600128
0.11098518967628479 0.1110641211271286
0.11093301326036453 0.11075348407030106
0.11080477386713028 0.11165041476488113
0.11081916838884354 0.11801888793706894
0.11053229868412018 0.11282870173454285
0.11074653267860413 0.137936070561409
0.1113220825791359 0.11723362654447556
0.11132732033729553 0.11295608431100845
0.11033174395561218 0.11784150451421738
0.11040425300598145 0.11263254284858704
0.1109071597456932 0.11334173381328583
0.11085192114114761 0.1644763946533203
0.11046438664197922 0.11415836960077286
0.11011609435081482 0.10654330998659134
0.11077821999788284 0.10672368109226227
0.11037510633468628 0.11980269104242325
0.11105890572071075 0.13056300580501556
0.11018714308738708 0.11353135854005814
0.109995998442173 0.12754899263381958
0.10968104749917984 0.11706716567277908
0.10997088253498077 0.13705088198184967
0.11122738569974899 0.12526585161685944
0.10945312678813934 0.12219107896089554
0.10907905548810959 0.1235671266913414
0.10994887351989746 0.12162285298109055
0.10934625566005707 0.11792179197072983
0.10943835228681564 0.12122642993927002
0.10994529724121094 0.10902346670627594
0.1089358925819397 0.1209627166390419
0.11003768444061279 0.13236357271671295
0.10956285893917084 0.11455260962247849
0.10901667922735214 0.12974075973033905
0.10847069323062897 0.11798399686813354
0.1086757630109787 0.12307964265346527
0.10831011086702347 0.11580589413642883
0.10842522233724594 0.10867030918598175
0.10863477736711502 0.10976875573396683
0.10962188988924026 0.16060377657413483
0.10853119194507599 0.1106506958603859
0.10721223801374435 0.1065603643655777
0.1087775006890297 0.11034753173589706
0.10789578408002853 0.11610624194145203
0.10887803882360458 0.1410483568906784
0.10762839764356613 0.135434091091156
0.10908974707126617 0.1284112185239792
0.10816498845815659 0.13679541647434235
0.10807029902935028 0.12350161373615265
0.10812865197658539 0.1170409619808197
0.10843050479888916 0.12071375548839569
0.1080203503370285 0.10979770123958588
0.10821477323770523 0.11481636762619019
0.10730347037315369 0.13367851078510284
0.10772452503442764 0.12066461145877838
0.1086702048778534 0.11639987677335739
0.1066732406616211 0.12988774478435516
0.1073421984910965 0.11958272755146027
0.10687430948019028 0.1249033510684967
0.10722667723894119 0.12765520811080933
0.10696964710950851 0.10483230650424957
0.10711125284433365 0.11647753417491913
0.10673311352729797 0.1047753393650055
0.10753679275512695 0.1235954537987709
0.10738079249858856 0.11277764290571213
0.10694528371095657 0.12086378782987595
0.10712576657533646 0.10592656582593918
0.1067141517996788 0.14345501363277435
0.10621203482151031 0.10783136636018753
0.10549570620059967 0.12850402295589447
0.10704250633716583 0.11224132031202316
0.10640829801559448 0.1082853227853775
0.10591674596071243 0.10751745104789734
0.1069810539484024 0.12729457020759583
0.1056671291589737 0.11764854937791824
0.10715589672327042 0.11768660694360733
0.10598397254943848 0.12702876329421997
0.10648318380117416 0.11684944480657578
0.10655030608177185 0.1128893569111824
0.10645691305398941 0.11176945269107819
0.10634046047925949 0.10468316823244095
0.1071896180510521 0.11892441660165787
0.10621369630098343 0.12273463606834412
0.10563600063323975 0.10492099076509476
0.10610894858837128 0.11751578748226166
0.10566945374011993 0.10552562028169632
0.1057855412364006 0.10934245586395264
0.1057281643152237 0.1051824539899826
0.1061735451221466 0.13798168301582336
0.10573258250951767 0.12342198938131332
0.10576069355010986 0.11658435314893723
0.10601545870304108 0.10939585417509079
0.10513985902070999 0.12867407500743866
0.10520748794078827 0.11775526404380798
0.10524460673332214 0.10309047996997833
0.10641855001449585 0.12844014167785645
0.10573356598615646 0.12269176542758942
0.10490227490663528 0.11197257786989212
0.10522346198558807 0.12131359428167343
0.10539719462394714 0.14410598576068878
0.10540300607681274 0.1102161779999733
0.10628140717744827 0.12162129580974579
0.10506127029657364 0.10700353980064392
0.10536712408065796 0.10376440733671188
0.10467440634965897 0.10710117965936661
0.10521106421947479 0.11388517916202545
0.10494107753038406 0.11218112707138062
0.1052398532629013 0.11418120563030243
0.10514700412750244 0.11204485595226288
0.10419078171253204 0.13361144065856934
0.10389266908168793 0.11126210540533066
0.10435321927070618 0.11104702204465866
0.10464783012866974 0.11274803429841995
0.10423428565263748 0.11392766237258911
0.105032779276371 0.1035221591591835
0.10455278307199478 0.12267665565013885
0.10438288748264313 0.118624247610569
0.10387131571769714 0.10716003179550171
0.10428095608949661 0.11752354353666306
0.10403160005807877 0.10984748601913452
0.10517602413892746 0.13250632584095
0.10340980440378189 0.12349186092615128
0.10481759160757065 0.1022314578294754
0.10404575616121292 0.11702441424131393
0.10372169315814972 0.10370668023824692
0.10473140329122543 0.12186646461486816
0.10404757410287857 0.11661217361688614
0.1049632653594017 0.1104055717587471
0.10283693671226501 0.11315686255693436
0.10430316627025604 0.13393250107765198
0.10403426736593246 0.11322131752967834
0.1041000708937645 0.1119009405374527
0.10408803820610046 0.12286365777254105
0.10337692499160767 0.10424868762493134
0.10408161580562592 0.12385784089565277
0.10314267128705978 0.10807082802057266
0.10433422774076462 0.10877203941345215
0.1043567880988121 0.10815610736608505
0.10476161539554596 0.11071793735027313
0.10358758270740509 0.10749614238739014
0.1037752628326416 0.11608099937438965
0.10350113362073898 0.12499560415744781
0.10380115360021591 0.10391029715538025
0.10331253707408905 0.10166960954666138
0.10321665555238724 0.11224205046892166
0.10410349071025848 0.10225670784711838
0.10325628519058228 0.12332389503717422
0.10315901786088943 0.1056319922208786
0.10363780707120895 0.11044281721115112
0.1033104881644249 0.11558006703853607
0.10239099711179733 0.10847000777721405
0.10335863381624222 0.1114598885178566
0.10307532548904419 0.11868304759263992
0.1035485714673996 0.10492909699678421
0.10260996222496033 0.10731425136327744
0.1034405380487442 0.11027180403470993
0.10263402760028839 0.11172878742218018
0.1035303846001625 0.11438728123903275
0.10304293036460876 0.11577948927879333
0.10255393385887146 0.1137300431728363
0.10292252898216248 0.112140953540802
0.10273898392915726 0.10806199908256531
0.10267756134271622 0.10549177974462509
0.10243277251720428 0.10722553730010986
0.10202830284833908 0.10404837131500244
0.10223215073347092 0.11881613731384277
0.10284139961004257 0.10915827006101608
0.10225698351860046 0.11261840909719467
0.10314137488603592 0.10537678003311157
0.10225452482700348 0.110866978764534
0.10256980359554291 0.11429956555366516
0.10306274890899658 0.10590483248233795
0.10183105617761612 0.11345991492271423
0.10241524875164032 0.10490410774946213
0.10226264595985413 0.1052570641040802
0.10268207639455795 0.1134878396987915
0.10120581090450287 0.11279729753732681
0.10177063196897507 0.10367199778556824
0.1017678752541542 0.11767113953828812
0.10172094404697418 0.11371259391307831
0.10242292284965515 0.11633525043725967
0.10236919671297073 0.1004248857498169
0.10208256542682648 0.1417229026556015
0.10202895849943161 0.11901433020830154
0.10154273360967636 0.10851207375526428
0.10199928283691406 0.11299576610326767
0.10187520831823349 0.11957600712776184
0.10271299630403519 0.10853414237499237
0.10208792239427567 0.1137460395693779
0.10237670689821243 0.15904778242111206
0.1035056784749031 0.10053906589746475
0.10139642655849457 0.11455561965703964
0.10164599865674973 0.11940597742795944
0.10133771598339081 0.1115984097123146
0.10152549296617508 0.10581932216882706
0.10166281461715698 0.10719786584377289
0.10179156810045242 0.11556496471166611
0.10140815377235413 0.1201741099357605
0.10144872218370438 0.11613886803388596
0.10131745040416718 0.10970953106880188
0.10262437164783478 0.10583789646625519
0.10199770331382751 0.1102963536977768
0.10189484804868698 0.12208044528961182
0.10166637599468231 0.1020960733294487
0.10136990994215012 0.11050783842802048
0.10152410715818405 0.11205855756998062
0.10110633075237274 0.11380761116743088
0.10131736099720001 0.10958390682935715
0.10168544948101044 0.10636007785797119
0.10113491863012314 0.11157681047916412
0.10134753584861755 0.10188128054141998
0.10101383924484253 0.1188773438334465
0.10085104405879974 0.11279812455177307
0.10137932747602463 0.10921219736337662
0.10135991126298904 0.10616987198591232
0.10037198662757874 0.10118245333433151
0.10141375660896301 0.11267172545194626
0.1002151370048523 0.11306583136320114
0.1012522354722023 0.10539472103118896
0.10123182088136673 0.10183586925268173
0.10142283886671066 0.11171779036521912
0.10089412331581116 0.10657534748315811
0.10126426815986633 0.10694332420825958
0.101327084004879 0.1020130068063736
0.10079772770404816 0.09934951364994049
0.10036668926477432 0.13759586215019226
0.10097931325435638 0.1149071455001831
0.10016222298145294 0.11596875637769699
0.09942490607500076 0.12384461611509323
0.10107316076755524 0.10901243984699249
0.10042726248502731 0.12208103388547897
0.10014450550079346 0.1184174120426178
0.10101383924484253 0.10538869351148605
0.10088573396205902 0.10573834925889969
0.10003766417503357 0.10393176227807999
0.1000060886144638 0.12310196459293365
0.1012885570526123 0.11352009326219559
0.09980884194374084 0.10216786712408066
0.10030283778905869 0.12001574784517288
0.10049755126237869 0.10654375702142715
0.10016001760959625 0.1123095452785492
0.09987769275903702 0.10536746680736542
0.09939167648553848 0.10686659812927246
0.0996544137597084 0.10832024365663528
0.10025770962238312 0.12341234087944031
0.09943728893995285 0.10778918862342834
0.0998213067650795 0.10142967849969864
0.09974494576454163 0.10634860396385193
0.10033352673053741 0.11409857124090195
0.1002761647105217 0.10358183830976486
0.10016773641109467 0.11060532927513123
0.09952736645936966 0.10285510122776031
0.09999652951955795 0.10014495998620987
0.0996684730052948 0.10012735426425934
0.09937075525522232 0.11407488584518433
0.09943769127130508 0.10535075515508652
0.10055744647979736 0.10384763777256012
0.0995238646864891 0.10693271458148956
0.10027150809764862 0.10721796005964279
0.09986212849617004 0.09940999001264572
0.1002783253788948 0.10797153413295746
0.10000130534172058 0.10358398407697678
0.09992270171642303 0.09631167352199554
0.09922996163368225 0.10954169183969498
0.09987346082925797 0.10356394201517105
0.09995678067207336 0.10245324671268463
0.09876231849193573 0.10326263308525085
0.09939578175544739 0.10133975744247437
0.09949912130832672 0.11713973432779312
0.09947162866592407 0.10311362147331238
0.09988293796777725 0.0994233563542366
0.09975166618824005 0.12260568141937256
0.09989824146032333 0.1076270118355751
0.0993083268404007 0.13078732788562775
0.09844893217086792 0.10415223985910416
0.09898997843265533 0.11208539456129074
0.0991998165845871 0.10281997919082642
0.09901507943868637 0.10310687124729156
0.09859073162078857 0.11132219433784485
0.1002412959933281 0.10995905846357346
0.09878697246313095 0.11086773127317429
0.09892125427722931 0.12129916995763779
0.09941259026527405 0.1211804673075676
0.09955988079309464 0.10292422026395798
0.09999726712703705 0.1032521203160286
0.09882962703704834 0.10151804983615875
0.09886101633310318 0.10746119916439056
0.09997650235891342 0.1043911948800087
0.09828300774097443 0.12927068769931793
0.09952469915151596 0.10678794980049133
0.09942944347858429 0.10388914495706558
0.09882312268018723 0.11189235001802444
0.09938860684633255 0.1130184680223465
0.09860089421272278 0.1083594411611557
0.09846175462007523 0.10429545491933823
0.09974167495965958 0.1033424437046051
0.09853288531303406 0.1095450147986412
0.09911680221557617 0.09928242117166519
0.09882784634828568 0.12346715480089188
0.09854453802108765 0.09989449381828308
0.09858591854572296 0.10362604260444641
0.09928608685731888 0.11070352792739868
0.09856908023357391 0.11233042180538177
0.09936847537755966 0.10463398694992065
0.09813307225704193 0.10370840132236481
0.09823726117610931 0.10085435211658478
0.09950215369462967 0.09944804012775421
0.09874782711267471 0.11802404373884201
0.09868039935827255 0.10029587149620056
0.09848159551620483 0.10342007875442505
0.0978366956114769 0.106277696788311
0.09874428063631058 0.10678722709417343
0.09838186949491501 0.10131749510765076
0.0987473875284195 0.11398475617170334
0.09871857613325119 0.10136426985263824
0.09863298386335373 0.10667046904563904
0.0980704128742218 0.10628116875886917
0.09835902601480484 0.10671969503164291
0.0983627587556839 0.11004664748907089
0.09845174849033356 0.11445912718772888
0.09877801686525345 0.1076274886727333
0.09854469448328018 0.09974192827939987
0.09879063814878464 0.11168872565031052
0.09910423308610916 0.10131601989269257
0.0982486829161644 0.10041352361440659
0.09822668135166168 0.10723292827606201
0.09813987463712692 0.10336443781852722
0.09888873249292374 0.1103791743516922
0.09835441410541534 0.10274498909711838
0.09856732934713364 0.10010592639446259
0.09854721277952194 0.10823073983192444
0.09817718714475632 0.10345198959112167
0.09797138720750809 0.10997015237808228
0.09823347628116608 0.10184284299612045
0.09796177595853806 0.1025666743516922
0.09815669804811478 0.10375174134969711
0.09816094487905502 0.09985832124948502
0.0977468267083168 0.10339420288801193
0.0980772152543068 0.11044226586818695
0.09958600252866745 0.11929664015769958
0.0983627587556839 0.1089896559715271
0.09805844724178314 0.13849323987960815
0.09790873527526855 0.10512132942676544
0.09807483851909637 0.11135146766901016
0.09767931699752808 0.10191913694143295
0.09812244027853012 0.10475075989961624
0.09784895181655884 0.10062211751937866
0.09799379110336304 0.09888782352209091
0.09785671532154083 0.10095866769552231
0.09798979759216309 0.10208811610937119
0.0979965329170227 0.1012938842177391
0.0981566533446312 0.101384237408638
0.09833031892776489 0.12259700149297714
0.09783310443162918 0.10302682965993881
0.09739142656326294 0.1010800302028656
0.09750546514987946 0.10513187199831009
0.09805625677108765 0.11540672928094864
0.09758607298135757 0.1247667446732521
0.098166823387146 0.10107859969139099
0.09809394925832748 0.11059292405843735
0.09704762697219849 0.1382170468568802
0.09787845611572266 0.10257646441459656
0.09791471064090729 0.09897290170192719
0.09782003611326218 0.0997149646282196
0.09761576354503632 0.10438515990972519
0.09756406396627426 0.10395994037389755
0.09726476669311523 0.104379802942276
0.09695297479629517 0.10817768424749374
0.09798742085695267 0.11102378368377686
0.09791363030672073 0.13748975098133087
0.0977010652422905 0.10417452454566956
0.09755956381559372 0.10248781740665436
0.09759174287319183 0.103585384786129
0.09726167470216751 0.10429876297712326
0.09781410545110703 0.10242091864347458
0.09754222631454468 0.10538246482610703
0.09758692979812622 0.11405754834413528
0.09754368662834167 0.10273557156324387
0.09776630997657776 0.10607187449932098
0.09798120707273483 0.10588353872299194
0.09668222069740295 0.10432702302932739
0.09696020931005478 0.09983792155981064
0.09813575446605682 0.1032470166683197
0.09677576273679733 0.10317520052194595
0.09759987145662308 0.1050705537199974
0.0970645323395729 0.11836255341768265
0.09735740721225739 0.10262959450483322
0.09751781821250916 0.10387673228979111
0.09741943329572678 0.10388645529747009
0.09725971519947052 0.12841638922691345
0.09742004424333572 0.1070331335067749
0.09707032144069672 0.10760228335857391
0.09751538187265396 0.10404814779758453
0.09742133319377899 0.10597154498100281
0.09755566716194153 0.09651311486959457
0.09697860479354858 0.11775917559862137
0.09752269834280014 0.13795232772827148
0.09668007493019104 0.10011600703001022
0.0977121964097023 0.09957627952098846
0.09763331711292267 0.10619927942752838
0.09692081063985825 0.10719507187604904
0.09680154174566269 0.11178703606128693
0.09716598689556122 0.11232393980026245
0.09712178260087967 0.10587894916534424
0.09749428182840347 0.10301873832941055
0.09719384461641312 0.09783565998077393
0.09765873849391937 0.09939390420913696
0.09648023545742035 0.10410639643669128
0.0978059247136116 0.1245618611574173
0.09708280116319656 0.0978991761803627
0.0973263829946518 0.09704161435365677
0.09623915702104568 0.10253368318080902
0.096937395632267 0.1050916537642479
0.09646651148796082 0.1041843369603157
0.09691876918077469 0.11749503016471863
0.0973678007721901 0.11181674897670746
0.0970500260591507 0.10464225709438324
0.09700596332550049 0.1034441590309143
0.09680502116680145 0.10258297622203827
0.09753990173339844 0.10360240191221237
0.09695696085691452 0.09739673137664795
0.0967419221997261 0.10090474039316177
0.09646562486886978 0.10067226737737656
0.09758345782756805 0.12112399935722351
0.09751948714256287 0.10781539231538773
0.0971529483795166 0.10132209956645966
0.09728226810693741 0.11375269293785095
0.09718196094036102 0.10468978434801102
0.09680783748626709 0.12654952704906464
0.10043078660964966 0.09805386513471603
0.09691064059734344 0.11218954622745514
0.09706741571426392 0.10466058552265167
0.09686683863401413 0.09960625320672989
0.09664113819599152 0.11344079673290253
0.0967792347073555 0.09745506197214127
0.09685061126947403 0.10563644766807556
0.09636689722537994 0.1010051742196083
0.09643496572971344 0.10636541992425919
0.09649550169706345 0.10012396425008774
0.0969952940940857 0.10209591686725616
0.09644154459238052 0.11342533677816391
0.09682077914476395 0.1072365790605545
0.09627725183963776 0.10787340998649597
0.09683728963136673 0.09856639802455902
0.09739784896373749 0.09802018105983734
0.0966499075293541 0.11972926557064056
0.09711457043886185 0.0973641499876976
0.09643689543008804 0.10923701524734497
0.09672092646360397 0.10011856257915497
0.09641100466251373 0.11715502291917801
0.09657888859510422 0.09855415672063828
0.09678197652101517 0.10202155262231827
0.09708074480295181 0.10098645836114883
0.0970289409160614 0.10757879912853241
0.09635872393846512 0.09965120255947113
0.09579788148403168 0.10653065890073776
0.09656692296266556 0.10078887641429901
0.09636009484529495 0.10005329549312592
0.09674736112356186 0.10807128250598907
0.09588897228240967 0.10241978615522385
0.09704530239105225 0.09745116531848907
0.09610066562891006 0.10086756199598312
0.0962596908211708 0.09952960163354874
0.09601358324289322 0.11308959126472473
0.09644768387079239 0.12609140574932098
0.09604491293430328 0.12163710594177246
0.0960470512509346 0.10456225275993347
0.09664537012577057 0.10811788588762283
0.09592065960168839 0.14521199464797974
0.09641070663928986 0.10607366263866425
0.09695156663656235 0.10779070854187012
0.09666816890239716 0.099724180996418
0.09632295370101929 0.11772298067808151
0.09663109481334686 0.10357661545276642
0.09643880277872086 0.09998264908790588
0.09699367731809616 0.11282173544168472
0.09582047164440155 0.09925813227891922
0.09601610898971558 0.11721090972423553
0.09631158411502838 0.10391184687614441
0.09562384337186813 0.10351968556642532
0.09621790796518326 0.1201905831694603
0.09579259157180786 0.10288461297750473
0.09551283717155457 0.1026085913181305
0.09631498903036118 0.10453518480062485
0.09621269255876541 0.11596899479627609
0.09582538902759552 0.09541826695203781
0.09627965092658997 0.11117448657751083
0.0961708053946495 0.09975498169660568
0.09534537047147751 0.11194177716970444
0.09605562686920166 0.11563041806221008
0.09594788402318954 0.09852395206689835
0.09570366144180298 0.09662196785211563
0.09581094980239868 0.10093539208173752
0.09565241634845734 0.09812528640031815
0.09655968844890594 0.10884926468133926
0.0955716148018837 0.1021246388554573
0.0962953269481659 0.10463157296180725
0.0957924872636795 0.10198618471622467
0.09593602269887924 0.11348137259483337
0.09565094858407974 0.0999404788017273
0.09561607986688614 0.09995290637016296
0.09540531039237976 0.13063877820968628
0.0959998071193695 0.10752598196268082
0.09573259949684143 0.10377398878335953
0.0952729657292366 0.10600895434617996
0.09548669308423996 0.11194700002670288
0.09642604738473892 0.10797616839408875
0.09483560174703598 0.10616838932037354
0.09603087604045868 0.09811484068632126
0.09627847373485565 0.10639601945877075
0.0955059751868248 0.11970891803503036
0.09592829644680023 0.10750687122344971
0.09610725194215775 0.10540726035833359
0.0956355482339859 0.1087312251329422
0.09628887474536896 0.15726561844348907
0.09559345990419388 0.10304766148328781
0.09632808715105057 0.12393080443143845
0.09639947861433029 0.10875700414180756
0.09583771228790283 0.09929414093494415
0.09585275501012802 0.10089792311191559
0.09544841945171356 0.11809254437685013
0.09633097052574158 0.1090405061841011
0.09548232704401016 0.1404726356267929
0.0957784503698349 0.09902467578649521
0.09563983976840973 0.12230482697486877
0.09611937403678894 0.10379154235124588
0.09527180343866348 0.10705406963825226
0.09530889987945557 0.11964528262615204
0.09574562311172485 0.12095364928245544
0.09517796337604523 0.10154388099908829
0.09486106038093567 0.10089930891990662
0.09581363201141357 0.10273642838001251
0.09459921717643738 0.10398636013269424
0.0953984409570694 0.09838622063398361
0.09543322771787643 0.09749571233987808
0.09524452686309814 0.09584207087755203
0.0948963612318039 0.10050871223211288
0.0952281653881073 0.10086993128061295
0.09571322053670883 0.09792675077915192
0.09570041298866272 0.10889863222837448
0.0952744260430336 0.11867664754390717
0.09478290379047394 0.1012231707572937
0.09559400379657745 0.1237235963344574
0.09510518610477448 0.101907879114151
0.09546451270580292 0.09847666323184967
0.09578994661569595 0.09507233649492264
0.09487747400999069 0.10317283123731613
0.09568359702825546 0.09954024851322174
0.09570880234241486 0.10894601792097092
0.09498574584722519 0.09472459554672241
0.09547916799783707 0.10911912471055984
0.09520223736763 0.10499874502420425
0.09529856592416763 0.09942793101072311
0.09514398872852325 0.09611430764198303
0.09521039575338364 0.11014973372220993
0.09575117379426956 0.09980295598506927
0.09529788047075272 0.10079184174537659
0.0948549434542656 0.09525875002145767
0.09541672468185425 0.10491546243429184
0.09473782032728195 0.09803951531648636
0.09507697820663452 0.10399892181158066
0.09525205940008163 0.10872416943311691
0.09512728452682495 0.09529982507228851
0.09503719210624695 0.09904693812131882
0.09478339552879333 0.12243710458278656
0.09525395929813385 0.11778413504362106
0.09496017545461655 0.10894585400819778
0.09561482071876526 0.09799128025770187
0.09608811140060425 0.0973348617553711
0.09483268857002258 0.09699838608503342
0.09519197046756744 0.1068803071975708
0.09509795159101486 0.09902917593717575
0.09521747380495071 0.10162460058927536
0.09574927389621735 0.1085694283246994
0.09513625502586365 0.10247710347175598
0.09459136426448822 0.10945684462785721
0.09506560862064362 0.10305151343345642
0.09473439306020737 0.10318265855312347
0.09527479112148285 0.09339357167482376
0.09494457393884659 0.1036631241440773
0.09462324529886246 0.1003212109208107
0.09534918516874313 0.10374323278665543
0.09466708451509476 0.09746278822422028
0.09484871476888657 0.09867081046104431
0.09465861320495605 0.10042870044708252
0.0955239087343216 0.10297784209251404
0.09499090164899826 0.09851769357919693
0.09456662833690643 0.09938496351242065
0.0952705591917038 0.09938468784093857
0.09459826350212097 0.10940752923488617
0.09557702392339706 0.10838911682367325
0.0944792702794075 0.1011866107583046
0.09522305428981781 0.10600287467241287
0.09526778757572174 0.1098392903804779
0.09503015875816345 0.10064907371997833
0.09457827359437943 0.10679873824119568
0.0940445140004158 0.0982336699962616
0.09482170641422272 0.10468654334545135
0.0942259207367897 0.10027214884757996
0.09483512490987778 0.10157737880945206
0.0949641689658165 0.10574893653392792
0.0947297140955925 0.11464864760637283
0.09580423682928085 0.11106870323419571
0.09449487179517746 0.10584069043397903
0.09530608355998993 0.09555559605360031
0.09509888291358948 0.11982956528663635
0.0946403443813324 0.11284404247999191
0.09519822895526886 0.09695828706026077
0.09433791041374207 0.10262572020292282
0.09553145617246628 0.1026371493935585
0.09496846050024033 0.10136648267507553
0.09472998231649399 0.13183805346488953
0.09467553347349167 0.11292916536331177
0.09449199587106705 0.09863409399986267
0.09534382075071335 0.11547324806451797
0.09450526535511017 0.09923600405454636
0.09507545083761215 0.10845296084880829
0.09501124173402786 0.10875868052244186
0.094753198325634 0.10295955091714859
0.09503130614757538 0.10082682967185974
0.0947452038526535 0.09709951281547546
0.09504014253616333 0.09439568966627121
0.09443359822034836 0.10180027037858963
0.09480911493301392 0.11690589040517807
0.09440580010414124 0.1021336019039154
0.09481178224086761 0.09667756408452988
0.09459485113620758 0.09891993552446365
0.09495819360017776 0.10153937339782715
0.09462236613035202 0.1127149686217308
0.09477780014276505 0.10663796216249466
0.09431418776512146 0.10498839616775513
0.09504439681768417 0.09748746454715729
0.09477158635854721 0.09713950008153915
0.0946032702922821 0.10229898989200592
0.09462597966194153 0.09809540957212448
0.09491641074419022 0.10388147830963135
0.09457743912935257 0.10035364329814911
0.0945693701505661 0.10510845482349396
0.09482088685035706 0.09423218667507172
0.09420628100633621 0.10655490309000015
0.09521713852882385 0.09511161595582962
0.09517945349216461 0.1023578941822052
0.09477897733449936 0.11073126643896103
0.09407678246498108 0.09571082144975662
0.09482640773057938 0.11096516251564026
0.09496507048606873 0.09791529178619385
0.09425799548625946 0.10430219769477844
0.0942419171333313 0.10354363173246384
0.09418821334838867 0.10908972471952438
0.09438889473676682 0.09814572334289551
0.09481757134199142 0.10335563868284225
0.09426649659872055 0.0958855077624321
0.09446006268262863 0.10606557130813599
0.09419923275709152 0.11049416661262512
0.09443303942680359 0.10427791625261307
0.09427597373723984 0.11205097287893295
0.09492277354001999 0.09649333357810974
0.09437085688114166 0.0991513654589653
0.09455251693725586 0.09658072888851166
0.09430777281522751 0.09722016751766205
0.09414707869291306 0.10399194806814194
0.09516755491495132 0.09592711925506592
0.09414360672235489 0.09719168394804001
0.09486928582191467 0.09928715974092484
0.09411568194627762 0.1074867695569992
0.09452275931835175 0.10844777524471283
0.09472706913948059 0.10227401554584503
0.09438440948724747 0.09608814865350723
0.09484115988016129 0.10825657844543457
0.09453076124191284 0.09837722033262253
0.09391435980796814 0.10880196839570999
0.09463608264923096 0.10660932958126068
0.09448195993900299 0.10326279699802399
0.09438169002532959 0.11353146284818649
0.09405235946178436 0.10636333376169205
0.09377370774745941 0.10351521521806717
0.09476280212402344 0.09930527955293655
0.09434705972671509 0.09734151512384415
0.09464562684297562 0.1081666573882103
0.09515167772769928 0.10261044651269913
0.09416581690311432 0.10096671432256699
0.09439681470394135 0.09750489890575409
0.09455783665180206 0.09761694073677063
0.09442039579153061 0.10391874611377716
0.09432239085435867 0.09443703293800354
0.09444333612918854 0.0996188297867775
0.09381843358278275 0.09872931241989136
0.09424736350774765 0.09765780717134476
0.09393233060836792 0.1026456207036972
0.09492865949869156 0.09868676960468292
0.09407668560743332 0.09777819365262985
0.09447018057107925 0.10364287346601486
0.09456278383731842 0.10715077817440033
0.09400768578052521 0.1115385964512825
0.0946100577712059 0.10004347562789917
0.09478606283664703 0.09552380442619324
0.09409456700086594 0.11742046475410461
0.09412131458520889 0.1115875095129013
0.09471244364976883 0.10365990549325943
0.09403650462627411 0.10558539628982544
0.09420947730541229 0.10793568193912506
0.09399250894784927 0.1015574187040329
0.09354258328676224 0.09773049503564835
0.09433170408010483 0.10324380546808243
0.09366978704929352 0.1247275099158287
0.09416179358959198 0.10029976814985275
0.09407062828540802 0.09913751482963562
0.09482157975435257 0.10004650801420212
0.09408312290906906 0.09893471002578735
0.09413329511880875 0.12113436311483383
0.09391717612743378 0.0957847312092781
0.09420837461948395 0.09542988240718842
0.09470037370920181 0.09839531034231186
0.09411495923995972 0.11527664214372635
0.09346120804548264 0.11135800182819366
0.0936579629778862 0.09922375530004501
0.0944795235991478 0.09958923608064651
0.09402863681316376 0.09550994634628296
0.0942506194114685 0.12370951473712921
0.09386809915304184 0.11020706593990326
0.09419996291399002 0.11206617951393127
0.0939728394150734 0.09699266403913498
0.09441667795181274 0.10893525928258896
0.09387656301259995 0.10085701197385788
0.09410549700260162 0.13487385213375092
0.09419135749340057 0.0991939902305603
0.09360691159963608 0.09675828367471695
0.0940764844417572 0.1004428118467331
0.09414111822843552 0.09837649762630463
0.09364145994186401 0.09588281065225601
0.09421771764755249 0.09478437155485153
0.09394596517086029 0.09900262951850891
0.09439865499734879 0.10129144042730331
0.0942821055650711 0.10087886452674866
0.09404938668012619 0.1123470589518547
0.09398427605628967 0.09644060581922531
0.0937475934624672 0.10048805922269821
0.0939708724617958 0.10678651928901672
0.09467047452926636 0.1033945083618164
0.09414666146039963 0.10233375430107117
0.09450575709342957 0.14171366393566132
0.09370525926351547 0.131355419754982
0.09364690631628036 0.0995030477643013
0.09352726489305496 0.09561378508806229
0.09441699087619781 0.14847581088542938
0.09432920813560486 0.10162986814975739
0.09439083933830261 0.11334702372550964
0.09377767145633698 0.09470753371715546
0.0943039059638977 0.10591495037078857
0.09381700307130814 0.09343329817056656
0.09443242102861404 0.10179784148931503
0.09356971830129623 0.0967341959476471
0.09394479542970657 0.10528089851140976
0.09408994019031525 0.10212089866399765
0.09397982060909271 0.09938521683216095
0.09443584084510803 0.10211817175149918
0.09347058087587357 0.09924951940774918
0.09420350939035416 0.09523248672485352
0.09366726875305176 0.1136598289012909
0.09464801847934723 0.10185770690441132
0.09413500130176544 0.09690604358911514
0.09415731579065323 0.1050301268696785
0.09431584179401398 0.11234451830387115
0.0939921960234642 0.1011311262845993
0.09427721053361893 0.11295723915100098
0.09344503283500671 0.10264264792203903
0.09354398399591446 0.10494377464056015
0.09412626177072525 0.09684812277555466
0.09343919157981873 0.09766244888305664
0.09385235607624054 0.10182955861091614
0.0942712351679802 0.10685804486274719
0.09410827606916428 0.10888035595417023
0.09386084228754044 0.09868066757917404
0.09401175379753113 0.10068012773990631
0.09434209018945694 0.09636010974645615
0.09419019520282745 0.10248341411352158
0.09422621130943298 0.10871225595474243
0.09341573715209961 0.10155346989631653
0.09388071298599243 0.0962640717625618
0.09359367191791534 0.113499715924263
0.09333460032939911 0.1117047592997551
0.09343893080949783 0.10548326373100281
0.09365516155958176 0.0983697697520256
0.09431629627943039 0.09584567695856094
0.09406719356775284 0.09994231164455414
0.09360142052173615 0.10232444107532501
0.09356775879859924 0.09545060247182846
0.09433978796005249 0.0988536924123764
0.09405188262462616 0.09571169316768646
0.09341273456811905 0.09862793236970901
0.09343591332435608 0.120455801486969
0.09432823956012726 0.13974283635616302
0.09349071234464645 0.09413361549377441
0.09375876188278198 0.1048978865146637
0.09371870011091232 0.0983932614326477
0.09367286413908005 0.11010365933179855
0.0937642902135849 0.09462634474039078
0.09371460229158401 0.09701737016439438
0.09383897483348846 0.09951307624578476
0.09350741654634476 0.10783190280199051
