1.4935706853866577 1.5251351594924927
1.4869657754898071 1.5260895490646362
1.4859838485717773 1.5252488851547241
1.4852039813995361 1.5314561128616333
1.4854635000228882 1.5255379676818848
1.4849904775619507 1.5272823572158813
1.4847049713134766 1.5251868963241577
1.4848077297210693 1.5412330627441406
1.4844602346420288 1.5254257917404175
1.484531044960022 1.5262891054153442
1.484446406364441 1.5278832912445068
1.4844096899032593 1.531644344329834
1.4845857620239258 1.5249483585357666
1.4844197034835815 1.526261329650879
1.4843772649765015 1.5250670909881592
1.4626213312149048 1.3523616790771484
1.1419705152511597 1.0797256231307983
1.0548551082611084 1.141086459159851
1.0289762020111084 1.0575288534164429
1.0096064805984497 0.9963750243186951
0.9860367774963379 0.9684954881668091
0.962141752243042 0.9337413907051086
0.9462865591049194 0.9371317028999329
0.9329598546028137 0.9859225749969482
0.924274742603302 0.9202072620391846
0.9200697541236877 0.9532196521759033
0.911318302154541 0.942138135433197
0.9067261219024658 0.8892451524734497
0.9071943759918213 0.8815323710441589
0.9027907848358154 0.9327142238616943
0.901852011680603 0.8754688501358032
0.8940762877464294 0.8774332404136658
0.894415020942688 1.03237783908844
0.8897157311439514 0.8703576326370239
0.886867344379425 0.8804824352264404
0.883003830909729 0.9826991558074951
0.8855674862861633 1.0038249492645264
0.8821811676025391 0.8790899515151978
0.8777623772621155 0.8597314357757568
0.8750791549682617 0.9323142170906067
0.8756771683692932 0.8963927030563354
0.8731326460838318 0.8534287214279175
0.870256781578064 0.8980250358581543
0.8704602718353271 0.8579129576683044
0.8686039447784424 0.9300472736358643
0.8660956621170044 0.8647168278694153
0.8659204244613647 0.8816959261894226
0.8615584373474121 0.8562925457954407
0.8624976277351379 0.9032050967216492
0.863153874874115 0.8485252857208252
0.859123706817627 0.934751570224762
0.8546258211135864 0.8509967923164368
0.8567467927932739 0.8325304388999939
0.8562217354774475 0.8477988243103027
0.8532793521881104 0.8862850666046143
0.8531516790390015 0.8552632331848145
0.8516193628311157 0.9041237831115723
0.8517405390739441 0.8815413117408752
0.847859799861908 0.8608832359313965
0.8483647108078003 0.8794849514961243
0.8453720211982727 0.8664593696594238
0.8453613519668579 0.9523009061813354
0.8458602428436279 1.0018407106399536
0.8427196145057678 0.88368159532547
0.8437760472297668 0.8664567470550537
0.8424842357635498 0.8918821215629578
0.8420370221138 0.8408004641532898
0.8393406867980957 0.8453857898712158
0.8398206830024719 0.8361115455627441
0.8370776772499084 0.8316831588745117
0.8366297483444214 0.8771386742591858
0.8367335200309753 0.8622363805770874
0.8352940082550049 0.84564608335495
0.8359028697013855 0.9570521712303162
0.83431476354599 0.8449977040290833
0.8322572708129883 0.8614083528518677
0.8331521153450012 0.8293930888175964
0.8337765336036682 0.8501403331756592
0.8304997086524963 0.8342820405960083
0.8293161392211914 0.83127760887146
0.8305531740188599 0.8559041619300842
0.8292637467384338 0.8228861093521118
0.8293159604072571 0.8347706198692322
0.8312422037124634 0.8742900490760803
0.8251126408576965 0.8592482805252075
0.82588130235672 0.8532488942146301
0.824704110622406 0.8367171883583069
0.8249894976615906 0.834096372127533
0.8226312398910522 0.8219274878501892
0.8229591846466064 0.8312428593635559
0.8217582702636719 0.8743454217910767
0.8217265605926514 0.8439062237739563
0.8233859539031982 0.8142897486686707
0.8228890895843506 0.8087256550788879
0.8198257088661194 0.8135705590248108
0.8207850456237793 0.8738739490509033
0.8199267387390137 0.911500096321106
0.8206720948219299 0.8246362209320068
0.8186346292495728 0.820598840713501
0.8195598125457764 0.9063632488250732
0.8177595138549805 0.8772148489952087
0.8166398406028748 0.854790210723877
0.8159918785095215 0.8707666397094727
0.8146883249282837 0.8424286842346191
0.8128783106803894 0.8390762209892273
0.8167077898979187 0.854098379611969
0.8130213618278503 0.8464525938034058
0.8115312457084656 0.9111036658287048
0.811977744102478 0.8350317478179932
0.8124870657920837 0.8175269365310669
0.8137178421020508 0.8354243636131287
0.8111841082572937 0.8632217645645142
0.8124728202819824 0.8218376040458679
0.811537504196167 0.8731843829154968
0.8108702301979065 0.8129826784133911
0.809684157371521 0.8487372994422913
0.811049222946167 0.8319547772407532
0.8091899752616882 0.8506848216056824
0.8091796040534973 0.8912267088890076
0.806972324848175 0.797744631767273
0.8068353533744812 0.8022088408470154
0.8052155375480652 0.800929069519043
0.8070619702339172 0.8039914965629578
0.805730938911438 0.8052108883857727
0.8076600432395935 0.8142791986465454
0.8060892820358276 0.8107076287269592
0.806593120098114 0.8140502572059631
0.806199312210083 0.8104492425918579
0.804365336894989 0.8135672807693481
0.8065510988235474 0.81010901927948
0.8051950335502625 0.8335884213447571
0.8060230612754822 0.8589038848876953
0.805101752281189 0.8025611639022827
0.8050435781478882 0.8046592473983765
0.8018783926963806 0.7975224852561951
0.8013467192649841 0.8070406317710876
0.8006357550621033 0.7968419790267944
0.8017614483833313 0.7974304556846619
0.7997304201126099 0.9080886244773865
0.7991323471069336 0.8005059361457825
0.7989612817764282 0.8245801329612732
0.7992720007896423 0.820364773273468
0.8001713156700134 0.8190587759017944
0.7976904511451721 0.9050045609474182
0.7994260191917419 0.8366295099258423
0.7995756268501282 0.7952235341072083
0.7970794439315796 0.8102806806564331
0.7963657975196838 0.7961146235466003
0.7961601614952087 0.8243452906608582
0.7967293858528137 0.801430881023407
0.7980507016181946 0.8074384331703186
0.7963331937789917 0.7984786033630371
0.7954908013343811 0.8400353193283081
0.7951663136482239 0.8208810091018677
0.7958213686943054 0.8900288343429565
0.7953075170516968 0.913325846195221
0.7943603992462158 0.8110290765762329
0.7918533682823181 0.7892869114875793
0.7930699586868286 0.8054285645484924
0.7921408414840698 0.8172828555107117
0.792104184627533 0.795005738735199
0.7943084836006165 0.8011232614517212
0.7931126952171326 0.7856675982475281
0.7932281494140625 0.8089469075202942
0.7912992238998413 0.7906248569488525
0.7919496893882751 0.844732403755188
0.7922343611717224 0.8286780118942261
0.791358470916748 0.8574968576431274
0.7901591062545776 0.8001849055290222
0.7919856309890747 0.8263692855834961
0.7888697981834412 0.812181830406189
0.7900405526161194 0.8058837652206421
0.7896846532821655 0.7919089198112488
0.7885533571243286 0.7998131513595581
0.7878605127334595 0.7828481197357178
0.7885751724243164 0.7955795526504517
0.7904723286628723 0.8863201141357422
0.7880275845527649 0.7868862152099609
0.7870822548866272 0.7859308123588562
0.7876373529434204 0.7927291393280029
0.7872101068496704 0.8436580896377563
0.7878612875938416 0.8342608213424683
0.7896794676780701 0.8107308745384216
0.7881097197532654 0.803633451461792
0.7861319184303284 0.8212950825691223
0.7871212363243103 0.8129978179931641
0.7834532856941223 0.8147339820861816
0.7840020656585693 0.7975205183029175
0.7848873138427734 0.8224126100540161
0.7825701832771301 0.7888461947441101
0.7816541790962219 0.8788798451423645
0.7844958901405334 0.7917276620864868
0.7859742641448975 0.7978548407554626
0.7840490937232971 0.8128769397735596
0.7833356261253357 0.8223608136177063
0.7828354239463806 0.8185550570487976
0.7844512462615967 0.7817438840866089
0.7827210426330566 0.7855883836746216
0.7825905084609985 0.8063202500343323
0.7826741933822632 0.7824298739433289
0.7820486426353455 0.7865173816680908
0.7806599736213684 0.8125091791152954
0.7802073359489441 0.7825266122817993
0.7782174944877625 0.7994199395179749
0.7804092764854431 0.7926473617553711
0.779150664806366 0.8014811277389526
0.7797112464904785 0.8590505123138428
0.7793148159980774 0.7957043051719666
0.7790598273277283 0.8281680941581726
0.7775549292564392 0.8396700024604797
0.778782069683075 0.7893351912498474
0.7783767580986023 0.7966339588165283
0.7778827548027039 0.8001652359962463
0.7768694758415222 0.7841348052024841
0.7774010896682739 0.8304398059844971
0.7784044146537781 0.7937561869621277
0.777809202671051 0.8017339706420898
0.7773739695549011 0.7782735824584961
0.7766347527503967 0.7722862958908081
0.7751250863075256 0.7813482880592346
0.7756450772285461 0.77719646692276
0.7745050191879272 0.7983836531639099
0.7756543159484863 0.7808101177215576
0.7762140035629272 0.7872269153594971
0.7751043438911438 0.7801876068115234
0.7754018306732178 0.7849586606025696
0.7747843861579895 0.8013710975646973
0.7744125723838806 0.7824471592903137
0.7740932106971741 0.7887453436851501
0.7753508687019348 0.8068188428878784
0.7742189764976501 0.7713673114776611
0.7749606966972351 0.8001645803451538
0.7735323309898376 0.7889859080314636
0.776388943195343 0.7875779867172241
0.7743129730224609 0.784625768661499
0.7731594443321228 0.7824379205703735
0.7721332311630249 0.8191172480583191
0.7730516791343689 0.8100394010543823
0.7711756229400635 0.7949812412261963
0.7711123824119568 0.8590131998062134
0.7708423733711243 0.7760344743728638
0.7718229293823242 0.7897403240203857
0.7715578079223633 0.8176026940345764
0.7715848684310913 0.7685661911964417
0.7708551287651062 0.8456600904464722
0.7723863124847412 0.7901846170425415
0.7695338129997253 0.8199630975723267
0.7699757814407349 0.7892369627952576
0.7695879340171814 0.792481005191803
0.7694043517112732 0.8161022663116455
0.7713751792907715 0.7687584161758423
0.7701711058616638 0.794464111328125
0.7686817049980164 0.7866824865341187
0.7681834101676941 0.7728831768035889
0.7672677040100098 0.8092826008796692
0.7654768824577332 0.7900753021240234
0.766673743724823 0.7780851125717163
0.7669823169708252 0.7772583365440369
0.7684650421142578 0.7684696316719055
0.7682287693023682 0.7726922035217285
0.7688626050949097 0.7750837206840515
0.7684305906295776 0.7844363451004028
0.766041100025177 0.7747964262962341
0.7657565474510193 0.7935019731521606
0.7669113278388977 0.8005839586257935
0.7662314176559448 0.8380668759346008
0.7657411694526672 0.8035157918930054
0.7666420340538025 0.7686141133308411
0.7653872966766357 0.8412894010543823
0.7648714184761047 0.7684164047241211
0.7642014026641846 0.7879679203033447
0.7634249925613403 0.7748697996139526
0.7643617987632751 0.783359169960022
0.7638310194015503 0.768110990524292
0.7643017172813416 0.7862372994422913
0.7630283236503601 0.7678987383842468
0.7647581100463867 0.7647461891174316
0.7655653953552246 0.7798717617988586
0.7630174160003662 0.8138893842697144
0.7634977698326111 0.7838619351387024
0.7627795934677124 0.7823947668075562
0.7641869187355042 0.7936332821846008
0.7642548084259033 0.8058891296386719
0.7634395956993103 0.7730947136878967
0.7632294297218323 0.767715573310852
0.7632126808166504 0.7663180232048035
0.761959433555603 0.8085961937904358
0.7611940503120422 0.7718712687492371
0.7615661025047302 0.761165201663971
0.7611656188964844 0.9872543811798096
0.7611731290817261 0.786235511302948
0.7586844563484192 0.7920452952384949
0.7613970637321472 0.770148515701294
0.7622681856155396 0.7666258811950684
0.760682225227356 0.7675455808639526
0.7613736391067505 0.8093335032463074
0.7596682906150818 0.7782959342002869
0.7602093815803528 0.7759710550308228
0.7609143257141113 0.7987043857574463
0.7599496245384216 0.7738707065582275
0.7603776454925537 0.7671449780464172
0.7618794441223145 0.7839341163635254
0.7589619755744934 0.7771804332733154
0.7584933638572693 0.7694482803344727
0.7581470608711243 0.7677226066589355
0.7589686512947083 0.7905356884002686
0.756595253944397 0.8004413843154907
0.7577222585678101 0.7643536925315857
0.7592409253120422 0.8033519983291626
0.7572548389434814 0.7961119413375854
0.7583050727844238 0.7965331077575684
0.7584254145622253 0.7632285356521606
0.7561367154121399 0.7928368449211121
0.7583519816398621 0.7639048099517822
0.7567411661148071 0.7701745629310608
0.7570695281028748 0.7733438014984131
0.7578331828117371 0.7992292046546936
0.7580803036689758 0.7953150272369385
0.75749671459198 0.7932987213134766
0.7540284395217896 0.7800065875053406
0.7548221349716187 0.7827486395835876
0.7557154297828674 0.7643303275108337
0.7564378976821899 0.7757273316383362
0.7564564347267151 0.76772540807724
0.7556268572807312 0.7688687443733215
0.7557571530342102 0.7741020321846008
0.7556922435760498 0.7647628784179688
0.7546750903129578 0.8268834352493286
0.7536243796348572 0.7939422130584717
0.7555853724479675 0.7762951254844666
0.7549533247947693 0.7680454850196838
0.7543128728866577 0.7751597762107849
0.754023015499115 0.7576215267181396
0.7540741562843323 0.8125585317611694
0.7542405128479004 0.7610991597175598
0.7555952668190002 0.7801527976989746
0.7523084878921509 0.764844536781311
0.7521471977233887 0.7573271989822388
0.7513653635978699 0.7617380619049072
0.7520879507064819 0.7713748812675476
0.7523115277290344 0.767238974571228
0.7538566589355469 0.7745421528816223
0.750994086265564 0.7995895743370056
0.7524921298027039 0.7530987858772278
0.7525671124458313 0.8918516635894775
0.7511247396469116 0.7549618482589722
0.7512304782867432 0.7988116145133972
0.7520454525947571 0.770163357257843
0.7517954111099243 0.7711924314498901
0.753678560256958 0.7747114300727844
0.7520244121551514 0.7826179265975952
0.753259539604187 0.7605440020561218
0.7508758306503296 0.776924729347229
0.7500762343406677 0.7769116163253784
0.7517889142036438 0.7725713849067688
0.7502220869064331 0.7550206184387207
0.750150203704834 0.7585965991020203
0.7505626678466797 0.772980272769928
0.7500579953193665 0.7598658204078674
0.7504175901412964 0.7677651047706604
0.7496407628059387 0.7697252035140991
0.7523931860923767 0.7726473808288574
0.7492947578430176 0.7739866971969604
0.7499828338623047 0.7828764915466309
0.7498617768287659 0.7815366983413696
0.749826967716217 0.7785837650299072
0.7504422664642334 0.7599433660507202
0.749457836151123 0.7579099535942078
0.7495072484016418 0.7882071733474731
0.749688982963562 0.7706515789031982
0.7476269006729126 0.7907813191413879
0.7485743761062622 0.803749144077301
0.748385488986969 0.7637417316436768
0.7467741966247559 0.7669093012809753
0.7481075525283813 0.8328970074653625
0.7483949065208435 0.7685099840164185
0.7471228837966919 0.7620599865913391
0.7460232377052307 0.7529798150062561
0.747404158115387 0.7613698244094849
0.7466860413551331 0.7526422142982483
0.7482191324234009 0.7615417242050171
0.7473459839820862 0.7607033252716064
0.7472822666168213 0.7597606182098389
0.7465888261795044 0.7736685872077942
0.74773770570755 0.7661712169647217
0.7459123134613037 0.7674835324287415
0.7469897270202637 0.824037492275238
0.7451935410499573 0.7531289458274841
0.7453289031982422 0.7555808424949646
0.7460969090461731 0.7689931988716125
0.746336817741394 0.7917605042457581
0.7458831667900085 0.7600464820861816
0.7453628778457642 0.7511416673660278
0.7460504174232483 0.77263343334198
0.746231198310852 0.8077692985534668
0.7457054853439331 0.7955955862998962
0.7449056506156921 0.77851802110672
0.7435120940208435 0.7593146562576294
0.7449405193328857 0.7668847441673279
0.7435603141784668 0.7871786952018738
0.7450023293495178 0.758195161819458
0.7441781759262085 0.7684878706932068
0.7456014752388 0.7543284893035889
0.7438357472419739 0.7546664476394653
0.7425264120101929 0.7534968852996826
0.7426488399505615 0.7618894577026367
0.7424662113189697 0.7963659763336182
0.7431727051734924 0.7587035298347473
0.7437681555747986 0.7847479581832886
0.7430237531661987 0.7749623656272888
0.742668628692627 0.7750073075294495
0.7428869009017944 0.7796947360038757
0.7420651316642761 0.7588418126106262
0.7432682514190674 0.7936790585517883
0.7429940104484558 0.769474983215332
0.7422672510147095 0.7633396983146667
0.7439203262329102 0.7582496404647827
0.7424523234367371 0.7702582478523254
0.7426733374595642 0.7495474815368652
0.7428591251373291 0.7599413394927979
0.7424945831298828 0.74860680103302
0.7424670457839966 0.7831090688705444
0.7424079775810242 0.7477948665618896
0.7422081232070923 0.7763842344284058
0.7429847717285156 0.7561042308807373
0.7430372834205627 0.7484151124954224
0.7406561970710754 0.7719036340713501
0.7412074208259583 0.7531072497367859
0.7406967878341675 0.7474969625473022
0.7402167916297913 0.7865472435951233
0.7414877414703369 0.766381561756134
0.7423099279403687 0.7716243863105774
0.7406052947044373 0.7768197059631348
0.7418971657752991 0.7464892864227295
0.7399367690086365 0.7594565749168396
0.7423023581504822 0.8056066036224365
0.740647554397583 0.7549248337745667
0.7392673492431641 0.7551827430725098
0.7400970458984375 0.7546727061271667
0.7402414083480835 0.7578327655792236
0.7405285835266113 0.7565426826477051
0.7389023900032043 0.7638595104217529
0.7387598752975464 0.8283235430717468
0.7385621666908264 0.7630928754806519
0.7393928170204163 0.7508325576782227
0.7397785782814026 0.7550779581069946
0.7392321825027466 0.7532659769058228
0.73873370885849 0.7600586414337158
0.7390124797821045 0.7608479857444763
0.7391064763069153 0.7425220012664795
0.7388917803764343 0.7656962871551514
0.739695131778717 0.7533267736434937
0.7391367554664612 0.7836326956748962
0.7382784485816956 0.7659099698066711
0.7379825711250305 0.7585755586624146
0.7388521432876587 0.7469038963317871
0.7369285225868225 0.7503669261932373
0.7367830276489258 0.7497369050979614
0.7376560568809509 0.7476967573165894
0.7386108636856079 0.7932473421096802
0.7381777763366699 0.7488449215888977
0.7362698912620544 0.7626644372940063
0.7369349002838135 0.7916460037231445
0.7378753423690796 0.7455370426177979
0.7381812334060669 0.77034592628479
0.7371574640274048 0.7472642064094543
0.737764835357666 0.746281087398529
0.7371235489845276 0.7645153403282166
0.7377111315727234 0.7616904377937317
0.7370986938476562 0.7470399141311646
0.7371219396591187 0.7899519205093384
0.737336277961731 0.7445573806762695
0.7365094423294067 0.7674099802970886
0.7362632155418396 0.7445324063301086
0.7350465655326843 0.7513620853424072
0.7364480495452881 0.7487447261810303
0.7360923886299133 0.7729765772819519
0.7362200021743774 0.7459392547607422
0.7368729114532471 0.7490110397338867
0.735702395439148 0.762527585029602
0.7373781800270081 0.7507244944572449
0.7357438802719116 0.7895489931106567
0.7363422513008118 0.7459167242050171
0.7350704073905945 0.744293212890625
0.7361089587211609 0.7509648203849792
0.7350032925605774 0.7452707886695862
0.7363250255584717 0.8187199831008911
0.7341210246086121 0.7472036480903625
0.7346794605255127 0.7650540471076965
0.7347179055213928 0.747869074344635
0.7349415421485901 0.7571250200271606
0.7346084117889404 0.7783435583114624
0.7343553900718689 0.752120316028595
0.7349145412445068 0.8273633122444153
0.7351375818252563 0.7979497909545898
0.7354777455329895 0.7491588592529297
0.7340437173843384 0.7702488899230957
0.7339532971382141 0.7490927577018738
0.7343828082084656 0.7493981719017029
0.7342736721038818 0.7559592723846436
0.7328764200210571 0.7503439784049988
0.7347837686538696 0.7636234164237976
0.734163761138916 0.7511582374572754
0.734122097492218 0.7683063745498657
0.7335701584815979 0.7822350263595581
0.7335051894187927 0.7459796667098999
0.7331759929656982 0.7437984943389893
0.732821524143219 0.7632554173469543
0.7329182624816895 0.7411120533943176
0.7323414087295532 0.7443132996559143
0.7322213053703308 0.7658643126487732
0.7332751750946045 0.780809223651886
0.7325018048286438 0.7507686018943787
0.732447624206543 0.748349666595459
0.7324376702308655 0.7551836967468262
0.7332457304000854 0.7600033283233643
0.7335920929908752 0.7464738488197327
0.7323384881019592 0.7518242597579956
0.7330313920974731 0.7991827726364136
0.7322019338607788 0.7586246728897095
0.7329785823822021 0.7486782073974609
0.7314620018005371 0.768765389919281
0.7316141128540039 0.7410144209861755
0.7314366698265076 0.742668867111206
0.7320218086242676 0.7507063746452332
0.7311462163925171 0.7684699296951294
0.7304801344871521 0.750119149684906
0.7316657900810242 0.745697557926178
0.7318973541259766 0.764657735824585
0.731827437877655 0.7480515241622925
0.7323822379112244 0.7604465484619141
0.732292890548706 0.7517867684364319
0.730069100856781 0.7578192949295044
0.7317194938659668 0.7539833188056946
0.7316730618476868 0.7573230266571045
0.7318767309188843 0.7602566480636597
0.7309345602989197 0.7715480923652649
0.7311801314353943 0.7512122988700867
0.7298747301101685 0.7426565885543823
0.7313464879989624 0.7486350536346436
0.7308876514434814 0.7602419257164001
0.7307875752449036 0.7504122257232666
0.7298465371131897 0.7459279894828796
0.7306650876998901 0.7497645616531372
0.7301852703094482 0.7558287382125854
0.7296150922775269 0.7472240328788757
0.7293753623962402 0.7896791100502014
0.7307873964309692 0.7414068579673767
0.7305207252502441 0.7585368156433105
0.7300570607185364 0.7430859804153442
0.7304645776748657 0.7438719272613525
0.7294034957885742 0.7446078658103943
0.729309618473053 0.7758521437644958
0.7300422787666321 0.7467774748802185
0.7290300130844116 0.7431843876838684
0.7289113998413086 0.7434718608856201
0.7290887832641602 0.7409899234771729
0.7282971739768982 0.7592804431915283
0.7287113070487976 0.7884688973426819
0.7286748886108398 0.7487659454345703
0.7285261154174805 0.7573282718658447
0.7284408807754517 0.7526905536651611
0.7285807728767395 0.7686750888824463
0.7301002144813538 0.750392735004425
0.7281181216239929 0.7541877031326294
0.7282663583755493 0.7497830390930176
0.7292772531509399 0.7599377036094666
0.7284795045852661 0.7515529990196228
0.7289321422576904 0.77189701795578
0.7289466857910156 0.7678388357162476
0.7290011048316956 0.7529380321502686
0.7274534106254578 0.7501948475837708
0.7273709177970886 0.7745504975318909
0.72749263048172 0.7485759854316711
0.7273460626602173 0.7481436729431152
0.7283264398574829 0.7462748289108276
0.7280431389808655 0.7404618263244629
0.727996289730072 0.7390987873077393
0.7268311381340027 0.748150646686554
0.7268586158752441 0.7422682046890259
0.7282735109329224 0.762582004070282
0.727877676486969 0.7489217519760132
0.7271513342857361 0.7395828366279602
0.7273297309875488 0.7370981574058533
0.7277757525444031 0.745254635810852
0.7269922494888306 0.7427818775177002
0.7262963652610779 0.7542400360107422
0.7273716926574707 0.7468353509902954
0.7265976667404175 0.7505409717559814
0.7265053391456604 0.7416266798973083
0.7269932627677917 0.7411932349205017
0.7262997627258301 0.7389301061630249
0.727224588394165 0.7377514243125916
0.7258671522140503 0.7730602025985718
0.7253794074058533 0.7504447102546692
0.7265369296073914 0.7474733591079712
0.7264503240585327 0.747888445854187
0.7256837487220764 0.7861495018005371
0.7268221974372864 0.7498771548271179
0.7259159684181213 0.7448216080665588
0.7264209389686584 0.7549702525138855
0.7255450487136841 0.7415098547935486
0.7264623641967773 0.7428528070449829
0.7260330319404602 0.7639895081520081
0.7257833480834961 0.7417314052581787
0.7254288792610168 0.7425869107246399
0.7253944873809814 0.7393746972084045
0.7249754071235657 0.7505654096603394
0.72612065076828 0.763137698173523
0.72577965259552 0.748484194278717
0.7252443432807922 0.7489094734191895
0.7255171537399292 0.7363662123680115
0.7252366542816162 0.7519140839576721
0.7262699007987976 0.7481620907783508
0.7250552177429199 0.805164098739624
0.7252819538116455 0.7366511225700378
0.7253282070159912 0.7701382040977478
0.7246788144111633 0.7369829416275024
0.7256131172180176 0.7608040571212769
0.7251839637756348 0.7426968812942505
0.7256988883018494 0.7647162675857544
0.7249035239219666 0.7412359714508057
0.7236840724945068 0.738544762134552
0.7237394452095032 0.7647772431373596
0.724356472492218 0.7534642219543457
0.7241600155830383 0.7417877912521362
0.7242300510406494 0.748134195804596
0.724168598651886 0.7528108954429626
0.7233307361602783 0.7378318905830383
0.7245209813117981 0.7562098503112793
0.7237812876701355 0.7438656687736511
0.7238954901695251 0.736810028553009
0.724736213684082 0.7366392016410828
0.7245495915412903 0.7633340954780579
0.724624514579773 0.7485548853874207
0.7237576842308044 0.7460166811943054
0.724934995174408 0.7391058802604675
0.7240204215049744 0.736532986164093
0.7239325642585754 0.7391657829284668
0.7227209210395813 0.7349712252616882
0.7238706946372986 0.7399999499320984
0.7235827445983887 0.7581769227981567
0.7240113615989685 0.7391259670257568
0.7226752638816833 0.7341762781143188
0.7228278517723083 0.7388450503349304
0.7229040265083313 0.7483587861061096
0.7229326367378235 0.7837775349617004
0.7226603627204895 0.801675021648407
0.7231454849243164 0.7461791634559631
0.7231692671775818 0.7407791614532471
0.7238391041755676 0.744179368019104
0.7231664657592773 0.7579863667488098
0.7220790982246399 0.7426203489303589
0.7219981551170349 0.7478554844856262
0.723529040813446 0.7358052730560303
0.7225064635276794 0.7370050549507141
0.722130537033081 0.7440609335899353
0.7218253016471863 0.7369254231452942
0.723319411277771 0.7452960014343262
0.7223120927810669 0.7391361594200134
0.7221195101737976 0.7391160726547241
0.7222571969032288 0.7362298369407654
0.7216293811798096 0.7406209111213684
0.7223260998725891 0.7400226593017578
0.7217316031455994 0.7574028968811035
0.7222995162010193 0.7411745190620422
0.7224813103675842 0.7454572916030884
0.7215564846992493 0.7655319571495056
0.7227181196212769 0.7380054593086243
0.7219750285148621 0.8110033273696899
0.7226266860961914 0.738619327545166
0.7223997712135315 0.7355579137802124
0.7207634449005127 0.7345907092094421
0.7215116620063782 0.7349509000778198
0.7203248739242554 0.747206449508667
0.7209340929985046 0.7498985528945923
0.7204667925834656 0.742496132850647
0.7213709950447083 0.7419806122779846
0.7206549644470215 0.7584152221679688
0.7213067412376404 0.73918217420578
0.7211640477180481 0.7396766543388367
0.7214407324790955 0.734703004360199
0.7216779589653015 0.7698795795440674
0.721159040927887 0.7482557892799377
0.7213599681854248 0.7360970377922058
0.7215006947517395 0.7713225483894348
0.721523642539978 0.7426401376724243
0.7210157513618469 0.7370530962944031
0.7206624746322632 0.7536677122116089
0.7203635573387146 0.7363995313644409
0.7199804186820984 0.7342145442962646
0.7192604541778564 0.7416574954986572
0.7205753922462463 0.7389875054359436
0.7201669216156006 0.733372151851654
0.7200487852096558 0.7530988454818726
0.720565140247345 0.7463587522506714
0.720057487487793 0.752166748046875
0.7202116847038269 0.7471354007720947
0.7203567028045654 0.741485059261322
0.7197309136390686 0.7343796491622925
0.7202643752098083 0.7501686215400696
0.7201904058456421 0.7452004551887512
0.7199244499206543 0.7368124723434448
0.7195576429367065 0.736745297908783
0.7203190326690674 0.7670533657073975
0.7197665572166443 0.7535113096237183
0.7185975313186646 0.7406032681465149
0.7186514139175415 0.7367787957191467
0.7189137935638428 0.7386474013328552
0.7194029092788696 0.7394887804985046
0.7202780842781067 0.736579954624176
0.719179630279541 0.7600727677345276
0.7190905213356018 0.7360447645187378
0.7181786894798279 0.7668976783752441
0.7191840410232544 0.7343639135360718
0.7191003561019897 0.7344198226928711
0.7189106941223145 0.7382071018218994
0.7189503908157349 0.7495715022087097
0.7192038297653198 0.7390276789665222
0.7192316055297852 0.7566189765930176
0.7191448211669922 0.7401987314224243
0.7188099026679993 0.7763395309448242
0.7194061875343323 0.7401697635650635
0.7185119390487671 0.7333340048789978
0.7180634140968323 0.73359215259552
0.7188154458999634 0.7353335618972778
0.718621015548706 0.7429107427597046
0.7180112600326538 0.7357200980186462
0.7178452610969543 0.7355316281318665
0.7178276181221008 0.734586775302887
0.71755051612854 0.7425825595855713
0.7185508608818054 0.7372695803642273
0.7178394794464111 0.7355191111564636
0.7180495858192444 0.7373546957969666
0.7175559997558594 0.740394651889801
0.7185007929801941 0.7320235371589661
0.7184022665023804 0.7346522808074951
0.7181028127670288 0.7356473803520203
0.7179450988769531 0.745617687702179
0.7174848914146423 0.7378851771354675
0.7178201079368591 0.7350087761878967
0.7181355357170105 0.7330734133720398
0.7170028686523438 0.7332531809806824
0.717832088470459 0.7312027812004089
0.7168799042701721 0.7473784685134888
0.7169961929321289 0.7385464310646057
0.717731237411499 0.7458447813987732
0.7173687219619751 0.7449246644973755
0.7170397639274597 0.7784727811813354
0.7176832556724548 0.7662556767463684
0.7175169587135315 0.7342860102653503
0.7174814939498901 0.7410615682601929
0.7169659733772278 0.7393766045570374
0.7170592546463013 0.7360237240791321
0.7168985605239868 0.7332599759101868
0.7169025540351868 0.7361922860145569
0.7168074250221252 0.7314817905426025
0.7169622778892517 0.7442095875740051
0.7163019180297852 0.7493160963058472
0.7167723178863525 0.7330943942070007
0.7171137928962708 0.7359196543693542
0.7169544696807861 0.7324880361557007
0.7162734866142273 0.73233962059021
0.7164866328239441 0.7357359528541565
0.7165469527244568 0.7386229038238525
0.7168313264846802 0.774061381816864
0.7174697518348694 0.7394790053367615
0.7163026332855225 0.7353275418281555
0.7169688940048218 0.7352471351623535
0.7166155576705933 0.7434415221214294
0.7162110805511475 0.7323464751243591
0.7165454030036926 0.7490860223770142
0.7160288691520691 0.7350695133209229
0.715628981590271 0.7340017557144165
0.7159974575042725 0.7424137592315674
0.7160158753395081 0.7371470928192139
0.71551114320755 0.74864661693573
0.7158719897270203 0.7417542934417725
0.7156771421432495 0.7334812879562378
0.7154197096824646 0.7338239550590515
0.7159769535064697 0.7287219166755676
0.7152890563011169 0.7352052927017212
0.7162235379219055 0.7481274604797363
0.7152671217918396 0.7336306571960449
0.7157939076423645 0.7608823776245117
0.715697705745697 0.7641096711158752
0.7156601548194885 0.744472861289978
0.7149949669837952 0.7302547693252563
0.7156790494918823 0.7333083748817444
0.7166755199432373 0.7363855838775635
0.7152947187423706 0.7358983159065247
0.7152445912361145 0.7577481865882874
0.7147581577301025 0.7311933040618896
0.7153887748718262 0.7387644052505493
0.7151418328285217 0.7472693920135498
0.7152286171913147 0.7394096851348877
0.7153242230415344 0.7390836477279663
0.7158931493759155 0.7321552634239197
0.71482253074646 0.7318395972251892
0.715064287185669 0.7315095663070679
