1.5039430856704712 1.5391579866409302
1.3173273801803589 1.0717685222625732
1.0137414932250977 1.0066828727722168
0.9692128300666809 0.984886109828949
0.9473261833190918 0.9688012599945068
0.8873317241668701 0.7631445527076721
0.6706655621528625 0.6053510308265686
0.5860732793807983 0.569074273109436
0.5523054599761963 0.5441046953201294
0.5368810296058655 0.5599251389503479
0.5274277925491333 0.5165393948554993
0.5191802382469177 0.5886178612709045
0.5104358196258545 0.49237507581710815
0.5038377642631531 0.5000002980232239
0.49987560510635376 0.5210584998130798
0.4957984685897827 0.49688097834587097
0.4934695065021515 0.5193948745727539
0.49306169152259827 0.4724338948726654
0.4881495237350464 0.49518027901649475
0.48732447624206543 0.5203085541725159
0.48577186465263367 0.5236921310424805
0.48338982462882996 0.49336162209510803
0.48091480135917664 0.4744943678379059
0.4809906780719757 0.47360068559646606
0.47915035486221313 0.5083686709403992
0.4792482852935791 0.46509936451911926
0.4765421748161316 0.4612891972064972
0.476122111082077 0.46363744139671326
0.47463107109069824 0.4741878807544708
0.4738359749317169 0.533561646938324
0.47383975982666016 0.46041038632392883
0.47274327278137207 0.4770614504814148
0.4704709053039551 0.45928066968917847
0.47284606099128723 0.45256268978118896
0.4718847870826721 0.45740753412246704
0.4704897403717041 0.4726690948009491
0.4690960645675659 0.4871120750904083
0.4684322476387024 0.45944851636886597
0.46677929162979126 0.45923539996147156
0.4667198359966278 0.448652058839798
0.4648214876651764 0.46738114953041077
0.46470868587493896 0.4561598300933838
0.4632449448108673 0.4493955373764038
0.4621909558773041 0.4662330448627472
0.45967209339141846 0.5034101009368896
0.4586935341358185 0.4537774920463562
0.45524537563323975 0.4533124268054962
0.45613154768943787 0.4758918285369873
0.4553309977054596 0.4502359926700592
0.45503783226013184 0.46105125546455383
0.4539145827293396 0.4435916841030121
0.45376142859458923 0.44321829080581665
0.451294869184494 0.4664066433906555
0.45155856013298035 0.4539441466331482
0.4516596496105194 0.4553534984588623
0.4522239863872528 0.4458639919757843
0.4511808156967163 0.5154834985733032
0.4502721428871155 0.4353628158569336
0.448560506105423 0.4424249827861786
0.4500781297683716 0.48401758074760437
0.4494033753871918 0.4446653723716736
0.44839468598365784 0.4602409601211548
0.44828128814697266 0.48626047372817993
0.4480912983417511 0.448761522769928
0.44799748063087463 0.4391230046749115
0.44886118173599243 0.43431663513183594
0.4473668038845062 0.4581372141838074
0.4465150237083435 0.431230753660202
0.446281373500824 0.43598708510398865
0.4462900161743164 0.4749138653278351
0.445269912481308 0.43647754192352295
0.44421860575675964 0.43639978766441345
0.4454041123390198 0.4514352083206177
0.4454914927482605 0.43507567048072815
0.44381216168403625 0.4484338164329529
0.4434298574924469 0.46594080328941345
0.44431272149086 0.4393162727355957
0.44354110956192017 0.4461821913719177
0.4430210292339325 0.4415796995162964
0.4433880150318146 0.4585685133934021
0.4429861307144165 0.4326818883419037
0.44253838062286377 0.4374403953552246
0.44258353114128113 0.5090990662574768
0.4424516260623932 0.4562992453575134
0.44126442074775696 0.49245333671569824
0.44127756357192993 0.45121297240257263
0.44242894649505615 0.43397584557533264
0.44138509035110474 0.4372633993625641
0.4415193796157837 0.44896256923675537
0.4411638379096985 0.45262616872787476
0.44041359424591064 0.43699610233306885
0.4425126016139984 0.44230350852012634
0.44118374586105347 0.4412965178489685
0.43988940119743347 0.4303807020187378
0.4401784837245941 0.46589985489845276
0.4400985836982727 0.44833090901374817
0.43928956985473633 0.43263521790504456
0.4387892782688141 0.43573376536369324
0.4381483793258667 0.4311090409755707
0.43852701783180237 0.45114293694496155
0.43859633803367615 0.4349077343940735
0.4366825819015503 0.43436017632484436
0.4380429983139038 0.44214415550231934
0.4375619888305664 0.43012672662734985
0.43835577368736267 0.45353421568870544
0.4371495842933655 0.43079522252082825
0.43592244386672974 0.4492393434047699
0.4367412030696869 0.43634629249572754
0.4352439045906067 0.45815181732177734
0.4358612596988678 0.428952157497406
0.43494701385498047 0.44859907031059265
0.4334067106246948 0.42776066064834595
0.4334394037723541 0.4418332874774933
0.43259939551353455 0.4461909532546997
0.4319406747817993 0.43919071555137634
0.4312865138053894 0.4341001808643341
0.4298088252544403 0.4593263268470764
0.4298586845397949 0.4274047613143921
0.4299418032169342 0.5137999057769775
0.4295104742050171 0.4552122950553894
0.42925646901130676 0.4393061101436615
0.42876866459846497 0.4329461455345154
0.42843177914619446 0.42645126581192017
0.42809468507766724 0.4367224872112274
0.4282406270503998 0.42800256609916687
0.42808184027671814 0.43761077523231506
0.4275060296058655 0.42092952132225037
0.4282776117324829 0.4381282329559326
0.427823930978775 0.45743313431739807
0.42688995599746704 0.43482705950737
0.4270898997783661 0.4261930286884308
0.4266035854816437 0.4228307604789734
0.4273270070552826 0.4256656765937805
0.42572641372680664 0.43300536274909973
0.42610248923301697 0.4213600754737854
0.4254457354545593 0.4298880398273468
0.42576244473457336 0.45571425557136536
0.42497017979621887 0.43048644065856934
0.42533957958221436 0.43935996294021606
0.4257161319255829 0.42203596234321594
0.4236096441745758 0.4211224615573883
0.42383113503456116 0.4285944998264313
0.42651453614234924 0.4179063141345978
0.42389607429504395 0.42393094301223755
0.4237546920776367 0.43391552567481995
0.4229947328567505 0.4264550507068634
0.4242093861103058 0.4192172586917877
0.423458993434906 0.42106860876083374
0.42307618260383606 0.43479469418525696
0.42272982001304626 0.42286741733551025
0.42296770215034485 0.4271283745765686
0.4218088984489441 0.42489856481552124
0.42290884256362915 0.42574575543403625
0.42221465706825256 0.4169314503669739
0.42223218083381653 0.4263089895248413
0.422482967376709 0.4228372573852539
0.42136797308921814 0.4256495535373688
0.42129775881767273 0.4211007058620453
0.4212917387485504 0.428564190864563
0.42155659198760986 0.41655707359313965
0.4212723970413208 0.4142615795135498
0.42112696170806885 0.4746359586715698
0.42126771807670593 0.42894628643989563
0.4202093780040741 0.4159107506275177
0.41978970170021057 0.42423394322395325
0.41942262649536133 0.4495844542980194
0.41950803995132446 0.42080414295196533
0.4195854663848877 0.4151116907596588
0.4191165268421173 0.41991913318634033
0.4190557897090912 0.41704362630844116
0.418946772813797 0.4280131459236145
0.41937726736068726 0.4350373446941376
0.4191727340221405 0.4208540916442871
0.4191630482673645 0.4199659824371338
0.41894927620887756 0.4184575378894806
0.41886040568351746 0.4259762763977051
0.41889429092407227 0.43034979701042175
0.41827812790870667 0.41385671496391296
0.4184514582157135 0.4179335832595825
0.41802164912223816 0.4205944836139679
0.41777169704437256 0.42052561044692993
0.4186834394931793 0.44075238704681396
0.41878047585487366 0.4282393753528595
0.41779494285583496 0.42441418766975403
0.4181118905544281 0.43281489610671997
0.4180739223957062 0.42461299896240234
0.41668859124183655 0.41470497846603394
0.4159385561943054 0.4148791432380676
0.4164007604122162 0.4211426377296448
0.4166695773601532 0.42299845814704895
0.4168609380722046 0.4165596067905426
0.4167841672897339 0.4186778962612152
0.4159381091594696 0.4213995933532715
0.4165651500225067 0.4162689745426178
0.4153348505496979 0.42358478903770447
0.4154220521450043 0.41366225481033325
0.41604647040367126 0.41949665546417236
0.4148992598056793 0.4213772714138031
0.4146784842014313 0.41072335839271545
0.41610220074653625 0.43801429867744446
0.41591617465019226 0.42977336049079895
0.41473260521888733 0.4141170084476471
0.4154421091079712 0.42633989453315735
0.4146319031715393 0.4116446077823639
0.4142945110797882 0.4161454141139984
0.41479888558387756 0.4101434648036957
0.4148201048374176 0.42405495047569275
0.4143851399421692 0.4253730773925781
0.41460010409355164 0.4177137613296509
0.41328728199005127 0.4134782552719116
0.41348809003829956 0.4142800271511078
0.41343802213668823 0.432998925447464
0.4134955406188965 0.42463627457618713
0.41296300292015076 0.41140028834342957
0.41255316138267517 0.41984495520591736
0.41338372230529785 0.4234365224838257
0.4124267101287842 0.4811505675315857
0.4130290448665619 0.41281217336654663
0.41278839111328125 0.41339975595474243
0.41361352801322937 0.4223482608795166
0.41244471073150635 0.4198857545852661
0.41391313076019287 0.43137669563293457
0.4121527075767517 0.4328562021255493
0.41235706210136414 0.41023704409599304
0.4123210906982422 0.4156439006328583
0.411817342042923 0.42459604144096375
0.4122275710105896 0.41481661796569824
0.4121515452861786 0.411713182926178
0.4120163023471832 0.41356295347213745
0.4130482077598572 0.409038782119751
0.41192832589149475 0.4115941524505615
0.4108959436416626 0.41398075222969055
0.41146889328956604 0.42067018151283264
0.41163185238838196 0.4162641763687134
0.41147854924201965 0.4175441265106201
0.4103313684463501 0.42412546277046204
0.41125982999801636 0.41336604952812195
0.4102817475795746 0.41957175731658936
0.4108754098415375 0.42110374569892883
0.41051244735717773 0.429636687040329
0.40969496965408325 0.4158698618412018
0.41080379486083984 0.41956380009651184
0.4106321334838867 0.4117950201034546
0.4100579023361206 0.41046595573425293
0.40965157747268677 0.41060617566108704
0.41114068031311035 0.41269540786743164
0.4105241596698761 0.4095437526702881
0.4097300171852112 0.41606783866882324
0.4095210134983063 0.42131340503692627
0.40957969427108765 0.4102317690849304
0.4099053144454956 0.417375773191452
0.40997079014778137 0.40817180275917053
0.4099366068840027 0.40871721506118774
0.4093220829963684 0.4166705310344696
0.40926089882850647 0.4141334891319275
0.4084320366382599 0.4107331335544586
0.4080948531627655 0.40910062193870544
0.40794435143470764 0.4080648124217987
0.40853676199913025 0.41014623641967773
0.40888187289237976 0.411994993686676
0.4084303379058838 0.41156071424484253
0.40786129236221313 0.4147045612335205
0.40782788395881653 0.42021167278289795
0.408904105424881 0.4191657602787018
0.4091712534427643 0.4115050733089447
0.4088895320892334 0.41124680638313293
0.4083300828933716 0.42003604769706726
0.4082812964916229 0.4105512201786041
0.407789409160614 0.41059550642967224
0.4088175296783447 0.41086745262145996
0.4078480005264282 0.4484100937843323
0.4069841504096985 0.4092752933502197
0.4068251848220825 0.41025906801223755
0.40806931257247925 0.4236092269420624
0.4076880216598511 0.4239672124385834
0.40745478868484497 0.41731327772140503
0.40746358036994934 0.4096378684043884
0.40744495391845703 0.41343212127685547
0.4078550636768341 0.40751105546951294
0.40687209367752075 0.41323861479759216
0.4070551097393036 0.4080716371536255
0.40633293986320496 0.4069461524486542
0.40696993470191956 0.411599725484848
0.40655115246772766 0.42781490087509155
0.4055554270744324 0.41080886125564575
0.4071967899799347 0.40958425402641296
0.40614840388298035 0.40562567114830017
0.4063844382762909 0.41281092166900635
0.4063724875450134 0.40805450081825256
0.4062660038471222 0.41425830125808716
0.40580669045448303 0.43145671486854553
0.406227171421051 0.4445658326148987
0.4061589539051056 0.4108026921749115
0.4060668647289276 0.4180052578449249
0.4063397943973541 0.4106656610965729
0.40567663311958313 0.4184496998786926
0.4061848819255829 0.41184720396995544
0.4059118330478668 0.42827308177948
0.4059472382068634 0.409512460231781
0.4056108891963959 0.41172096133232117
0.40539276599884033 0.43096184730529785
0.40521058440208435 0.41588661074638367
0.4057843089103699 0.4059601426124573
0.4044696092605591 0.41327667236328125
0.40421587228775024 0.41277000308036804
0.40497997403144836 0.4108021855354309
0.4054151475429535 0.4083119332790375
0.4048004150390625 0.4435720443725586
0.404704749584198 0.4087969958782196
0.4047263264656067 0.41540777683258057
0.4049861431121826 0.4098104238510132
0.4047544598579407 0.41353100538253784
0.40497931838035583 0.41125017404556274
0.40447601675987244 0.4095223844051361
0.4041515290737152 0.407143235206604
0.4036777913570404 0.41045674681663513
0.40399637818336487 0.41073593497276306
0.4044334590435028 0.41475051641464233
0.4041846990585327 0.4098448157310486
0.4039173722267151 0.4312158226966858
0.4049462080001831 0.40843063592910767
0.4046512544155121 0.40976405143737793
0.4048610329627991 0.4054900109767914
0.4041067957878113 0.405110239982605
0.4037904143333435 0.4102717339992523
0.4042687714099884 0.4101603925228119
0.4037404954433441 0.4235619902610779
0.40380048751831055 0.40620359778404236
0.4035169780254364 0.407514363527298
0.40347373485565186 0.40837979316711426
0.4038721024990082 0.41337862610816956
0.4026036560535431 0.40788233280181885
0.4031354784965515 0.41333332657814026
0.40333738923072815 0.4251137971878052
0.40273338556289673 0.4134879410266876
0.40374109148979187 0.4206801652908325
0.40327689051628113 0.4433189928531647
0.4024474620819092 0.41916486620903015
0.4036198556423187 0.41320279240608215
0.4029368460178375 0.4093259871006012
0.40360507369041443 0.41741687059402466
0.4029374122619629 0.4081461727619171
0.4023471474647522 0.40564531087875366
0.4027312994003296 0.4045126438140869
0.4027929902076721 0.40601858496665955
0.402264267206192 0.41365477442741394
0.4022395610809326 0.41005775332450867
0.4027632176876068 0.40746745467185974
0.40270721912384033 0.4149819612503052
0.40190190076828003 0.41465502977371216
0.40231814980506897 0.41002342104911804
0.4022876024246216 0.4101716876029968
0.40237852931022644 0.417371928691864
0.40217098593711853 0.4241529703140259
0.4022219777107239 0.4608422517776489
0.4016598165035248 0.4142184257507324
0.40231233835220337 0.40661144256591797
0.4017655551433563 0.4065629243850708
0.40223073959350586 0.4124511778354645
0.40225517749786377 0.41507819294929504
0.40146616101264954 0.41573619842529297
0.4011797606945038 0.40666869282722473
0.40149155259132385 0.4087902307510376
0.4017646312713623 0.4159373342990875
0.4014280438423157 0.40616026520729065
0.400991827249527 0.4152076542377472
0.4022890031337738 0.416251540184021
0.40102532505989075 0.4203810691833496
0.4008057415485382 0.4400705397129059
0.4011065661907196 0.4115796387195587
0.40123251080513 0.4318619966506958
0.4013076424598694 0.4065568447113037
0.4007779359817505 0.40881121158599854
0.40061309933662415 0.4056328535079956
0.40024226903915405 0.40626755356788635
0.4001469910144806 0.40886831283569336
0.4004443287849426 0.4036484658718109
0.4004109501838684 0.414632648229599
0.4005933701992035 0.4158647060394287
0.4007928967475891 0.41172510385513306
0.4000431001186371 0.4123034179210663
0.4004840850830078 0.4046746790409088
0.4014720618724823 0.41775089502334595
0.40060314536094666 0.4064207971096039
0.4004054367542267 0.4044089615345001
0.40015897154808044 0.41203010082244873
0.40055009722709656 0.4107496738433838
0.4004247188568115 0.40388253331184387
0.4008115828037262 0.4242522120475769
0.4000244140625 0.40541738271713257
0.4000227749347687 0.4124501347541809
0.4001869261264801 0.4299454689025879
0.4005166292190552 0.4169219732284546
0.40014752745628357 0.4045826494693756
0.4004163444042206 0.4173378646373749
0.39893651008605957 0.4045585095882416
0.39962226152420044 0.4065623879432678
0.3991334140300751 0.42199984192848206
0.39948323369026184 0.4042928218841553
0.3997272849082947 0.4047878384590149
0.4002261459827423 0.40609344840049744
0.39939936995506287 0.40474772453308105
0.39904314279556274 0.4130730628967285
0.3996107280254364 0.404453307390213
0.39915260672569275 0.4140681028366089
0.39843639731407166 0.4056847095489502
0.3989647626876831 0.40526434779167175
0.39909201860427856 0.4078207314014435
0.3993266522884369 0.413737952709198
0.3987657427787781 0.4100034832954407
0.39921459555625916 0.40905454754829407
0.39866670966148376 0.4158931374549866
0.39860570430755615 0.408761203289032
0.39868471026420593 0.42125651240348816
0.39899495244026184 0.414023756980896
0.39864739775657654 0.4055841565132141
0.3994407057762146 0.40586715936660767
0.3984483480453491 0.4084351658821106
0.39844825863838196 0.40766987204551697
0.39829567074775696 0.40738004446029663
0.3978366553783417 0.4054388105869293
0.398634672164917 0.40404337644577026
0.39785462617874146 0.40947645902633667
0.3981010913848877 0.40881654620170593
0.3977087438106537 0.411690354347229
0.39829522371292114 0.4052891433238983
0.39883673191070557 0.4173057973384857
0.3986428380012512 0.40258634090423584
0.3977063000202179 0.40889257192611694
0.39801889657974243 0.4048326909542084
0.3978666067123413 0.4049791991710663
0.3977709412574768 0.40846359729766846
0.39759311079978943 0.41469240188598633
0.39821985363960266 0.4066256582736969
0.39742133021354675 0.41179537773132324
0.3980691134929657 0.40811046957969666
0.39793646335601807 0.403911292552948
0.39839601516723633 0.4107138514518738
0.397962361574173 0.40739119052886963
0.3976203203201294 0.405674010515213
0.397636353969574 0.4194774627685547
0.3975352644920349 0.4100475311279297
0.3967270255088806 0.41190317273139954
0.39749595522880554 0.4097488522529602
0.39748552441596985 0.4126178026199341
0.397177129983902 0.4051893651485443
0.39676520228385925 0.41250213980674744
0.3975065052509308 0.4039473831653595
0.39774948358535767 0.41248196363449097
0.3965703547000885 0.41374459862709045
0.3967697024345398 0.4100663959980011
0.3970954716205597 0.4121902585029602
0.39744582772254944 0.4222685992717743
0.39692309498786926 0.42263826727867126
0.3972344994544983 0.4069086015224457
0.39709824323654175 0.40722575783729553
0.39716342091560364 0.4144628047943115
0.3963954448699951 0.40491050481796265
0.3969065546989441 0.40462711453437805
0.3970339000225067 0.4070688784122467
0.3967476785182953 0.4058031737804413
0.39638179540634155 0.4164397418498993
0.397372305393219 0.4353877604007721
0.3965839445590973 0.40461456775665283
0.39736413955688477 0.40480154752731323
0.39650505781173706 0.4035644233226776
0.39651691913604736 0.41143298149108887
0.3959428369998932 0.4088909924030304
0.39579418301582336 0.4057570993900299
0.39567598700523376 0.40332746505737305
0.3968373239040375 0.41466861963272095
0.3961162567138672 0.41709375381469727
0.3961818218231201 0.4116530120372772
0.39593008160591125 0.4112500250339508
0.39571428298950195 0.4137113392353058
0.39576733112335205 0.4092000722885132
0.3959748148918152 0.40633273124694824
0.3960743844509125 0.4046145975589752
0.3956895172595978 0.40555277466773987
0.39591315388679504 0.4067922830581665
0.39623889327049255 0.41186824440956116
0.3959142863750458 0.404519647359848
0.39594295620918274 0.4074690341949463
0.39564186334609985 0.417465478181839
0.395652711391449 0.4042200446128845
0.39547285437583923 0.4235968291759491
0.39594191312789917 0.4050227999687195
0.39600494503974915 0.4046379327774048
0.3951996862888336 0.403919517993927
0.395281583070755 0.4059081971645355
0.3944738805294037 0.4076404273509979
0.39533376693725586 0.40849944949150085
0.3947785794734955 0.4253242015838623
0.3953777253627777 0.4083113372325897
0.39512380957603455 0.4084213972091675
0.3950372338294983 0.40925508737564087
0.39517661929130554 0.40929490327835083
0.3946482241153717 0.40746548771858215
0.39512529969215393 0.41318172216415405
0.3951658308506012 0.4108387231826782
0.3943233788013458 0.41371580958366394
0.39524587988853455 0.40503886342048645
0.39499229192733765 0.4101674258708954
0.39475396275520325 0.40737485885620117
0.39539769291877747 0.4053269922733307
0.3947202265262604 0.4238760769367218
0.394456148147583 0.414247065782547
0.3945912718772888 0.413833886384964
0.39477598667144775 0.4022480249404907
0.39419811964035034 0.405534029006958
0.39428308606147766 0.408519983291626
0.3942183256149292 0.40911442041397095
0.39409342408180237 0.40214940905570984
0.3943091332912445 0.41791316866874695
0.393873393535614 0.40905842185020447
0.39419087767601013 0.4047718644142151
0.3942123055458069 0.4044845998287201
0.3937113285064697 0.42629459500312805
0.3938412368297577 0.4088250994682312
0.39438596367836 0.4167393445968628
0.3936954438686371 0.4106864929199219
0.39424169063568115 0.4046798646450043
0.39350852370262146 0.4047136604785919
0.39386770129203796 0.4232463836669922
0.3937879204750061 0.40664413571357727
0.3934715986251831 0.4070144593715668
0.39320793747901917 0.40721988677978516
0.3935304284095764 0.40793728828430176
0.3936346471309662 0.41637101769447327
0.3938677906990051 0.4088059663772583
0.3937315046787262 0.4094468057155609
0.3937120735645294 0.413603812456131
0.3932972252368927 0.4155733287334442
0.39294153451919556 0.4125560224056244
0.3941078782081604 0.4058735966682434
0.39345356822013855 0.40468746423721313
0.3935081660747528 0.4103882908821106
0.39307263493537903 0.4102555215358734
0.3934587836265564 0.41067248582839966
0.3934026062488556 0.40576696395874023
0.39292722940444946 0.41480669379234314
0.393270343542099 0.40331313014030457
0.3929262161254883 0.4048377275466919
0.3928636312484741 0.4143717885017395
0.3939257264137268 0.40831542015075684
0.39275336265563965 0.4058268964290619
0.39357200264930725 0.4051107168197632
0.39322805404663086 0.4080418348312378
0.392666220664978 0.41385704278945923
0.39353668689727783 0.4039169251918793
0.3927029073238373 0.4138586223125458
0.3922569751739502 0.40372657775878906
0.3932110369205475 0.4036591053009033
0.3925330638885498 0.42614254355430603
0.39300739765167236 0.43459516763687134
0.3927168846130371 0.4112131595611572
0.39342936873435974 0.407129168510437
0.3924771547317505 0.4048709273338318
0.39239269495010376 0.4043791890144348
0.39211127161979675 0.40417009592056274
0.3921194076538086 0.404862642288208
0.39234140515327454 0.4116690456867218
0.3920413851737976 0.40503254532814026
0.3919335901737213 0.40607357025146484
0.39195379614830017 0.41810688376426697
0.3920956254005432 0.4147859215736389
0.3924274444580078 0.41226860880851746
0.39195355772972107 0.40311315655708313
0.39194580912590027 0.40322786569595337
0.3915960192680359 0.4030643105506897
0.3920366168022156 0.4083237051963806
0.3922877609729767 0.4050944447517395
0.3920862376689911 0.4061724543571472
0.3917843699455261 0.4184258282184601
0.39219433069229126 0.4108426868915558
0.39226752519607544 0.40874046087265015
0.39218670129776 0.4048161506652832
0.39200636744499207 0.4077931344509125
0.3919410705566406 0.4064083993434906
0.3918127119541168 0.40658795833587646
0.3918079435825348 0.4032203257083893
0.39135175943374634 0.4053795635700226
0.3913186192512512 0.40383023023605347
0.39121323823928833 0.4124012887477875
0.39124807715415955 0.406552791595459
0.39119288325309753 0.41132602095603943
0.39149338006973267 0.4124944508075714
0.39116787910461426 0.4195094108581543
0.39146310091018677 0.4086267650127411
0.391230046749115 0.4048812985420227
0.3910522162914276 0.40560677647590637
0.3908877968788147 0.40440863370895386
0.3910987675189972 0.4160534739494324
0.39071300625801086 0.40657737851142883
0.3910132646560669 0.4122547209262848
0.3906067907810211 0.4048830270767212
0.39117729663848877 0.40222644805908203
0.3908275365829468 0.4108595848083496
0.39089539647102356 0.4076436161994934
0.39043116569519043 0.4068290591239929
0.3911019265651703 0.407078355550766
0.39112797379493713 0.40611574053764343
0.3915116488933563 0.4087638556957245
0.3911699652671814 0.4175646901130676
0.3911285400390625 0.4056755304336548
0.39008691906929016 0.40550363063812256
0.3904944658279419 0.4061436951160431
0.3910295367240906 0.40498894453048706
0.39039862155914307 0.40413883328437805
0.3904232382774353 0.4073895514011383
0.390510231256485 0.417757511138916
0.3900977671146393 0.4259394109249115
0.3903599679470062 0.4124812185764313
0.390133798122406 0.4106042981147766
0.39018577337265015 0.4064185917377472
0.3902365565299988 0.40377843379974365
0.38976675271987915 0.41783589124679565
0.39006131887435913 0.40444323420524597
0.3901466131210327 0.4046381413936615
0.3900163173675537 0.4090781807899475
0.3906746208667755 0.40672701597213745
0.3897742033004761 0.40839678049087524
0.3898039758205414 0.4082747995853424
0.3903732895851135 0.4068686068058014
0.39025071263313293 0.4035160541534424
0.3899788558483124 0.4139627516269684
0.3901573717594147 0.41344258189201355
0.38981226086616516 0.41089552640914917
0.38964733481407166 0.4197699725627899
0.38931259512901306 0.4162479341030121
0.38970598578453064 0.43268853425979614
0.3893584907054901 0.41080185770988464
0.3897514045238495 0.4048369526863098
0.3898971378803253 0.4043002426624298
0.38961586356163025 0.40894731879234314
0.389687716960907 0.40671005845069885
0.38950568437576294 0.410086989402771
0.3895646631717682 0.40864962339401245
0.3892463743686676 0.41519907116889954
0.3898414969444275 0.40850895643234253
0.38919806480407715 0.4060095548629761
0.3894250988960266 0.4122639000415802
0.3889726400375366 0.40605995059013367
0.38929396867752075 0.40396663546562195
0.38942620158195496 0.40923115611076355
0.38922184705734253 0.40357279777526855
0.38919883966445923 0.40483686327934265
0.3888534605503082 0.4045650064945221
0.38927730917930603 0.4055982828140259
0.3892027735710144 0.40683233737945557
0.3888513743877411 0.4037214517593384
0.3888227641582489 0.4111911952495575
0.38889601826667786 0.4032237231731415
0.3889003098011017 0.4258166253566742
0.3885698616504669 0.41355881094932556
0.38845306634902954 0.40672460198402405
0.3887052536010742 0.40374556183815
0.38826560974121094 0.40566954016685486
0.3887013792991638 0.415001779794693
0.3887826204299927 0.4165489077568054
0.3885919749736786 0.4112967550754547
0.38841530680656433 0.4039241373538971
0.388449102640152 0.40485236048698425
0.3884213864803314 0.4026510417461395
0.38884246349334717 0.41466477513313293
0.3886930048465729 0.4151574373245239
0.3885495960712433 0.40642115473747253
0.38847771286964417 0.4045860469341278
0.38847440481185913 0.41089242696762085
0.388587087392807 0.4141857922077179
0.388497531414032 0.40367749333381653
0.3890797793865204 0.40512168407440186
0.3882085680961609 0.4058014452457428
0.38837292790412903 0.40620356798171997
0.38817298412323 0.42284709215164185
0.38800308108329773 0.40848979353904724
0.38828718662261963 0.40639832615852356
0.3881066143512726 0.4079153835773468
0.38791224360466003 0.40885695815086365
0.3876541554927826 0.41253483295440674
0.3878684937953949 0.40663671493530273
0.38798999786376953 0.4031195640563965
0.3878438472747803 0.4044955372810364
0.3878468871116638 0.4085710048675537
0.387661874294281 0.40397122502326965
0.3875853717327118 0.40656140446662903
0.38802260160446167 0.4113443195819855
0.387380987405777 0.40447601675987244
0.38794198632240295 0.40491095185279846
0.38776353001594543 0.4064716696739197
0.38774460554122925 0.409024178981781
0.38801950216293335 0.4065476059913635
0.38794299960136414 0.42314961552619934
0.3878099024295807 0.4095696210861206
0.3878481686115265 0.4093123972415924
0.38728055357933044 0.40544581413269043
0.3873448371887207 0.4044664204120636
0.38735684752464294 0.4038548469543457
0.38718336820602417 0.40338850021362305
0.3869617283344269 0.42459216713905334
0.38764649629592896 0.4056335389614105
0.3870109021663666 0.40960806608200073
0.3870275318622589 0.4055996835231781
0.38738757371902466 0.4071521461009979
0.3870246112346649 0.40428224205970764
0.3870321214199066 0.40468087792396545
0.38741153478622437 0.40520936250686646
0.38700225949287415 0.41074690222740173
0.38670146465301514 0.4078242778778076
0.3866584599018097 0.4051778018474579
0.3870725929737091 0.4225427210330963
0.3870166838169098 0.40627554059028625
0.3868485987186432 0.40584614872932434
0.3870669901371002 0.4063480496406555
0.3873360753059387 0.4109639823436737
0.38683852553367615 0.4048968255519867
0.3865666389465332 0.40404459834098816
0.38684728741645813 0.4034777879714966
0.38656261563301086 0.41008779406547546
0.38741251826286316 0.40662720799446106
0.3869136571884155 0.4045446813106537
0.38634175062179565 0.4110049307346344
0.3866005837917328 0.40430212020874023
0.3863316476345062 0.40431198477745056
0.3864385485649109 0.4080062508583069
0.3862839937210083 0.41198650002479553
0.38632339239120483 0.41126546263694763
0.3861129581928253 0.4119465947151184
0.38608023524284363 0.4036546051502228
0.3864220082759857 0.4059886336326599
0.3861686587333679 0.40767499804496765
0.386314332485199 0.4062974452972412
0.3860686421394348 0.40920892357826233
0.38612687587738037 0.40634897351264954
0.38625478744506836 0.4145728349685669
0.3859780430793762 0.4149077534675598
0.38628968596458435 0.407193124294281
0.38649314641952515 0.40658822655677795
0.3860660791397095 0.40554219484329224
0.3864569664001465 0.408724844455719
0.3866676986217499 0.4047384560108185
0.3860000669956207 0.40537476539611816
0.3858637809753418 0.40619221329689026
0.3860471248626709 0.40367475152015686
0.38628333806991577 0.40509241819381714
0.3855321407318115 0.4210249185562134
0.38601770997047424 0.40534457564353943
0.3856610655784607 0.40323278307914734
0.3860751986503601 0.4091247618198395
0.3854895234107971 0.40571773052215576
0.38543495535850525 0.4133467376232147
0.385805606842041 0.4083387851715088
0.38515928387641907 0.4050242304801941
0.3853171765804291 0.4147970676422119
0.3853510022163391 0.40386760234832764
0.3851073980331421 0.4056607782840729
0.38577818870544434 0.4058226943016052
0.3854144215583801 0.40470755100250244
0.3855089843273163 0.40879228711128235
0.3853003680706024 0.4077243506908417
0.38554826378822327 0.41701868176460266
0.38558417558670044 0.4069077968597412
0.38563376665115356 0.40531834959983826
0.3852240741252899 0.40848568081855774
0.38524794578552246 0.40702709555625916
0.3852836787700653 0.4063774049282074
0.38577800989151 0.40843188762664795
0.38530871272087097 0.40223321318626404
0.38415154814720154 0.4113990366458893
0.3850250840187073 0.4039765000343323
0.385091632604599 0.4105745851993561
0.38493508100509644 0.40743815898895264
0.3847835958003998 0.40390437841415405
0.38485443592071533 0.4047776162624359
0.38474592566490173 0.4054182469844818
0.3844492733478546 0.4034993648529053
0.3847249150276184 0.4074665307998657
0.3847848176956177 0.4092974364757538
0.38458263874053955 0.407346248626709
0.38465556502342224 0.417348176240921
0.3845981955528259 0.4112728238105774
0.3842826187610626 0.41030579805374146
0.38509100675582886 0.4076908826828003
0.3844621479511261 0.4212539792060852
0.3844529092311859 0.40800541639328003
0.3846895098686218 0.4050363302230835
0.384385347366333 0.40606600046157837
0.38417482376098633 0.4111291766166687
0.3843543827533722 0.40617039799690247
0.38449472188949585 0.4071911573410034
0.3841789662837982 0.41119787096977234
0.38382190465927124 0.40466561913490295
0.3843752145767212 0.40596455335617065
0.38408973813056946 0.408307284116745
0.3840104043483734 0.40603265166282654
0.38409239053726196 0.4049626588821411
0.3837086856365204 0.4080016314983368
0.38398638367652893 0.40762919187545776
0.384334534406662 0.40509986877441406
0.3841298818588257 0.40389978885650635
