1.5258969068527222 1.5052107572555542
1.4815887212753296 1.5234899520874023
1.4787068367004395 1.4986369609832764
1.4779099225997925 1.4983779191970825
1.4761757850646973 1.5081535577774048
1.4758615493774414 1.5085433721542358
1.4753507375717163 1.5131245851516724
1.4749181270599365 1.498547077178955
1.4748624563217163 1.4988892078399658
1.474712610244751 1.5056393146514893
1.4749476909637451 1.5010340213775635
1.474679708480835 1.5022079944610596
1.4746910333633423 1.5026565790176392
1.4746748208999634 1.5091619491577148
1.4744462966918945 1.5022653341293335
1.474125623703003 1.5008162260055542
1.4742634296417236 1.5002872943878174
1.4741790294647217 1.500799536705017
1.4740426540374756 1.4988518953323364
1.474242091178894 1.5070929527282715
1.4741439819335938 1.4994982481002808
1.4740159511566162 1.4996044635772705
1.4741291999816895 1.502378225326538
1.4741668701171875 1.515534520149231
1.473821997642517 1.5010497570037842
1.4737695455551147 1.5031592845916748
1.4737070798873901 1.5058012008666992
1.4737915992736816 1.502179503440857
1.4738215208053589 1.5091180801391602
1.4736361503601074 1.4990904331207275
1.4736653566360474 1.5161622762680054
1.4737894535064697 1.5016406774520874
1.4737401008605957 1.498867392539978
1.473348617553711 1.5075981616973877
1.4736665487289429 1.5147582292556763
1.473525047302246 1.5094398260116577
1.473613977432251 1.506908893585205
1.473435401916504 1.5067381858825684
1.473407506942749 1.5038455724716187
1.4733558893203735 1.5024380683898926
1.473447322845459 1.5021051168441772
1.4732856750488281 1.5072745084762573
1.4733164310455322 1.501871109008789
1.4736735820770264 1.5063666105270386
1.47340726852417 1.5032633543014526
1.4733846187591553 1.5016809701919556
1.47323477268219 1.5098412036895752
1.4732108116149902 1.4999616146087646
1.4731703996658325 1.5103693008422852
1.4731956720352173 1.5060622692108154
1.473150610923767 1.504196047782898
1.4731981754302979 1.5039130449295044
1.4731717109680176 1.508481502532959
1.4732725620269775 1.5034712553024292
1.473145604133606 1.5045267343521118
1.4731464385986328 1.5071959495544434
1.4733110666275024 1.5064891576766968
1.473131775856018 1.5011231899261475
1.472975492477417 1.50421142578125
1.4730545282363892 1.5007045269012451
1.4729702472686768 1.5009715557098389
1.4728885889053345 1.5086801052093506
1.4728010892868042 1.5013761520385742
1.4730561971664429 1.5055197477340698
1.4730159044265747 1.52194082736969
1.4727247953414917 1.5026953220367432
1.4728317260742188 1.5023866891860962
1.4728827476501465 1.5092151165008545
1.473020076751709 1.5124155282974243
1.4728590250015259 1.5027600526809692
1.472860336303711 1.50351881980896
1.4727109670639038 1.5028905868530273
1.472880244255066 1.5092922449111938
1.4728496074676514 1.5040180683135986
1.4728037118911743 1.512473225593567
1.472764015197754 1.5069730281829834
1.4727457761764526 1.5022457838058472
1.4726696014404297 1.5074422359466553
1.4727270603179932 1.5043855905532837
1.4726742506027222 1.5029146671295166
1.4727457761764526 1.5029866695404053
1.4726214408874512 1.5124986171722412
1.4725838899612427 1.5082898139953613
1.4727524518966675 1.5042901039123535
1.4725943803787231 1.5046212673187256
1.4688056707382202 1.4525045156478882
1.3914148807525635 1.4024934768676758
1.3741815090179443 1.3963403701782227
1.3516627550125122 1.360069990158081
1.3154029846191406 1.2982866764068604
1.174067497253418 1.068874478340149
0.9776679873466492 0.948782205581665
0.8924793004989624 0.8331229090690613
0.8088374137878418 0.8399060368537903
0.7527788877487183 0.7400510311126709
0.7111671566963196 0.6748130917549133
0.6864498853683472 0.7488635182380676
0.669092059135437 0.764820396900177
0.6576328873634338 0.6463999152183533
0.647516131401062 0.6152485013008118
0.6365084648132324 0.6442992091178894
0.6265604496002197 0.6100643277168274
0.616840660572052 0.618147075176239
0.6102104187011719 0.6201879978179932
0.602311372756958 0.5797832608222961
0.5948437452316284 0.5721271634101868
0.5876141786575317 0.6225842237472534
0.5838179588317871 0.6175363659858704
0.5778806805610657 0.6151560544967651
0.573173463344574 0.5634807348251343
0.5655768513679504 0.5558859705924988
0.5602008104324341 0.5443090796470642
0.5549099445343018 0.5548626780509949
0.5513289570808411 0.5567013621330261
0.5472555756568909 0.5455054044723511
0.5429298281669617 0.5695151090621948
0.5370068550109863 0.5288078188896179
0.5352625250816345 0.5327187180519104
0.5365685820579529 0.5233348608016968
0.5312443971633911 0.5428746938705444
0.5263084173202515 0.5167037844657898
0.5244982242584229 0.5286137461662292
0.5222145915031433 0.5016453266143799
0.5176063776016235 0.5292950868606567
0.5147393941879272 0.5624133348464966
0.5139966011047363 0.5033962726593018
0.511109471321106 0.49697303771972656
0.5065470337867737 0.5489734411239624
0.519525408744812 0.49058863520622253
0.5099859833717346 0.5090600848197937
0.5025777220726013 0.5423923134803772
0.4983919858932495 0.49045875668525696
0.5058693885803223 0.576981782913208
0.49606239795684814 0.4799952507019043
0.4928096830844879 0.48178932070732117
0.5057119727134705 0.5825009942054749
0.4909915626049042 0.5946457982063293
0.487501859664917 0.4715179204940796
0.4868314266204834 0.48245006799697876
0.4897298514842987 0.5060511231422424
0.4829295575618744 0.4962247312068939
0.4830787479877472 0.48204556107521057
0.4804750680923462 0.4950874447822571
0.47803276777267456 0.4935680627822876
0.4745529294013977 0.46600478887557983
0.47455286979675293 0.4917612671852112
0.4716593027114868 0.5260587334632874
0.48758500814437866 0.5108685493469238
0.46820855140686035 0.4686548709869385
0.46732810139656067 0.4645286202430725
0.4814812242984772 0.45393848419189453
0.46470361948013306 0.45642730593681335
0.46239444613456726 0.5087164640426636
0.4620458781719208 0.4528875946998596
0.470004677772522 0.553084135055542
0.4589661955833435 0.473715215921402
0.45951366424560547 0.47670069336891174
0.4584283232688904 0.45087939500808716
0.45648252964019775 0.4505360722541809
0.4642121195793152 0.4762709140777588
0.45556220412254333 0.4512389004230499
0.45978212356567383 0.4539526402950287
0.4548996388912201 0.4496842622756958
0.46921858191490173 0.4544900953769684
0.44856178760528564 0.44913628697395325
0.45116034150123596 0.46475592255592346
0.4531055986881256 0.4627140462398529
0.4463149905204773 0.4852175712585449
0.4452059864997864 0.4356329143047333
0.44536831974983215 0.45507797598838806
0.4448649287223816 0.46075117588043213
0.44399839639663696 0.4555203914642334
0.44341742992401123 0.4528934061527252
0.4454237222671509 0.47958314418792725
0.4393868148326874 0.4461045265197754
0.44187119603157043 0.45231425762176514
0.43794018030166626 0.443100243806839
0.49413245916366577 0.613433301448822
0.5416210889816284 0.4990029036998749
0.499304860830307 0.4763346016407013
0.48661258816719055 0.47555339336395264
0.47630003094673157 0.5223608016967773
0.4696677625179291 0.4748890995979309
0.4682692587375641 0.5271198749542236
0.4638470411300659 0.46048229932785034
0.4598432779312134 0.47264862060546875
0.4559037387371063 0.47419142723083496
0.45210373401641846 0.459750235080719
0.45356059074401855 0.5042144656181335
0.44851917028427124 0.43846651911735535
0.447535902261734 0.43074843287467957
0.44543176889419556 0.4794427454471588
0.44346967339515686 0.4322483539581299
0.4430619776248932 0.44006961584091187
0.44185304641723633 0.4748596251010895
0.440439373254776 0.4353926181793213
0.4411666691303253 0.45672908425331116
0.4399626553058624 0.46310701966285706
0.4379197359085083 0.4315037727355957
0.4374943673610687 0.4329044818878174
0.43459340929985046 0.42811471223831177
0.43508073687553406 0.51898193359375
0.4336993098258972 0.43704724311828613
0.43393343687057495 0.42973220348358154
0.43319398164749146 0.43978407979011536
0.4319854974746704 0.43950894474983215
0.4306409955024719 0.4452250599861145
0.43041372299194336 0.4197525680065155
0.42953675985336304 0.4759872853755951
0.4326428771018982 0.42312881350517273
0.42865535616874695 0.4250144362449646
0.4287421703338623 0.4328193664550781
0.4281071722507477 0.4217633008956909
0.4261181354522705 0.42365530133247375
0.4276059567928314 0.42288681864738464
0.42476335167884827 0.4846941828727722
0.42598196864128113 0.4608221650123596
0.42537859082221985 0.42915162444114685
0.4261178970336914 0.4319705367088318
0.42574161291122437 0.4184386134147644
0.4243418872356415 0.43814167380332947
0.423723042011261 0.43290045857429504
0.4226464629173279 0.41324901580810547
0.4235077202320099 0.41481339931488037
0.42309197783470154 0.4370702803134918
0.4227811396121979 0.4201161861419678
0.42033296823501587 0.42134448885917664
0.42191269993782043 0.44264695048332214
0.42242854833602905 0.4264678657054901
0.42255067825317383 0.416214257478714
0.4195513129234314 0.4311078190803528
0.4230450689792633 0.42106977105140686
0.42130959033966064 0.4398338794708252
0.4194287657737732 0.4363689124584198
0.41867974400520325 0.4246441423892975
0.419669508934021 0.47958290576934814
0.418851763010025 0.41307559609413147
0.41484126448631287 0.4212096035480499
0.415591299533844 0.4068666398525238
0.41628044843673706 0.40873199701309204
0.4183831512928009 0.4250580072402954
0.41524797677993774 0.41691362857818604
0.41653355956077576 0.4112103581428528
0.4151751399040222 0.4310736060142517
0.4149007499217987 0.41933420300483704
0.4146311283111572 0.4055308699607849
0.4136555790901184 0.4229104816913605
0.4148871898651123 0.42057493329048157
0.4154885709285736 0.4125645160675049
0.4152786433696747 0.44807398319244385
0.41202279925346375 0.4187259078025818
0.4130704402923584 0.4251902103424072
0.41319751739501953 0.41865575313568115
0.41245317459106445 0.4692460298538208
0.4132518172264099 0.41046658158302307
0.41107475757598877 0.41064688563346863
0.4127277731895447 0.4032503366470337
0.411097913980484 0.4131082594394684
0.41007208824157715 0.42479845881462097
0.40910476446151733 0.42269933223724365
0.4093177318572998 0.4174129068851471
0.4114058017730713 0.4293486177921295
0.409027099609375 0.4056864082813263
0.4103584289550781 0.4080556631088257
0.4096004068851471 0.4486143887042999
0.4088517129421234 0.41257983446121216
0.4077364206314087 0.4006331264972687
0.40780699253082275 0.41881364583969116
0.4073280394077301 0.40876251459121704
0.40701648592948914 0.407046914100647
0.4056133031845093 0.42892763018608093
0.4054984748363495 0.4122370481491089
0.4053218960762024 0.4085054397583008
0.40565675497055054 0.4016280770301819
0.40459007024765015 0.4030209183692932
0.40487372875213623 0.41092488169670105
0.40379974246025085 0.4012031555175781
0.40493127703666687 0.3965519070625305
0.40327373147010803 0.41589030623435974
0.40404900908470154 0.42818474769592285
0.40293243527412415 0.4181421101093292
0.40308505296707153 0.4301638901233673
0.4020371437072754 0.40336713194847107
0.4037177860736847 0.3963841199874878
0.40155941247940063 0.39894500374794006
0.40147483348846436 0.4199272096157074
0.402505487203598 0.41599127650260925
0.40013474225997925 0.41954877972602844
0.40218016505241394 0.45123016834259033
0.4007960557937622 0.3925043046474457
0.399666428565979 0.409721702337265
0.39989688992500305 0.3984720706939697
0.40072691440582275 0.3958430290222168
0.40022364258766174 0.41701072454452515
0.3987717926502228 0.39297860860824585
0.3988180160522461 0.399647980928421
0.3989914357662201 0.41345980763435364
0.3970705270767212 0.4064147472381592
0.3983021080493927 0.4075744152069092
0.39766407012939453 0.41467252373695374
0.3969881534576416 0.40797287225723267
0.39713090658187866 0.39232856035232544
0.39846330881118774 0.40552449226379395
0.39420846104621887 0.4124930202960968
0.3962608575820923 0.41692498326301575
0.3953726589679718 0.3948282301425934
0.39484477043151855 0.39722540974617004
0.393817663192749 0.39969396591186523
0.3938605487346649 0.4070393145084381
0.3930055499076843 0.3936496078968048
0.3931768834590912 0.3910509943962097
0.3932330012321472 0.40866905450820923
0.39427173137664795 0.3872396945953369
0.3942808210849762 0.43717268109321594
0.39120224118232727 0.39650657773017883
0.3933286964893341 0.39781656861305237
0.3916442096233368 0.3962334096431732
0.39026346802711487 0.40540820360183716
0.3916548490524292 0.3901723027229309
0.390940397977829 0.39369145035743713
0.39007702469825745 0.39833036065101624
0.39011287689208984 0.393749862909317
0.38831454515457153 0.39011624455451965
0.3890020549297333 0.3851187825202942
0.39004606008529663 0.3965604305267334
0.390118807554245 0.42902687191963196
0.3880036175251007 0.39457517862319946
0.3866852819919586 0.38626447319984436
0.3889158070087433 0.3832077085971832
0.38774317502975464 0.3957988917827606
0.38637077808380127 0.38883447647094727
0.38785648345947266 0.3830152153968811
0.3863318860530853 0.395753413438797
0.38757461309432983 0.3834831416606903
0.3856435716152191 0.38498130440711975
0.38697850704193115 0.3852395713329315
0.38505855202674866 0.402088463306427
0.38513046503067017 0.38608619570732117
0.38467347621917725 0.3841589391231537
0.38434791564941406 0.3873923718929291
0.38342323899269104 0.3869578242301941
0.3831154704093933 0.386233389377594
0.38337472081184387 0.3897872865200043
0.3837391138076782 0.38655388355255127
0.38301515579223633 0.39029690623283386
0.38242632150650024 0.3862491250038147
0.3834923505783081 0.3871605396270752
0.3820941150188446 0.3911973536014557
0.3826181888580322 0.3908206522464752
0.38176050782203674 0.4805851876735687
0.381614089012146 0.37893837690353394
0.381084144115448 0.37904098629951477
0.3808102607727051 0.3843509256839752
0.38233256340026855 0.38476645946502686
0.3805031180381775 0.37842512130737305
0.38139545917510986 0.3800908327102661
0.3803806006908417 0.4126836061477661
0.37987297773361206 0.3806983232498169
0.3815309405326843 0.39052578806877136
0.3804962933063507 0.37546056509017944
0.37978610396385193 0.38417452573776245
0.3802928626537323 0.39304855465888977
0.3792569041252136 0.37993013858795166
0.38043731451034546 0.3817344605922699
0.3786765933036804 0.3837948739528656
0.379181444644928 0.38052666187286377
0.37933552265167236 0.37958765029907227
0.3777948021888733 0.3902745544910431
0.378508985042572 0.397117555141449
0.3783455789089203 0.3853786587715149
0.3772057592868805 0.3882773816585541
0.37793371081352234 0.37683993577957153
0.37700164318084717 0.3761458694934845
0.37811997532844543 0.39487752318382263
0.378497838973999 0.39001360535621643
0.3761611580848694 0.3785628080368042
0.37673166394233704 0.3948020339012146
0.3768010437488556 0.37791958451271057
0.3771287500858307 0.37862470746040344
0.376608282327652 0.3775668740272522
0.3768136203289032 0.37748003005981445
0.3757972717285156 0.40339919924736023
0.37604907155036926 0.4083044230937958
0.37596580386161804 0.3811463415622711
0.37563642859458923 0.3930779993534088
0.3768904209136963 0.41050708293914795
0.37608587741851807 0.3835678696632385
0.3750332295894623 0.37484025955200195
0.3756057620048523 0.37447625398635864
0.37644749879837036 0.3742794394493103
0.37598443031311035 0.41191723942756653
0.3754870593547821 0.3710583746433258
0.37401142716407776 0.3738943040370941
0.37462368607521057 0.37708941102027893
0.3754066824913025 0.38185709714889526
0.37422776222229004 0.3756659924983978
0.37448209524154663 0.38713571429252625
0.37530627846717834 0.3812716603279114
0.3741690218448639 0.36986789107322693
0.37570521235466003 0.3879530131816864
0.3743162453174591 0.3752584457397461
0.37391072511672974 0.37271183729171753
0.3748334050178528 0.3731437921524048
0.3748239278793335 0.38014042377471924
0.3740510642528534 0.40699702501296997
0.373119056224823 0.3760092556476593
0.372225821018219 0.37260231375694275
0.3730716109275818 0.3811868131160736
0.37293505668640137 0.377066433429718
0.37281671166419983 0.3868905305862427
0.3729560375213623 0.37627118825912476
0.3731279671192169 0.3725830018520355
0.3725510537624359 0.38418906927108765
0.37194183468818665 0.377833753824234
0.37226998805999756 0.3749052584171295
0.37309351563453674 0.36984434723854065
0.37161505222320557 0.37421175837516785
0.37166649103164673 0.3884306848049164
0.3729744851589203 0.37738123536109924
0.37161320447921753 0.40037837624549866
0.3726002275943756 0.3742768168449402
0.3724813461303711 0.38953810930252075
0.3717544376850128 0.37038522958755493
0.37110772728919983 0.3724881708621979
0.3724530041217804 0.38906240463256836
0.37137386202812195 0.36974701285362244
0.3715379238128662 0.3695985674858093
0.37137535214424133 0.38870668411254883
0.37236288189888 0.3714182376861572
0.3708738386631012 0.3742925524711609
0.37120649218559265 0.3711530566215515
0.3725994825363159 0.37626421451568604
0.37097251415252686 0.3948928415775299
0.3709646165370941 0.3883192837238312
0.37088558077812195 0.38424357771873474
0.37081098556518555 0.38147446513175964
0.37133246660232544 0.39521464705467224
0.3707618713378906 0.37016963958740234
0.369281530380249 0.37998512387275696
0.3704569935798645 0.3764328062534332
0.36965054273605347 0.36817511916160583
0.3688800632953644 0.3780994415283203
0.3684038519859314 0.3776746392250061
0.370421439409256 0.38879987597465515
0.36997655034065247 0.3839074373245239
0.36986246705055237 0.37385377287864685
0.3691055178642273 0.3705112338066101
0.36950796842575073 0.36838850378990173
0.3688940703868866 0.37858450412750244
0.3691214919090271 0.37467220425605774
0.36902183294296265 0.3782814145088196
0.36853522062301636 0.3682577311992645
0.3678241968154907 0.37192168831825256
0.36851969361305237 0.37806031107902527
0.3686281144618988 0.3726383447647095
0.36817818880081177 0.375946581363678
0.36969494819641113 0.3781396150588989
0.3685090243816376 0.3673710823059082
0.3683850169181824 0.37233540415763855
0.36815503239631653 0.37972351908683777
0.3678394556045532 0.370544970035553
0.36770638823509216 0.3952803611755371
0.36895042657852173 0.3728143870830536
0.36909428238868713 0.3683687150478363
0.3675425350666046 0.3874646723270416
0.3678416311740875 0.3818080425262451
0.3680291175842285 0.3725910186767578
0.3684968054294586 0.3762744963169098
0.36879172921180725 0.36889350414276123
0.3670874834060669 0.3699611723423004
0.3678847849369049 0.3732202351093292
0.3671300411224365 0.36766907572746277
0.36716440320014954 0.37420743703842163
0.3666568696498871 0.3796055316925049
0.3665323257446289 0.3762398958206177
0.366457462310791 0.36743736267089844
0.3668317496776581 0.38501060009002686
0.36663004755973816 0.36688899993896484
0.3662075698375702 0.3762480318546295
0.3658975660800934 0.37864625453948975
0.36658093333244324 0.39186593890190125
0.365772545337677 0.3653455376625061
0.3671267032623291 0.37891846895217896
0.36612993478775024 0.3737313747406006
0.3663559556007385 0.3719741106033325
0.3653919994831085 0.38175123929977417
0.36569055914878845 0.38418668508529663
0.3656366765499115 0.4096395969390869
0.3665541410446167 0.3640739321708679
0.36599454283714294 0.37126246094703674
0.36657392978668213 0.36445024609565735
0.36563611030578613 0.3750869333744049
0.3659510910511017 0.3722948133945465
0.3651285171508789 0.36482149362564087
0.36584213376045227 0.4070817232131958
0.36565592885017395 0.3866661787033081
0.3663775324821472 0.37835732102394104
0.36541110277175903 0.3888547122478485
0.36570677161216736 0.37401649355888367
0.3646761476993561 0.3684276044368744
0.3652746379375458 0.3943710923194885
0.36528870463371277 0.3657403886318207
0.3653738796710968 0.3660832643508911
0.3651515543460846 0.3778204619884491
0.36473456025123596 0.3748013973236084
0.36509838700294495 0.3696279525756836
0.36407768726348877 0.3650718331336975
0.36495932936668396 0.38867637515068054
0.3638167679309845 0.43450507521629333
0.3632093667984009 0.36585891246795654
0.3645557761192322 0.3661887049674988
0.36462435126304626 0.38556474447250366
0.3649323880672455 0.37911200523376465
0.363128125667572 0.37899723649024963
0.364152193069458 0.3731473684310913
0.3638758361339569 0.3739789128303528
0.36370086669921875 0.3799337148666382
0.3641570210456848 0.36692774295806885
0.36353230476379395 0.3716605305671692
0.36415839195251465 0.36946043372154236
0.36319199204444885 0.376675009727478
0.36333391070365906 0.3840847611427307
0.3640795648097992 0.3628882169723511
0.3639683723449707 0.3731859028339386
0.36334601044654846 0.3690020740032196
0.3628101050853729 0.3667059540748596
0.36357250809669495 0.3659804165363312
0.363338828086853 0.36835935711860657
0.3632354140281677 0.3659723103046417
0.36337587237358093 0.36326873302459717
0.3631746172904968 0.36575940251350403
0.3637508153915405 0.3630731701850891
0.36315444111824036 0.361598938703537
0.3630482852458954 0.3665288984775543
0.3633953630924225 0.3656756281852722
0.3627345860004425 0.36534589529037476
0.36241602897644043 0.3671925663948059
0.36258578300476074 0.36510396003723145
0.3623543679714203 0.36451825499534607
0.36233025789260864 0.3702757954597473
0.36226212978363037 0.3815893232822418
0.36227595806121826 0.371586412191391
0.36274704337120056 0.364028662443161
0.36158737540245056 0.3687859773635864
0.3623177111148834 0.38452425599098206
0.36196428537368774 0.3745025396347046
0.3622763454914093 0.3618909418582916
0.3619995713233948 0.3613462746143341
0.36246785521507263 0.4000740349292755
0.36163949966430664 0.36734846234321594
0.3618162274360657 0.3650709390640259
0.3613666296005249 0.37108150124549866
0.3619948625564575 0.3800470232963562
0.3627517521381378 0.3651074469089508
0.3611010015010834 0.3762740194797516
0.3617647588253021 0.3804255723953247
0.36114808917045593 0.3628699481487274
0.3622059226036072 0.39099374413490295
0.3612765967845917 0.36335697770118713
0.36172595620155334 0.36508259177207947
0.36120864748954773 0.38698241114616394
0.36158567667007446 0.3636143207550049
0.36101582646369934 0.3610687255859375
0.3606779873371124 0.36542826890945435
0.36176183819770813 0.3663119077682495
0.36043256521224976 0.3690732717514038
0.3609388470649719 0.3620721101760864
0.36157354712486267 0.365424245595932
0.3612535893917084 0.36833256483078003
0.3614264726638794 0.36483561992645264
0.361460417509079 0.3758503198623657
0.36094024777412415 0.3783162236213684
0.36008143424987793 0.37402868270874023
0.3602370619773865 0.36917951703071594
0.36024010181427 0.3683147132396698
0.35975193977355957 0.3911280930042267
0.36035433411598206 0.36959654092788696
0.3602748513221741 0.37093961238861084
0.36035096645355225 0.3661608099937439
0.36013978719711304 0.3740159571170807
0.36039477586746216 0.370889276266098
0.3606492280960083 0.3608601987361908
0.36044180393218994 0.36917704343795776
0.35999250411987305 0.3795289099216461
0.3595137894153595 0.36765649914741516
0.3595612645149231 0.3664209544658661
0.36057591438293457 0.36685267090797424
0.359558641910553 0.37528225779533386
0.3594744801521301 0.36329925060272217
0.3599298298358917 0.3658176064491272
0.3592149317264557 0.3735487163066864
0.3600831627845764 0.36685630679130554
0.35980895161628723 0.3724328279495239
0.3602565824985504 0.36867472529411316
0.36048436164855957 0.3783843219280243
0.3598255515098572 0.38059568405151367
0.36025604605674744 0.3674356937408447
0.35926553606987 0.36784350872039795
0.3601568937301636 0.3589792251586914
0.3593246340751648 0.3645929992198944
0.3596208989620209 0.3696218729019165
0.35957351326942444 0.36283183097839355
0.360390841960907 0.36938905715942383
0.3599739670753479 0.39225324988365173
0.35906150937080383 0.37045276165008545
0.3603940010070801 0.3722125291824341
0.3586774468421936 0.36930733919143677
0.3589975833892822 0.36086249351501465
0.35895735025405884 0.3612610995769501
0.358621746301651 0.3669396936893463
0.3578152060508728 0.36658814549446106
0.35891303420066833 0.36054936051368713
0.35808679461479187 0.3603460490703583
0.35879868268966675 0.3705984354019165
0.3583069145679474 0.3726295232772827
0.3586168885231018 0.37051641941070557
0.3595346212387085 0.3610771596431732
0.35805562138557434 0.3623689115047455
0.35871511697769165 0.36361950635910034
0.35814741253852844 0.3686848282814026
0.3585556447505951 0.37986093759536743
0.3585931658744812 0.3615802228450775
0.3575844168663025 0.3606395423412323
0.3587797284126282 0.3778741657733917
0.35778501629829407 0.36081182956695557
0.3581441342830658 0.36693233251571655
0.35836130380630493 0.37723076343536377
0.358011394739151 0.3607151210308075
0.35770583152770996 0.37731805443763733
0.3585538864135742 0.38144633173942566
0.3581286072731018 0.3661659061908722
0.3576696515083313 0.3636406660079956
0.35803472995758057 0.38261303305625916
0.35789382457733154 0.3600601255893707
0.3589233160018921 0.36586567759513855
0.357515424489975 0.37760913372039795
0.35745128989219666 0.36180347204208374
0.3584233224391937 0.3673400282859802
0.35785460472106934 0.3724376857280731
0.35713812708854675 0.3709125518798828
0.35686928033828735 0.3747049868106842
0.35682711005210876 0.3642103672027588
0.3576473593711853 0.3587920665740967
0.3570806086063385 0.36868923902511597
0.35809066891670227 0.3645772337913513
0.3569778501987457 0.36631643772125244
0.3578507602214813 0.37193888425827026
0.35733190178871155 0.36008772253990173
0.3568090796470642 0.3662813901901245
0.3567226231098175 0.36977842450141907
0.35671648383140564 0.3653864860534668
0.35670050978660583 0.3630697727203369
0.3572070002555847 0.3620481491088867
0.35734060406684875 0.3924647867679596
0.35610583424568176 0.3680765628814697
0.35647299885749817 0.3674754202365875
0.3565206229686737 0.36989134550094604
0.3558482229709625 0.3671264350414276
0.3567023277282715 0.3691589832305908
0.35593441128730774 0.3748270571231842
0.3571268916130066 0.36146578192710876
0.3559485077857971 0.3622168302536011
0.3564935028553009 0.3610202670097351
0.3562452495098114 0.3719020187854767
0.35686197876930237 0.365386962890625
0.356754869222641 0.36714839935302734
0.35652074217796326 0.3796946406364441
0.35600849986076355 0.37483876943588257
0.3566782474517822 0.3963816165924072
0.3560957908630371 0.36077553033828735
0.35630685091018677 0.35885825753211975
0.3562275767326355 0.36713194847106934
0.3557203710079193 0.35751575231552124
0.3552980422973633 0.3620905578136444
0.3562287390232086 0.36218366026878357
0.35590052604675293 0.36024928092956543
0.35583212971687317 0.36021170020103455
0.35584479570388794 0.373334139585495
0.3550891876220703 0.3693898618221283
0.3551599979400635 0.36596018075942993
0.354926198720932 0.370257169008255
0.3551405668258667 0.37352094054222107
0.3549616038799286 0.36215823888778687
0.3557116985321045 0.3620147407054901
0.3553323447704315 0.3629109263420105
0.35593652725219727 0.36665046215057373
0.3548074960708618 0.37362363934516907
0.3551667332649231 0.3613969683647156
0.35455137491226196 0.3621504604816437
0.35598689317703247 0.38098475337028503
0.3553367853164673 0.38903331756591797
0.35592859983444214 0.3659452497959137
0.3554897904396057 0.3629431128501892
0.35509276390075684 0.35851216316223145
0.3548716604709625 0.3659951686859131
0.3550936281681061 0.35905835032463074
0.35458216071128845 0.3698371350765228
0.3552429974079132 0.3685634732246399
0.3553265631198883 0.3638782799243927
0.35525310039520264 0.3616178035736084
0.3549862504005432 0.37613487243652344
0.35464033484458923 0.360786110162735
0.3545924425125122 0.3660973608493805
0.35476264357566833 0.3785291016101837
0.35483139753341675 0.36636149883270264
0.3548557758331299 0.37490221858024597
0.354905366897583 0.3713271915912628
0.35428866744041443 0.359729140996933
0.35463905334472656 0.3595711886882782
0.35415077209472656 0.359735369682312
0.35444238781929016 0.36798837780952454
0.3547467589378357 0.361989825963974
0.3545338213443756 0.36387333273887634
0.35382694005966187 0.3750016689300537
0.35425853729248047 0.36690276861190796
0.3541339039802551 0.38174232840538025
0.353800892829895 0.3592868149280548
0.35375797748565674 0.3665316104888916
0.35477542877197266 0.3916028141975403
0.35367414355278015 0.37804868817329407
0.3538968563079834 0.3619834780693054
0.3539605438709259 0.36069217324256897
0.3536872863769531 0.3817238509654999
0.35395509004592896 0.3590948283672333
0.3538309335708618 0.36589550971984863
0.3530272841453552 0.3595849871635437
0.35369279980659485 0.3709545135498047
0.35354435443878174 0.3682146370410919
0.35426509380340576 0.3622626066207886
0.35386529564857483 0.36197078227996826
0.35364723205566406 0.3760293126106262
0.3532346487045288 0.36509233713150024
0.3538965582847595 0.3571116328239441
0.3538559079170227 0.36821359395980835
0.3542138636112213 0.3703318238258362
0.35324034094810486 0.3586612045764923
0.35362234711647034 0.36253294348716736
0.35346829891204834 0.360768586397171
0.35286593437194824 0.3912312090396881
0.35369420051574707 0.365447998046875
0.3528309762477875 0.3689786195755005
0.35307857394218445 0.3703271746635437
0.3531329333782196 0.361695259809494
0.35342416167259216 0.3667448163032532
0.35306888818740845 0.3601595461368561
0.353081077337265 0.3821873962879181
0.3530023396015167 0.37448400259017944
0.3525931239128113 0.36251527070999146
0.3527929186820984 0.35932451486587524
0.3530004918575287 0.366946816444397
0.35289961099624634 0.36473146080970764
0.3529222905635834 0.36824944615364075
0.353396475315094 0.359541654586792
0.35289907455444336 0.36797061562538147
0.3533129096031189 0.37660476565361023
0.35192880034446716 0.3582678437232971
0.35354775190353394 0.3692307472229004
0.3533659279346466 0.3661959767341614
0.35245761275291443 0.3633817136287689
0.35262569785118103 0.3620983064174652
0.3529718220233917 0.3739975094795227
0.3519517481327057 0.37064751982688904
0.35263592004776 0.36055222153663635
0.35273993015289307 0.37456393241882324
0.3526662290096283 0.3606107532978058
0.3531947731971741 0.3640027940273285
0.35277849435806274 0.36312463879585266
0.35234543681144714 0.38302966952323914
0.35232675075531006 0.3758096396923065
0.3526858389377594 0.38077858090400696
0.35173851251602173 0.3603086769580841
0.3524990677833557 0.36359068751335144
0.35249459743499756 0.36730870604515076
0.3521386384963989 0.36834388971328735
0.35166308283805847 0.3608613610267639
0.35160091519355774 0.3610599637031555
0.3514437675476074 0.35765355825424194
0.35198625922203064 0.3574741780757904
0.3523868918418884 0.35895586013793945
0.35152775049209595 0.3636769652366638
0.3518218696117401 0.36400046944618225
0.3515802025794983 0.3579508364200592
0.35118433833122253 0.3681439161300659
0.35118749737739563 0.37166112661361694
0.3517189025878906 0.3610261082649231
0.3509456217288971 0.3645671308040619
0.3509369492530823 0.3695410192012787
0.35188135504722595 0.3649587035179138
0.35187268257141113 0.36891379952430725
0.3516010344028473 0.3649672865867615
0.3517073690891266 0.37032097578048706
0.35182636976242065 0.3854130208492279
0.35163211822509766 0.3694058954715729
0.3517369329929352 0.36497169733047485
0.35159191489219666 0.36257901787757874
0.3510163426399231 0.36251822113990784
0.35138410329818726 0.359849214553833
0.35069572925567627 0.36940646171569824
0.35109034180641174 0.3726326823234558
0.3512588143348694 0.3657187223434448
