1.5021390914916992 1.5096428394317627
1.4805670976638794 1.5011086463928223
1.4646527767181396 1.4210355281829834
1.16061270236969 1.0051031112670898
0.896825909614563 0.85720294713974
0.7932127714157104 0.7694963216781616
0.7336786389350891 0.6995929479598999
0.6910267472267151 0.6762604117393494
0.6698943972587585 0.6606297492980957
0.6571329236030579 0.6507923007011414
0.6459913849830627 0.6411243677139282
0.6286671757698059 0.6402090191841125
0.6144525408744812 0.6021449565887451
0.5786870718002319 0.565382719039917
0.5260063409805298 0.5046576261520386
0.49799230694770813 0.4959251284599304
0.47444164752960205 0.4698084592819214
0.4636504352092743 0.47799327969551086
0.45427656173706055 0.4502861797809601
0.444429874420166 0.42278411984443665
0.4406723976135254 0.48989641666412354
0.42868682742118835 0.43394842743873596
0.4248907268047333 0.41238799691200256
0.42193248867988586 0.4326637089252472
0.41804224252700806 0.39582517743110657
0.4130633771419525 0.40280967950820923
0.4106563627719879 0.44590064883232117
0.40792617201805115 0.42844000458717346
0.4081399738788605 0.3991011679172516
0.39996781945228577 0.3895720839500427
0.3982502818107605 0.3904072940349579
0.3975279927253723 0.3853936493396759
0.39498594403266907 0.5002906918525696
0.39471325278282166 0.39859092235565186
0.3920370042324066 0.3687019646167755
0.392012357711792 0.3965854048728943
0.3886604905128479 0.37421631813049316
0.3889881670475006 0.41211602091789246
0.3846253454685211 0.3649129867553711
0.3870634138584137 0.38962894678115845
0.38707080483436584 0.43101948499679565
0.3844653069972992 0.37409380078315735
0.3810853064060211 0.4493790864944458
0.3813687264919281 0.4692855179309845
0.378731369972229 0.37121471762657166
0.3772960305213928 0.41804006695747375
0.3784220218658447 0.36212804913520813
0.37859758734703064 0.365010529756546
0.3757530152797699 0.38002365827560425
0.37281274795532227 0.3710184395313263
0.3771466314792633 0.4200664758682251
0.37466365098953247 0.4036080837249756
0.37117305397987366 0.3966521918773651
0.37109681963920593 0.36407792568206787
0.3706373870372772 0.3854275047779083
0.372185081243515 0.3770281970500946
0.37069258093833923 0.37542280554771423
0.36691537499427795 0.3710663914680481
0.3678240180015564 0.39034658670425415
0.3665875196456909 0.3755122423171997
0.36876147985458374 0.3571010231971741
0.3692634701728821 0.3830084502696991
0.36373379826545715 0.4174824357032776
0.36575451493263245 0.35078927874565125
0.36196479201316833 0.39559754729270935
0.36285075545310974 0.34532853960990906
0.36203861236572266 0.3625912666320801
0.3589191138744354 0.36835455894470215
0.3604317605495453 0.3552267849445343
0.3550054728984833 0.39343419671058655
0.35690268874168396 0.37683460116386414
0.35553839802742004 0.3451540768146515
0.3569333255290985 0.34013715386390686
0.35581114888191223 0.3466264009475708
0.35474300384521484 0.3570757806301117
0.3508251905441284 0.37848547101020813
0.351117879152298 0.3715573847293854
0.35322368144989014 0.3882182836532593
0.35241830348968506 0.3749673366546631
0.3505004942417145 0.33462274074554443
0.35300713777542114 0.33883777260780334
0.3525336980819702 0.36836355924606323
0.3489164113998413 0.3510230481624603
0.3460381031036377 0.3555261194705963
0.34697866439819336 0.3351656496524811
0.3497841954231262 0.34056955575942993
0.3463344871997833 0.37427982687950134
0.34763211011886597 0.33932191133499146
0.3451366126537323 0.39987558126449585
0.3453715145587921 0.3441307842731476
0.3447866141796112 0.35288166999816895
0.34453222155570984 0.37222278118133545
0.34478017687797546 0.3516172766685486
0.3451797068119049 0.35955265164375305
0.34325918555259705 0.3332419991493225
0.34339022636413574 0.38637256622314453
0.3416195809841156 0.34541788697242737
0.3407748341560364 0.3545643389225006
0.3402656614780426 0.3632275462150574
0.3419495224952698 0.3950662314891815
0.340824693441391 0.3371941149234772
0.33873575925827026 0.3354471027851105
0.33845457434654236 0.34539011120796204
0.34084004163742065 0.4000728130340576
0.3400629162788391 0.39524388313293457
0.33823302388191223 0.3357178568840027
0.3383513391017914 0.34914663434028625
0.3372735381126404 0.3730980157852173
0.3373635709285736 0.3622991740703583
0.3358609974384308 0.32792165875434875
0.3354623019695282 0.33075183629989624
0.3377361297607422 0.33110737800598145
0.337654173374176 0.3428783416748047
0.33486104011535645 0.3390063941478729
0.33672380447387695 0.3792584240436554
0.33516401052474976 0.33356034755706787
0.3358200490474701 0.39187511801719666
0.3340361714363098 0.3196818232536316
0.33733442425727844 0.36046838760375977
0.33397433161735535 0.3210282027721405
0.3359696865081787 0.32775768637657166
0.3341461718082428 0.3308461904525757
0.3312477171421051 0.3539784252643585
0.3300822973251343 0.34156954288482666
0.3318350911140442 0.3265346586704254
0.33112552762031555 0.3219637870788574
0.33329370617866516 0.34779447317123413
0.3321754038333893 0.36151596903800964
0.3301767408847809 0.33526626229286194
0.3332100510597229 0.332619845867157
0.3288182020187378 0.35337239503860474
0.32989126443862915 0.35646501183509827
0.3329221308231354 0.3194173276424408
0.33287400007247925 0.33796054124832153
0.33028239011764526 0.32481372356414795
0.32797184586524963 0.32274866104125977
0.32805246114730835 0.37656164169311523
0.32807934284210205 0.31402575969696045
0.3267039656639099 0.3172810971736908
0.3288106918334961 0.336362361907959
0.32660743594169617 0.35585418343544006
0.32794463634490967 0.3499796688556671
0.328822523355484 0.3194500207901001
0.32716625928878784 0.35261139273643494
0.32752424478530884 0.3176601231098175
0.32363054156303406 0.36363115906715393
0.32443466782569885 0.3263072073459625
0.3262365758419037 0.32929906249046326
0.32609906792640686 0.35211458802223206
0.32710033655166626 0.31293901801109314
0.32592129707336426 0.32889556884765625
0.32613039016723633 0.32203856110572815
0.3247184753417969 0.3228795528411865
0.3235987424850464 0.3228909373283386
0.32421034574508667 0.40631505846977234
0.32666537165641785 0.31218647956848145
0.32418715953826904 0.3480634093284607
0.3232211768627167 0.33517685532569885
0.3246578574180603 0.32229065895080566
0.3221590518951416 0.3512479364871979
0.32243674993515015 0.319353312253952
0.3231528103351593 0.3424678444862366
0.32449787855148315 0.33638373017311096
0.3237490952014923 0.3255971670150757
0.3242807984352112 0.338201642036438
0.3229465186595917 0.31544411182403564
0.32255005836486816 0.3203766942024231
0.32243525981903076 0.4215235114097595
0.32272160053253174 0.3426794111728668
0.32181522250175476 0.3139394223690033
0.3193327486515045 0.3167031705379486
0.31970056891441345 0.35527342557907104
0.3219399154186249 0.3873246908187866
0.3224198818206787 0.3634381592273712
0.3199860155582428 0.35494405031204224
0.3201870620250702 0.32903748750686646
0.31851303577423096 0.32462847232818604
0.3202471435070038 0.32613179087638855
0.3196604251861572 0.32578495144844055
0.319274365901947 0.3327673375606537
0.3195204734802246 0.3133130669593811
0.3178580105304718 0.3216707110404968
0.3188801407814026 0.35508275032043457
0.3194195032119751 0.3317085802555084
0.316887766122818 0.3218209147453308
0.3193785548210144 0.3125218451023102
0.3207795023918152 0.32431328296661377
0.3197692632675171 0.31156790256500244
0.31539803743362427 0.3128298223018646
0.31517642736434937 0.3123013377189636
0.3181142807006836 0.3282453715801239
0.32024115324020386 0.31678128242492676
0.31996238231658936 0.3396553099155426
0.3170192837715149 0.321570485830307
0.3153471052646637 0.34322336316108704
0.31786951422691345 0.35110029578208923
0.31741654872894287 0.336866557598114
0.31571251153945923 0.3231523036956787
0.3165908455848694 0.35247039794921875
0.31503060460090637 0.33315548300743103
0.3173975348472595 0.3226584494113922
0.31662842631340027 0.3079242706298828
0.31708064675331116 0.3213347792625427
0.3146994113922119 0.3358769118785858
0.3150448799133301 0.3207310438156128
0.3173935115337372 0.35803648829460144
0.3147175908088684 0.3555660545825958
0.315180242061615 0.33761388063430786
0.3147331178188324 0.31133291125297546
0.3138287365436554 0.3134702742099762
0.313445121049881 0.3543500304222107
0.31346362829208374 0.3274767994880676
0.31655746698379517 0.31706950068473816
0.31367844343185425 0.32750362157821655
0.314369797706604 0.3400379717350006
0.31355953216552734 0.3406427502632141
0.31532248854637146 0.3358613848686218
0.3132123053073883 0.3073411285877228
0.31294775009155273 0.3341463804244995
0.31238389015197754 0.3080645799636841
0.3133019804954529 0.34639960527420044
0.31348085403442383 0.3249901831150055
0.3131221532821655 0.30621781945228577
0.31090429425239563 0.31507107615470886
0.31170928478240967 0.31759750843048096
0.3127697706222534 0.3351607918739319
0.313472181558609 0.33342552185058594
0.3126623332500458 0.3180466294288635
0.3126721680164337 0.3305114209651947
0.3117966055870056 0.3054436445236206
0.31233254075050354 0.3250867426395416
0.3135043978691101 0.3662295937538147
0.3126392066478729 0.35678544640541077
0.31155478954315186 0.3345714807510376
0.3129587471485138 0.3181551694869995
0.31188634037971497 0.31923457980155945
0.3107929825782776 0.31806591153144836
0.31198856234550476 0.38160043954849243
0.31190913915634155 0.30911797285079956
0.3089866042137146 0.31180310249328613
0.31015247106552124 0.3182368874549866
0.30917778611183167 0.3082202970981598
0.31093481183052063 0.30784159898757935
0.30974245071411133 0.3209007680416107
0.31036657094955444 0.3830380439758301
0.3095477819442749 0.31630727648735046
0.3101710379123688 0.3099859058856964
0.30938228964805603 0.30914726853370667
0.30902916193008423 0.34119927883148193
0.30845165252685547 0.3447474241256714
0.30990979075431824 0.3080747127532959
0.3094049096107483 0.32068103551864624
0.309376060962677 0.3272515535354614
0.3089052438735962 0.31058263778686523
0.30892038345336914 0.3112439811229706
0.30910763144493103 0.35094335675239563
0.3097161054611206 0.31772997975349426
0.3078625202178955 0.30796149373054504
0.30950984358787537 0.33992987871170044
0.3087959289550781 0.3219625651836395
0.3084183931350708 0.3450082540512085
0.30765146017074585 0.304232120513916
0.3088217079639435 0.31038129329681396
0.3067961037158966 0.30727386474609375
0.3091215491294861 0.301817387342453
0.3068874478340149 0.3256808817386627
0.3088318407535553 0.3130136728286743
0.30788347125053406 0.3220904469490051
0.3084994852542877 0.39004963636398315
0.3076491355895996 0.3112911880016327
0.30646976828575134 0.32275402545928955
0.3060535192489624 0.34873753786087036
0.3083372116088867 0.31652340292930603
0.30544382333755493 0.31703218817710876
0.30456122756004333 0.37122511863708496
0.3062911629676819 0.3155518174171448
0.3052716851234436 0.3388233780860901
0.3074676990509033 0.31180694699287415
0.3060644268989563 0.30660250782966614
0.3064260482788086 0.31731128692626953
0.30718523263931274 0.3316624164581299
0.30663928389549255 0.31385430693626404
0.30473098158836365 0.30701327323913574
0.30712664127349854 0.3185947835445404
0.30552682280540466 0.3524702489376068
0.30576300621032715 0.3005974590778351
0.3076673448085785 0.3490685224533081
0.30436497926712036 0.31231024861335754
0.30675557255744934 0.3015139400959015
0.30574434995651245 0.3079772889614105
0.3051088750362396 0.3137616217136383
0.30437731742858887 0.3251386880874634
0.3050652742385864 0.3785962164402008
0.3060823082923889 0.3454786539077759
0.30758243799209595 0.31075286865234375
0.30640777945518494 0.35867199301719666
0.30405184626579285 0.31524458527565
0.30446940660476685 0.3868265748023987
0.30463382601737976 0.3014758229255676
0.3035775125026703 0.31747257709503174
0.30329594016075134 0.31105273962020874
0.3035481572151184 0.3103181719779968
0.30394142866134644 0.30779850482940674
0.30561646819114685 0.3143153190612793
0.30477210879325867 0.30475473403930664
0.303134948015213 0.30701977014541626
0.301301509141922 0.3073660433292389
0.30349189043045044 0.3371998369693756
0.3044246435165405 0.3125803768634796
0.3035513162612915 0.3068429231643677
0.3033381998538971 0.33575987815856934
0.3045848608016968 0.3172363340854645
0.30217939615249634 0.3068515658378601
0.30507370829582214 0.3267556428909302
0.3014659583568573 0.32761716842651367
0.30225610733032227 0.30651718378067017
0.3018481135368347 0.31255221366882324
0.30179354548454285 0.30629968643188477
0.30276018381118774 0.31613290309906006
0.30355146527290344 0.3045859932899475
0.3025774657726288 0.31042081117630005
0.30306461453437805 0.3060338795185089
0.3018193244934082 0.33331096172332764
0.3025817573070526 0.30604231357574463
0.30298158526420593 0.31138959527015686
0.30248522758483887 0.29788362979888916
0.3025560975074768 0.35477215051651
0.3012889325618744 0.3154709041118622
0.3021192252635956 0.3341931104660034
0.3022511601448059 0.307552307844162
0.3013651669025421 0.31464675068855286
0.3026706576347351 0.3003002107143402
0.3009118139743805 0.3081425130367279
0.30129343271255493 0.3156488239765167
0.3008275628089905 0.32767218351364136
0.30174413323402405 0.30903613567352295
0.3025326728820801 0.32131126523017883
0.2987772524356842 0.3070034086704254
0.30108943581581116 0.3112120032310486
0.3000674545764923 0.3013453781604767
0.3011711835861206 0.3059665262699127
0.2998880445957184 0.30108407139778137
0.29998132586479187 0.3014273941516876
0.29945701360702515 0.33177098631858826
0.29916754364967346 0.31205469369888306
0.2984914481639862 0.34724166989326477
0.30002373456954956 0.3110013008117676
0.2979418933391571 0.30896708369255066
0.30176353454589844 0.30825015902519226
0.3002460300922394 0.38490715622901917
0.2996124029159546 0.31188714504241943
0.3021172881126404 0.2989204525947571
0.3002578020095825 0.3222790062427521
0.29815059900283813 0.34332525730133057
0.29928305745124817 0.30224740505218506
0.3002658784389496 0.32631027698516846
0.29999789595603943 0.29972657561302185
0.29963406920433044 0.3003995716571808
0.29983726143836975 0.3010185956954956
0.29853102564811707 0.30610164999961853
0.2987665832042694 0.3347649872303009
0.2998105585575104 0.3115004301071167
0.2993148863315582 0.30265283584594727
0.29827797412872314 0.3154889643192291
0.2991248369216919 0.30846476554870605
0.300903856754303 0.3077464997768402
0.2999078333377838 0.3089384138584137
0.29768693447113037 0.3033991754055023
0.2991061806678772 0.29835379123687744
0.2990149259567261 0.3062915503978729
0.29771924018859863 0.2991993725299835
0.29879677295684814 0.31620916724205017
0.29679739475250244 0.29856276512145996
0.29740339517593384 0.30190661549568176
0.2973066568374634 0.3060067296028137
0.29831504821777344 0.2981698513031006
0.29834383726119995 0.33923986554145813
0.2963365614414215 0.30217209458351135
0.29720598459243774 0.3078925907611847
0.29901912808418274 0.3013345003128052
0.29771342873573303 0.30577534437179565
0.2960919439792633 0.31183406710624695
0.2970552146434784 0.3002993166446686
0.29704421758651733 0.3250148892402649
0.2975793480873108 0.3072721064090729
0.29628586769104004 0.2984963357448578
0.2977544665336609 0.2979203760623932
0.29900211095809937 0.32648220658302307
0.2971414029598236 0.3486832082271576
0.2949787974357605 0.31169313192367554
0.2992571294307709 0.30285751819610596
0.2961605489253998 0.29938799142837524
0.29633036255836487 0.30894824862480164
0.2977291941642761 0.30649495124816895
0.2973155677318573 0.296509712934494
0.2949017584323883 0.30157798528671265
0.29832106828689575 0.3374269902706146
0.29658249020576477 0.30326908826828003
0.29574188590049744 0.2993948757648468
0.2964079678058624 0.30444636940956116
0.296054869890213 0.30228790640830994
0.2973686754703522 0.3017241358757019
0.29666775465011597 0.296176016330719
0.295571506023407 0.3073917329311371
0.2965860068798065 0.3276187777519226
0.2952743470668793 0.2966008186340332
0.2967894971370697 0.33391764760017395
0.29613813757896423 0.3341529965400696
0.2959524691104889 0.30455324053764343
0.29471555352211 0.3156965970993042
0.2952057421207428 0.35796111822128296
0.2938394546508789 0.30096137523651123
0.2949768602848053 0.2966843545436859
0.2947666645050049 0.33009597659111023
0.29480648040771484 0.30839425325393677
0.2961990237236023 0.3065318763256073
0.2958084046840668 0.30914318561553955
0.2960151731967926 0.30961939692497253
0.29488953948020935 0.29782646894454956
0.29599612951278687 0.3087005019187927
0.2952015697956085 0.2978260815143585
0.2946033179759979 0.29443755745887756
0.29428747296333313 0.30491721630096436
0.2960454821586609 0.3040997087955475
0.29366636276245117 0.30187684297561646
0.29467159509658813 0.3244387209415436
0.29543158411979675 0.29618242383003235
0.294315367937088 0.3116074800491333
0.29526302218437195 0.30292609333992004
0.2942066192626953 0.29389163851737976
0.2940855324268341 0.3054935038089752
0.29411983489990234 0.30909988284111023
0.29434648156166077 0.2967381179332733
0.2937704026699066 0.3356733024120331
0.2940462529659271 0.29574891924858093
0.29475656151771545 0.3209160268306732
0.2944721281528473 0.3227427303791046
0.2952060103416443 0.32398083806037903
0.29470521211624146 0.30259352922439575
0.29340484738349915 0.30380958318710327
0.29307591915130615 0.3022443652153015
0.2931518256664276 0.29715558886528015
0.29302382469177246 0.3134303390979767
0.2920854687690735 0.31616365909576416
0.29224827885627747 0.3276882469654083
0.2919667661190033 0.324493944644928
0.2924997806549072 0.2944871485233307
0.29202306270599365 0.3214814364910126
0.2949484884738922 0.3200705647468567
0.2926079332828522 0.30630001425743103
0.2931090295314789 0.297075480222702
0.29278361797332764 0.32760581374168396
0.2929662764072418 0.29395389556884766
0.29431161284446716 0.298614501953125
0.29274067282676697 0.308254599571228
0.2917543947696686 0.30310970544815063
0.29308173060417175 0.3043000400066376
0.2922387719154358 0.30630987882614136
0.2925410568714142 0.33153772354125977
0.29201826453208923 0.331742525100708
0.2920690178871155 0.2974245846271515
0.29171720147132874 0.3021305203437805
0.29207462072372437 0.29989227652549744
0.2932864725589752 0.3278375267982483
0.2939344346523285 0.29751351475715637
0.29266557097435 0.308445543050766
0.2934677302837372 0.3363752067089081
0.2930142879486084 0.2945498526096344
0.2919037342071533 0.31574153900146484
0.29270607233047485 0.33222925662994385
0.29228174686431885 0.30070215463638306
0.2905884087085724 0.292664110660553
0.29107776284217834 0.29574447870254517
0.2916078567504883 0.30251654982566833
0.29129520058631897 0.3141094446182251
0.2910769283771515 0.33202099800109863
0.29169023036956787 0.3254320025444031
0.29208531975746155 0.3073403537273407
0.2922723889350891 0.29526641964912415
0.2921901345252991 0.31826093792915344
0.29090195894241333 0.3054555356502533
0.29146477580070496 0.2949993908405304
0.29179224371910095 0.2955976128578186
0.2922118306159973 0.3141334354877472
0.29142096638679504 0.35585203766822815
0.29139429330825806 0.2991757094860077
0.2911132276058197 0.30904024839401245
0.2916831076145172 0.3019638955593109
0.29144859313964844 0.3008189797401428
0.29032012820243835 0.3312915861606598
0.2910968065261841 0.3017481565475464
0.2905408442020416 0.3060830533504486
0.29176026582717896 0.2969273328781128
0.2913092076778412 0.30348992347717285
0.29000580310821533 0.3190408945083618
0.2902238965034485 0.3641852140426636
0.29150500893592834 0.2973308861255646
0.29119884967803955 0.2921373248100281
0.2911241352558136 0.30005142092704773
0.29040753841400146 0.3042934536933899
0.2898147702217102 0.29681453108787537
0.29057788848876953 0.2982885241508484
0.2894469201564789 0.33874931931495667
0.2902142107486725 0.29565727710723877
0.28944507241249084 0.296307772397995
0.28943514823913574 0.34769150614738464
0.2891998291015625 0.3126881718635559
0.2914440929889679 0.30049246549606323
0.2890484035015106 0.297264963388443
0.2888285219669342 0.30145201086997986
0.288193017244339 0.30891117453575134
0.28899022936820984 0.29849985241889954
0.28853681683540344 0.3008703291416168
0.2905269265174866 0.30419692397117615
0.2891664206981659 0.3094556927680969
0.28883159160614014 0.304461270570755
0.2902340590953827 0.29949700832366943
0.2883232831954956 0.3036821484565735
0.2886086702346802 0.35372060537338257
0.28884321451187134 0.31937509775161743
0.2896140515804291 0.3047204911708832
0.29005637764930725 0.2929115891456604
0.2882458567619324 0.30245062708854675
0.28939783573150635 0.29297783970832825
0.28829053044319153 0.2963224947452545
0.2890108823776245 0.2946792542934418
0.2887483239173889 0.2993127405643463
0.28806599974632263 0.30052420496940613
0.28937965631484985 0.3091811537742615
0.28872010111808777 0.30863672494888306
0.29027244448661804 0.30624228715896606
0.28642162680625916 0.30111733078956604
0.2880633473396301 0.3448288142681122
0.2888384759426117 0.2942393720149994
0.2872488796710968 0.29067355394363403
0.28902825713157654 0.2984878420829773
0.289963036775589 0.29830414056777954
0.2890597879886627 0.2984306216239929
0.287790983915329 0.2968675494194031
0.2886277735233307 0.3006836473941803
0.28781989216804504 0.30162978172302246
0.28693878650665283 0.2923646569252014
0.28684523701667786 0.33400726318359375
0.2874683141708374 0.293203741312027
0.2883909046649933 0.3152371346950531
0.2870890200138092 0.29202815890312195
0.28733500838279724 0.3046445846557617
0.2875496745109558 0.30173417925834656
0.28801295161247253 0.2966461479663849
0.2881726026535034 0.3063666522502899
0.2874661087989807 0.3092234432697296
0.28799861669540405 0.32762596011161804
0.28776687383651733 0.29622283577919006
0.2873243987560272 0.3082926571369171
0.2869361937046051 0.31009700894355774
0.2879263460636139 0.29943108558654785
0.28782057762145996 0.2930518090724945
0.28829869627952576 0.3020840585231781
0.28634724020957947 0.2975594103336334
0.28683286905288696 0.3070339858531952
0.2880682647228241 0.30259934067726135
0.2867308557033539 0.3025906980037689
0.28831392526626587 0.2983168065547943
0.28640908002853394 0.30399614572525024
0.28612595796585083 0.2967146337032318
0.28791359066963196 0.30875304341316223
0.2860591411590576 0.3025951683521271
0.28670528531074524 0.3082270324230194
0.2864764332771301 0.2900182008743286
0.28646594285964966 0.36332517862319946
0.28683480620384216 0.29558056592941284
0.2868601679801941 0.32624757289886475
0.2852047085762024 0.3149619698524475
0.2866725027561188 0.29895922541618347
0.2859428822994232 0.3051837980747223
0.28609463572502136 0.2952209711074829
0.2853361666202545 0.29733991622924805
0.28533563017845154 0.3126387298107147
0.28669309616088867 0.3013519048690796
0.28604087233543396 0.3307812213897705
0.28645339608192444 0.2915462255477905
0.28479132056236267 0.315411239862442
0.2871136963367462 0.29576602578163147
0.2853816747665405 0.3153636157512665
0.28631147742271423 0.2934752404689789
0.2863464951515198 0.29816967248916626
0.28471899032592773 0.39438578486442566
0.28556370735168457 0.322185754776001
0.28562647104263306 0.2986951470375061
0.2859952747821808 0.29703575372695923
0.2868873178958893 0.300350546836853
0.286073237657547 0.30403590202331543
0.2857661545276642 0.2884680926799774
0.28489768505096436 0.30059927701950073
0.2862010896205902 0.30699771642684937
0.2856663763523102 0.2938813269138336
0.2864770293235779 0.3187451660633087
0.2854524254798889 0.29119017720222473
0.2859175503253937 0.3282172381877899
0.28463032841682434 0.2972676753997803
0.28438740968704224 0.3076888620853424
0.28460341691970825 0.2917003333568573
0.2845902442932129 0.3052808344364166
0.2848108410835266 0.30276548862457275
0.28644314408302307 0.2918106019496918
0.2854582369327545 0.3130064904689789
0.2858945429325104 0.33730629086494446
0.28516024351119995 0.31439369916915894
0.2837202548980713 0.298394113779068
0.2842869758605957 0.30568182468414307
0.28470104932785034 0.29654958844184875
0.28507351875305176 0.30806753039360046
0.28462499380111694 0.30323585867881775
0.283562570810318 0.35179367661476135
0.2842197120189667 0.2957085967063904
0.2851438522338867 0.3100375235080719
0.2838476896286011 0.29968270659446716
0.284455269575119 0.3220250606536865
0.28488588333129883 0.3205856382846832
0.2836500406265259 0.2946988046169281
0.28383150696754456 0.31578153371810913
0.2837398648262024 0.31178513169288635
0.2842532694339752 0.3124009072780609
0.2846910059452057 0.3016674518585205
0.2835758626461029 0.298932284116745
0.2838267982006073 0.3037220537662506
0.2844427525997162 0.3008973002433777
0.28377583622932434 0.29884809255599976
0.28405582904815674 0.31364017724990845
0.28340986371040344 0.2925829291343689
0.28493010997772217 0.2933223247528076
0.28416064381599426 0.30357876420021057
0.28386393189430237 0.3133152723312378
0.28445661067962646 0.3412639796733856
0.28399255871772766 0.29663950204849243
0.28383687138557434 0.2951100766658783
0.2838473618030548 0.2918953001499176
0.2835044860839844 0.2905356287956238
0.28532829880714417 0.2907027006149292
0.28288039565086365 0.29723918437957764
0.2842726707458496 0.29668039083480835
0.2833825945854187 0.32312849164009094
0.2836153507232666 0.31295716762542725
0.2836330831050873 0.32264766097068787
0.2834354341030121 0.301077276468277
0.2828820049762726 0.2950436472892761
0.282150000333786 0.2917270362377167
0.28225719928741455 0.29282858967781067
0.28279101848602295 0.2943118214607239
0.28290846943855286 0.2932817339897156
0.2817114591598511 0.30254361033439636
0.2826065719127655 0.2931932210922241
0.28296059370040894 0.3013109564781189
0.28273627161979675 0.29519540071487427
0.28249025344848633 0.31278860569000244
0.282916396856308 0.29314088821411133
0.2827879786491394 0.2988906800746918
0.28220149874687195 0.29640305042266846
0.2819744944572449 0.31504109501838684
0.28326737880706787 0.3001197576522827
0.28223732113838196 0.30737465620040894
0.28203704953193665 0.2977273166179657
0.28233373165130615 0.3049335777759552
0.28201213479042053 0.2947508990764618
0.2831334173679352 0.30279773473739624
0.28252407908439636 0.29562047123908997
0.2825705111026764 0.2929272949695587
0.28125402331352234 0.30148670077323914
0.28233492374420166 0.2950846254825592
0.2828930914402008 0.305626779794693
0.28169405460357666 0.29388222098350525
0.2817978858947754 0.338016152381897
0.282581627368927 0.2898593544960022
0.2816755771636963 0.2955259084701538
0.2830863893032074 0.2973380982875824
0.2813548743724823 0.31057479977607727
0.2809765636920929 0.29268932342529297
0.28051382303237915 0.3073926866054535
0.28192880749702454 0.2933621108531952
0.28212323784828186 0.28972429037094116
0.2807711660861969 0.29471635818481445
0.280719131231308 0.3109445571899414
0.28124353289604187 0.3012077212333679
0.28077059984207153 0.30315226316452026
0.28215494751930237 0.3020792305469513
0.28299108147621155 0.29922735691070557
0.2820822298526764 0.29184138774871826
0.28083905577659607 0.29325711727142334
0.28009170293807983 0.2958155572414398
0.2819850444793701 0.30545470118522644
0.28143706917762756 0.3028795123100281
0.2805241048336029 0.2908792793750763
0.2808960974216461 0.2956802546977997
0.2807752788066864 0.29130977392196655
0.2813185453414917 0.310796856880188
0.28258901834487915 0.3173494338989258
0.280969500541687 0.29037514328956604
0.2806148827075958 0.29140758514404297
0.2816348373889923 0.2878291606903076
0.2812109589576721 0.3044043481349945
0.2815740406513214 0.33621734380722046
0.2808849513530731 0.30221641063690186
0.2814042866230011 0.30004146695137024
0.28066515922546387 0.3311884105205536
0.2817845940589905 0.2936736047267914
0.2805579900741577 0.34047412872314453
0.2809028625488281 0.29807695746421814
0.2802031338214874 0.28901100158691406
0.27971142530441284 0.3086392879486084
0.2812577486038208 0.3053474426269531
0.2795102000236511 0.30453580617904663
0.2803281545639038 0.29359596967697144
0.28098228573799133 0.29480063915252686
0.28027892112731934 0.28638675808906555
0.28033071756362915 0.29609793424606323
0.2807732820510864 0.29411205649375916
0.279802143573761 0.2944040894508362
0.28005850315093994 0.3082485795021057
0.279899537563324 0.2982456386089325
0.2795299291610718 0.28912654519081116
0.2793618142604828 0.2911487817764282
0.28056666254997253 0.31724390387535095
0.27987992763519287 0.2988679111003876
0.27964693307876587 0.2900749742984772
0.28004443645477295 0.3055812120437622
0.2805396318435669 0.29270440340042114
0.2797703444957733 0.2960640490055084
0.2803382873535156 0.31058186292648315
0.2801072299480438 0.2968102991580963
0.2803720533847809 0.32939788699150085
0.28053656220436096 0.31056568026542664
0.27926304936408997 0.29185569286346436
0.2800983190536499 0.2956629693508148
0.27946585416793823 0.32109755277633667
0.27979764342308044 0.2880372405052185
0.2802334129810333 0.3101634085178375
0.2799344062805176 0.31396448612213135
0.27994078397750854 0.31116506457328796
0.2799780070781708 0.31600916385650635
0.2806994616985321 0.2936513125896454
0.2790607213973999 0.2914484441280365
0.2785476744174957 0.29044151306152344
0.27917978167533875 0.29196956753730774
0.2782890796661377 0.3011147379875183
0.2801138162612915 0.2905225157737732
0.278615266084671 0.2933102548122406
0.2799188792705536 0.36049309372901917
0.2789405286312103 0.2908724844455719
0.2786816954612732 0.32185906171798706
0.27790290117263794 0.29318147897720337
0.27927735447883606 0.29938891530036926
0.27873072028160095 0.29547107219696045
0.2791905701160431 0.3117448091506958
0.2786397933959961 0.29616641998291016
0.2782139778137207 0.2944866120815277
0.278971791267395 0.302339643239975
0.2781413793563843 0.3256811797618866
0.27893057465553284 0.2886439859867096
0.27859407663345337 0.2893933057785034
0.27863210439682007 0.2938744127750397
0.28028544783592224 0.3077922463417053
0.27878493070602417 0.2941467761993408
0.27830180525779724 0.30615749955177307
0.2790585160255432 0.30218246579170227
0.2789587080478668 0.29035183787345886
0.2786024808883667 0.32044583559036255
0.27852949500083923 0.29675060510635376
0.27791333198547363 0.29722756147384644
0.2795441448688507 0.32452473044395447
0.27880147099494934 0.2974587380886078
0.27817848324775696 0.30409952998161316
0.2777356803417206 0.2919076383113861
0.279054194688797 0.2889411747455597
0.27719587087631226 0.3002341687679291
0.2776380479335785 0.3051168918609619
0.277344286441803 0.309022456407547
0.2782743573188782 0.3334352970123291
0.27724489569664 0.29385408759117126
0.27794843912124634 0.2936370074748993
0.27781033515930176 0.29199686646461487
0.27739691734313965 0.29380008578300476
0.27736279368400574 0.3029939830303192
0.2773772180080414 0.2905978858470917
0.2776259183883667 0.32071781158447266
0.27707043290138245 0.29883629083633423
0.2771320641040802 0.2990298867225647
0.2772992253303528 0.30644795298576355
0.27802205085754395 0.2911241948604584
0.27818042039871216 0.2992675304412842
0.27803507447242737 0.3000917434692383
0.2777184247970581 0.310432493686676
0.27783405780792236 0.3031176030635834
0.27854207158088684 0.29570168256759644
0.2767485976219177 0.29168203473091125
0.27813640236854553 0.29135361313819885
0.278012216091156 0.2962242662906647
0.276798278093338 0.2973434329032898
0.27721503376960754 0.3058512210845947
0.27818813920021057 0.3040732443332672
0.2770451009273529 0.30097725987434387
