1.4890505075454712 1.5080639123916626
1.4791404008865356 1.5074738264083862
1.4772233963012695 1.5041996240615845
1.4762550592422485 1.4994715452194214
1.4756149053573608 1.503205418586731
1.4756578207015991 1.5239289999008179
1.475014090538025 1.5094674825668335
1.474953293800354 1.5155611038208008
1.4749912023544312 1.5033730268478394
1.4746490716934204 1.5089627504348755
1.4746023416519165 1.5190201997756958
1.474373459815979 1.5142990350723267
1.4742573499679565 1.5056904554367065
1.4742486476898193 1.5106239318847656
1.4741370677947998 1.5064829587936401
1.473899006843567 1.5062285661697388
1.4742647409439087 1.509521484375
1.473701000213623 1.5026061534881592
1.4740322828292847 1.503421425819397
1.4736840724945068 1.5168275833129883
1.473879337310791 1.5059235095977783
1.4739103317260742 1.5062891244888306
1.473657488822937 1.506576657295227
1.4735771417617798 1.5007659196853638
1.4739364385604858 1.5149215459823608
1.4735596179962158 1.499307632446289
1.4737964868545532 1.4986588954925537
1.473523736000061 1.503849983215332
1.4736087322235107 1.5017685890197754
1.4735385179519653 1.5119043588638306
1.4735158681869507 1.5033433437347412
1.4733798503875732 1.5062823295593262
1.4733355045318604 1.500418782234192
1.4733668565750122 1.5023778676986694
1.4735413789749146 1.5052212476730347
1.4732226133346558 1.5083516836166382
1.4732186794281006 1.5110392570495605
1.473490595817566 1.503937840461731
1.4731812477111816 1.5060070753097534
1.4734008312225342 1.5034759044647217
1.473395824432373 1.5000026226043701
1.473263144493103 1.505381464958191
1.4732214212417603 1.5040602684020996
1.4733078479766846 1.5040173530578613
1.4731544256210327 1.4995949268341064
1.4733812808990479 1.5038081407546997
1.4730995893478394 1.507508397102356
1.4732344150543213 1.5086270570755005
1.4731855392456055 1.505426049232483
1.473176121711731 1.5126436948776245
1.4731014966964722 1.517792820930481
1.4730552434921265 1.4999313354492188
1.4730709791183472 1.5011687278747559
1.4730726480484009 1.5063143968582153
1.4729636907577515 1.5047699213027954
1.4730076789855957 1.4998494386672974
1.473071813583374 1.5022761821746826
1.4729946851730347 1.5032789707183838
1.4716401100158691 1.506754994392395
1.463749647140503 1.4881517887115479
1.4528716802597046 1.4815963506698608
1.4492387771606445 1.4879249334335327
1.4454070329666138 1.4785131216049194
1.4322515726089478 1.4613466262817383
1.418868899345398 1.4398976564407349
1.4113651514053345 1.4297099113464355
1.4050878286361694 1.4315093755722046
1.4004801511764526 1.4257326126098633
1.3957291841506958 1.4111460447311401
1.3918730020523071 1.4220777750015259
1.387952446937561 1.4094325304031372
1.385557770729065 1.4038580656051636
1.3819005489349365 1.4155858755111694
1.3804900646209717 1.4015600681304932
1.3778311014175415 1.4049149751663208
1.3748486042022705 1.399491310119629
1.3709360361099243 1.3975918292999268
1.362116813659668 1.381829857826233
1.3505094051361084 1.3683011531829834
1.3373771905899048 1.358080267906189
1.327658772468567 1.3457304239273071
1.3194999694824219 1.3446152210235596
1.3146213293075562 1.3378921747207642
1.3065567016601562 1.3203377723693848
1.2992076873779297 1.3311494588851929
1.290218710899353 1.3037478923797607
1.273472547531128 1.2664974927902222
1.2449942827224731 1.270804762840271
1.2121063470840454 1.2055137157440186
1.1535241603851318 1.1414451599121094
1.068699598312378 1.0628430843353271
0.9815077781677246 0.935886800289154
0.9130955338478088 0.8843269348144531
0.8489313125610352 0.8284532427787781
0.7993553876876831 0.774329662322998
0.7602313160896301 0.7673817276954651
0.7338539958000183 0.7200459241867065
0.7118420004844666 0.7260532975196838
0.6960799098014832 0.685848593711853
0.6855908036231995 0.6844631433486938
0.67461758852005 0.6790135502815247
0.6691591739654541 0.6783351302146912
0.6618835926055908 0.6646303534507751
0.6573013067245483 0.6862037181854248
0.6502681374549866 0.6646974682807922
0.6429846882820129 0.6654744148254395
0.6068156361579895 0.5735482573509216
0.545551598072052 0.5359856486320496
0.5005115270614624 0.48127177357673645
0.47613242268562317 0.4633786380290985
0.4583792984485626 0.4533912241458893
0.44508832693099976 0.44130417704582214
0.43556347489356995 0.4325381815433502
0.42870599031448364 0.4687553644180298
0.42461857199668884 0.4216208755970001
0.41921156644821167 0.41725483536720276
0.4163273572921753 0.4194125533103943
0.41340479254722595 0.4039019048213959
0.4098950922489166 0.42459961771965027
0.40761876106262207 0.40615472197532654
0.40479379892349243 0.39990663528442383
0.4033263623714447 0.39839738607406616
0.40164098143577576 0.39852145314216614
0.39892351627349854 0.3997177481651306
0.3989696204662323 0.4104956388473511
0.39697539806365967 0.3997188210487366
0.3961378037929535 0.39432913064956665
0.39491406083106995 0.393686980009079
0.3933962881565094 0.4013397693634033
0.3921283781528473 0.39349374175071716
0.3921343684196472 0.3974873423576355
0.3914042115211487 0.4131411910057068
0.39058396220207214 0.4014933109283447
0.3885747194290161 0.3846510648727417
0.3880883455276489 0.388123095035553
0.38652119040489197 0.3891719877719879
0.38672584295272827 0.39016076922416687
0.3855747580528259 0.3810758590698242
0.3844320774078369 0.4097681939601898
0.38489672541618347 0.39010781049728394
0.38326582312583923 0.39684927463531494
0.38429948687553406 0.3959931433200836
0.38295501470565796 0.37881022691726685
0.38253939151763916 0.3775096833705902
0.3822189271450043 0.4024636149406433
0.38155481219291687 0.40537843108177185
0.38113147020339966 0.38606563210487366
0.3805752098560333 0.38041290640830994
0.38041818141937256 0.38104721903800964
0.38026052713394165 0.3766988217830658
0.3806719481945038 0.3860800862312317
0.3794977068901062 0.378081351518631
0.378292441368103 0.37742388248443604
0.3782539963722229 0.37759289145469666
0.3785077929496765 0.39210090041160583
0.37943634390830994 0.3856397271156311
0.3792725205421448 0.3841433525085449
0.3767724335193634 0.38094261288642883
0.37797796726226807 0.375149667263031
0.37791329622268677 0.37546679377555847
0.3769541382789612 0.3724672794342041
0.37736737728118896 0.3868429362773895
0.37661153078079224 0.37460607290267944
0.3757612705230713 0.3781433403491974
0.37666264176368713 0.3886634409427643
0.3762751817703247 0.3782854676246643
0.3752579092979431 0.37511444091796875
0.3751692771911621 0.3867059350013733
0.3746543526649475 0.37498360872268677
0.3748597204685211 0.38989323377609253
0.3743930160999298 0.3898322582244873
0.37466302514076233 0.38158518075942993
0.3740144670009613 0.3817134201526642
0.37465766072273254 0.36957764625549316
0.3733595907688141 0.3767855763435364
0.37338414788246155 0.38063281774520874
0.37513089179992676 0.384429007768631
0.37352508306503296 0.372245728969574
0.3737707734107971 0.381768137216568
0.37310707569122314 0.3885182738304138
0.37248092889785767 0.36930862069129944
0.3724946081638336 0.37208521366119385
0.37342724204063416 0.3801232874393463
0.37219396233558655 0.3727736175060272
0.37221404910087585 0.3816843032836914
0.3720189929008484 0.38364505767822266
0.37311500310897827 0.38400888442993164
0.37227457761764526 0.39733538031578064
0.37110158801078796 0.3788647949695587
0.37093237042427063 0.37778884172439575
0.37160971760749817 0.37047332525253296
0.3709351718425751 0.38165557384490967
0.3715386986732483 0.3961752951145172
0.3714959919452667 0.3833118975162506
0.3708828091621399 0.3760799765586853
0.37017500400543213 0.38334566354751587
0.36923155188560486 0.3824526369571686
0.37037402391433716 0.3857966959476471
0.3706667125225067 0.38063114881515503
0.37061843276023865 0.37420985102653503
0.3697333037853241 0.3747139573097229
0.369839608669281 0.37280207872390747
0.36948323249816895 0.375431627035141
0.36949071288108826 0.3716261684894562
0.36989057064056396 0.3718763589859009
0.3692960739135742 0.36946341395378113
0.36848485469818115 0.3833695650100708
0.36868682503700256 0.38456064462661743
0.36920857429504395 0.37388503551483154
0.368699312210083 0.36911290884017944
0.3683655261993408 0.3753540515899658
0.36813169717788696 0.3849075436592102
0.36772453784942627 0.3958565294742584
0.36806371808052063 0.3781048357486725
0.3675800859928131 0.3864953815937042
0.3676605522632599 0.377330482006073
0.36793509125709534 0.3772840201854706
0.3673956096172333 0.36980828642845154
0.36732354760169983 0.3800325095653534
0.36793023347854614 0.3865394592285156
0.3679068684577942 0.3895290791988373
0.36684325337409973 0.3758244216442108
0.3667224943637848 0.36957263946533203
0.36665305495262146 0.38569751381874084
0.3670130670070648 0.3733137547969818
0.3659236431121826 0.38382500410079956
0.3660624325275421 0.3675236403942108
0.3652716875076294 0.37773939967155457
0.36636629700660706 0.3686334490776062
0.36653491854667664 0.36988410353660583
0.36624494194984436 0.364214152097702
0.3662848174571991 0.37112411856651306
0.3658229410648346 0.3685665726661682
0.3645331859588623 0.3817330598831177
0.36529770493507385 0.37222450971603394
0.36496061086654663 0.39532750844955444
0.3654492497444153 0.3835579752922058
0.365678071975708 0.3724106252193451
0.3642338216304779 0.3672215938568115
0.3644222319126129 0.41713762283325195
0.363937646150589 0.3748432695865631
0.3644329309463501 0.3697948753833771
0.3648248612880707 0.3680882155895233
0.3646681606769562 0.38499125838279724
0.36511728167533875 0.3703661859035492
0.36406129598617554 0.38659724593162537
0.3639819622039795 0.38464364409446716
0.36320382356643677 0.3751647472381592
0.36356091499328613 0.37387076020240784
0.3634165823459625 0.37255343794822693
0.36355119943618774 0.37955376505851746
0.36410990357398987 0.3715941607952118
0.3626641035079956 0.3683116137981415
0.3640695810317993 0.3697150945663452
0.36307546496391296 0.3643631339073181
0.36310312151908875 0.36494776606559753
0.363199383020401 0.3847474157810211
0.36370155215263367 0.3664020299911499
0.36309969425201416 0.3755006790161133
0.3625446856021881 0.3743511736392975
0.3627470135688782 0.3842272162437439
0.3634854555130005 0.3764039874076843
0.3623226583003998 0.3703788220882416
0.3625059723854065 0.37053611874580383
0.3625152111053467 0.3903832733631134
0.3631093502044678 0.3897176682949066
0.362256795167923 0.3864472806453705
0.36280688643455505 0.3722583055496216
0.3629215657711029 0.3769672214984894
0.36252471804618835 0.3676474690437317
0.36230045557022095 0.3671441078186035
0.3616771101951599 0.37622857093811035
0.3625560998916626 0.3686920404434204
0.3620462119579315 0.36831510066986084
0.3630905747413635 0.36460620164871216
0.3613975942134857 0.3717137277126312
0.3613135516643524 0.37761104106903076
0.3614750802516937 0.3666273057460785
0.3615267872810364 0.3705056607723236
0.3612683415412903 0.37313684821128845
0.361070454120636 0.3766556680202484
0.36095815896987915 0.36731040477752686
0.36179789900779724 0.37367555499076843
0.3616619408130646 0.37080663442611694
0.36052095890045166 0.3658551573753357
0.3610090911388397 0.3648728132247925
0.3602449595928192 0.3924693465232849
0.36118611693382263 0.37923285365104675
0.36065244674682617 0.36364811658859253
0.36065688729286194 0.3611326515674591
0.36138251423835754 0.3668980300426483
0.36117371916770935 0.38418859243392944
0.3603193163871765 0.3710930049419403
0.3600753843784332 0.37348276376724243
0.36042875051498413 0.39729106426239014
0.3600405752658844 0.3705238699913025
0.3600712716579437 0.36605456471443176
0.35997503995895386 0.3818383812904358
0.36102890968322754 0.3638749122619629
0.36073172092437744 0.3625549376010895
0.3604678809642792 0.37889528274536133
0.36004364490509033 0.36594751477241516
0.3607276380062103 0.36543551087379456
0.3597555160522461 0.3856436312198639
0.3602873682975769 0.37837526202201843
0.3602336049079895 0.37641602754592896
0.3602965474128723 0.37467119097709656
0.3595493733882904 0.3896559774875641
0.35972490906715393 0.36802828311920166
0.35983961820602417 0.3714555501937866
0.3596443235874176 0.3859091103076935
0.3593524098396301 0.3647741973400116
0.3593509793281555 0.37961769104003906
0.359993040561676 0.36254560947418213
0.35975414514541626 0.388362318277359
0.35966411232948303 0.376722514629364
0.3591023087501526 0.3657853603363037
0.3596685528755188 0.3683874011039734
0.3597750663757324 0.3663100004196167
0.3592722415924072 0.3913087844848633
0.35989272594451904 0.36465415358543396
0.3589187562465668 0.3741030693054199
0.3600320518016815 0.36163920164108276
0.3593871295452118 0.3640594482421875
0.3590777516365051 0.36417141556739807
0.3593243956565857 0.36480414867401123
0.35940638184547424 0.36432084441185
0.35945308208465576 0.3741688132286072
0.35919860005378723 0.3740345537662506
0.35843828320503235 0.3817118704319
0.3590952455997467 0.3722008168697357
0.3586612939834595 0.37611106038093567
0.359438955783844 0.368408203125
0.3588099181652069 0.36339884996414185
0.358938068151474 0.37388935685157776
0.3585352301597595 0.36815905570983887
0.3589380085468292 0.3618510365486145
0.35929885506629944 0.3848416805267334
0.35849642753601074 0.38176730275154114
0.3586317300796509 0.3636537790298462
0.35842615365982056 0.3653004467487335
0.3586074113845825 0.4000033736228943
0.35881829261779785 0.3658137917518616
0.35846370458602905 0.3692797124385834
0.35772305727005005 0.39752620458602905
0.35890892148017883 0.37398502230644226
0.35835951566696167 0.36349159479141235
0.3581378161907196 0.36745789647102356
0.35818061232566833 0.3683987855911255
0.358584463596344 0.36358603835105896
0.3582199513912201 0.36148175597190857
0.35803693532943726 0.36554068326950073
0.35809993743896484 0.3648799657821655
0.35789182782173157 0.3653983175754547
0.35830894112586975 0.368678480386734
0.35823315382003784 0.3632308542728424
0.3576999306678772 0.36974430084228516
0.35750675201416016 0.3608947992324829
0.35800936818122864 0.38240647315979004
0.3585309386253357 0.38397982716560364
0.358000248670578 0.367817759513855
0.3580459654331207 0.3623369336128235
0.3576178550720215 0.3698340058326721
0.35860857367515564 0.37948480248451233
0.35777604579925537 0.391818106174469
0.3569445013999939 0.3705219328403473
0.35746079683303833 0.36247092485427856
0.35757362842559814 0.364739328622818
0.35816070437431335 0.376959890127182
0.35866206884384155 0.3730015158653259
0.3571973145008087 0.3771304786205292
0.3569394052028656 0.37112265825271606
0.35789698362350464 0.36822089552879333
0.35725128650665283 0.3726610541343689
0.35782745480537415 0.3694821298122406
0.35797664523124695 0.36621108651161194
0.35736677050590515 0.36818939447402954
0.3569839596748352 0.377412885427475
0.357389897108078 0.3681158721446991
0.35747405886650085 0.3640359044075012
0.35765597224235535 0.3735644221305847
0.3577512800693512 0.36227449774742126
0.35789552330970764 0.3656671941280365
0.3569428622722626 0.3605731129646301
0.35711047053337097 0.3694442808628082
0.3568960130214691 0.369130402803421
0.35738062858581543 0.36980393528938293
0.3578057587146759 0.3692808747291565
0.3573613464832306 0.38767874240875244
0.3570023775100708 0.3636692464351654
0.3567594885826111 0.3746040463447571
0.3578234016895294 0.3749375641345978
0.35626381635665894 0.37653517723083496
0.35669010877609253 0.3634970188140869
0.35692596435546875 0.3770436644554138
0.3572036623954773 0.37943384051322937
0.356594055891037 0.36721330881118774
0.3578603267669678 0.3663204610347748
0.35763514041900635 0.37515661120414734
0.35690897703170776 0.38170957565307617
0.3566919267177582 0.36272376775741577
0.3576771020889282 0.38164475560188293
0.35661882162094116 0.37185195088386536
0.3565932810306549 0.3811051845550537
0.3563380837440491 0.3614089787006378
0.35672527551651 0.370992511510849
0.3564896881580353 0.3632468283176422
0.3560895323753357 0.36981499195098877
0.35655006766319275 0.3699103593826294
0.3568016290664673 0.3766302168369293
0.3564496338367462 0.36274540424346924
0.35619625449180603 0.36293065547943115
0.35669198632240295 0.37093913555145264
0.35699817538261414 0.3736534118652344
0.3561996519565582 0.3692513704299927
0.35599207878112793 0.38702690601348877
0.3562799096107483 0.37014877796173096
0.3563772141933441 0.3693154454231262
0.35612908005714417 0.36833155155181885
0.35677823424339294 0.36736682057380676
0.35560721158981323 0.36606305837631226
0.3563457131385803 0.36377468705177307
0.35594597458839417 0.3685850203037262
0.3564005196094513 0.369261771440506
0.35638850927352905 0.38030463457107544
0.3561022877693176 0.36509817838668823
0.356810599565506 0.3670960068702698
0.3558606803417206 0.36260986328125
0.35514166951179504 0.3722520172595978
0.3559707999229431 0.36736392974853516
0.35684734582901 0.3803916573524475
0.3564237058162689 0.3623986840248108
0.35607779026031494 0.36661335825920105
0.35654008388519287 0.3732362389564514
0.3562532961368561 0.37058955430984497
0.3557090759277344 0.36311501264572144
0.3555561900138855 0.3702993094921112
0.3559444546699524 0.37151917815208435
0.35612624883651733 0.3751786947250366
0.3560866713523865 0.3732283413410187
0.35519173741340637 0.3820103108882904
0.3567993938922882 0.3815920948982239
0.3558664619922638 0.36972665786743164
0.35620561242103577 0.3812831938266754
0.35640963912010193 0.36386382579803467
0.3560768961906433 0.38031014800071716
0.35566794872283936 0.37618908286094666
0.3553507328033447 0.3830330967903137
0.35577794909477234 0.3752196729183197
0.35605016350746155 0.3777669370174408
0.35588154196739197 0.38796499371528625
0.35560181736946106 0.368524968624115
0.35540780425071716 0.3618347644805908
0.355225145816803 0.37367483973503113
0.3555540144443512 0.36527812480926514
0.35563579201698303 0.38088303804397583
0.35566696524620056 0.3682354688644409
0.355580598115921 0.36414074897766113
0.35412952303886414 0.36792969703674316
0.35579201579093933 0.36403587460517883
0.355182945728302 0.37926194071769714
0.35511383414268494 0.367371529340744
0.35487863421440125 0.37225669622421265
0.35500678420066833 0.3659793436527252
0.35517680644989014 0.36636433005332947
0.3550608158111572 0.3647753894329071
0.35515639185905457 0.3718406558036804
0.3552720844745636 0.3919612467288971
0.35514384508132935 0.3714351952075958
0.355122447013855 0.3652088940143585
0.3555762469768524 0.36787909269332886
0.3545488119125366 0.3662906587123871
0.35561349987983704 0.36509525775909424
0.35433629155158997 0.3757457435131073
0.35577553510665894 0.38026541471481323
0.354205846786499 0.3770221471786499
0.35479074716567993 0.36833587288856506
0.35462772846221924 0.3827141225337982
0.3549179136753082 0.3699980676174164
0.35525742173194885 0.3676825761795044
0.35458701848983765 0.36400386691093445
0.35459983348846436 0.36349913477897644
0.3547663390636444 0.3657979965209961
0.35517218708992004 0.3735848665237427
0.3544262945652008 0.37182191014289856
0.35478293895721436 0.36773955821990967
0.35479143261909485 0.364812970161438
0.3547021746635437 0.36475417017936707
0.3544577956199646 0.36850041151046753
0.3545773923397064 0.36852094531059265
0.35452187061309814 0.3694092333316803
0.35505542159080505 0.3640539050102234
0.3545154333114624 0.38149189949035645
0.3553066849708557 0.36941245198249817
0.35441306233406067 0.36983972787857056
0.3542327880859375 0.3659830689430237
0.35423699021339417 0.36641547083854675
0.35428231954574585 0.3720570504665375
0.35459572076797485 0.36647599935531616
0.35440921783447266 0.3655232787132263
