1.503501534461975 1.6390777826309204
1.4776474237442017 1.6342302560806274
1.4758098125457764 1.642153263092041
1.474045991897583 1.6546645164489746
1.4030961990356445 1.4007930755615234
1.2016668319702148 1.2678558826446533
1.0967848300933838 1.1446706056594849
0.9907644987106323 1.0010744333267212
0.8498649001121521 0.8496264815330505
0.7239393591880798 0.7095022201538086
0.654434323310852 0.6479771137237549
0.6108613610267639 0.7076944708824158
0.5729142427444458 0.6157745718955994
0.5421807765960693 0.5621325373649597
0.5157076120376587 0.533641517162323
0.49914786219596863 0.5842519998550415
0.4834985136985779 0.5330748558044434
0.4703986346721649 0.5538859367370605
0.4581916630268097 0.5322852730751038
0.45359596610069275 0.4947236478328705
0.444413423538208 0.5635126233100891
0.4360382556915283 0.4521692991256714
0.4248865246772766 0.4216809868812561
0.41495421528816223 0.4384610950946808
0.40866729617118835 0.45565110445022583
0.4005201756954193 0.5009958744049072
0.39565056562423706 0.4601636230945587
0.38939565420150757 0.44684427976608276
0.387082576751709 0.4247598648071289
0.37848493456840515 0.49126535654067993
0.37500855326652527 0.4173385202884674
0.3711586892604828 0.5459529757499695
0.36759746074676514 0.4030027389526367
0.3650485873222351 0.3736168146133423
0.3579402267932892 0.3686630129814148
0.3530997633934021 0.35961586236953735
0.35140103101730347 0.36357980966567993
0.3462803065776825 0.38294193148612976
0.3434101641178131 0.42670515179634094
0.34052571654319763 0.5028921365737915
0.3363327085971832 0.36760297417640686
0.3324958384037018 0.34506863355636597
0.33064794540405273 0.3720881938934326
0.32590365409851074 0.403990238904953
0.32594001293182373 0.37545400857925415
0.3203994631767273 0.3301093280315399
0.32059839367866516 0.3350267708301544
0.31683820486068726 0.326704204082489
0.3147943615913391 0.3508785665035248
0.312330961227417 0.3448001444339752
0.3070702850818634 0.32264000177383423
0.3065420687198639 0.3960079550743103
0.30361542105674744 0.3530849516391754
0.3008142411708832 0.3576721251010895
0.3000158369541168 0.34731030464172363
0.2986823618412018 0.3736916482448578
0.29694631695747375 0.3511274456977844
0.2930595874786377 0.3203526437282562
0.28903499245643616 0.3119087219238281
0.2856929898262024 0.3133019208908081
0.28664910793304443 0.29749035835266113
0.27831923961639404 0.27995458245277405
0.27817755937576294 0.28019747138023376
0.2729977071285248 0.2865373194217682
0.27283844351768494 0.28871771693229675
0.27091628313064575 0.30572509765625
0.2685217261314392 0.28215476870536804
0.2641056180000305 0.44985052943229675
0.2617826461791992 0.2744692265987396
0.2616361379623413 0.3173387944698334
0.2588351368904114 0.300786554813385
0.25909101963043213 0.2781715989112854
0.2553364634513855 0.29180094599723816
0.25598880648612976 0.29220256209373474
0.2559433877468109 0.29206833243370056
0.2544848918914795 0.40572476387023926
0.24555703997612 0.2642650604248047
0.25260719656944275 0.25839927792549133
0.2481033205986023 0.2564363181591034
0.24753490090370178 0.27185460925102234
0.24581313133239746 0.2820393443107605
0.24724139273166656 0.30214598774909973
0.24202220141887665 0.36785417795181274
0.24349425733089447 0.26878073811531067
0.24035443365573883 0.2834528088569641
0.24101920425891876 0.30828312039375305
0.2390838861465454 0.28950849175453186
0.23972998559474945 0.24116800725460052
0.23728150129318237 0.28372007608413696
0.23385383188724518 0.4700383245944977
0.23296532034873962 0.23871435225009918
0.23524419963359833 0.2399119734764099
0.22910328209400177 0.2600836455821991
0.23444347083568573 0.2531132102012634
0.23117436468601227 0.24483463168144226
0.22834323346614838 0.2799626588821411
0.23221632838249207 0.3119061589241028
0.22889947891235352 0.2303406447172165
0.22745488584041595 0.24051031470298767
0.22602327167987823 0.2271255999803543
0.2269057333469391 0.27971747517585754
0.22611166536808014 0.2503666579723358
0.2267315536737442 0.23917986452579498
0.22123606503009796 0.28290560841560364
0.2218288779258728 0.2277613878250122
0.2231619507074356 0.22376398742198944
0.21914614737033844 0.2533676326274872
0.2207198590040207 0.27749112248420715
0.21853205561637878 0.2740759253501892
0.21920408308506012 0.26460984349250793
0.21785631775856018 0.2543172836303711
0.21652032434940338 0.29385602474212646
0.21611858904361725 0.24884040653705597
0.21992869675159454 0.24509671330451965
0.2163829505443573 0.241804838180542
0.2146439105272293 0.2433735579252243
0.21547500789165497 0.2629576325416565
0.21266962587833405 0.238005593419075
0.21322175860404968 0.282138466835022
0.2128015011548996 0.4062838554382324
0.20948128402233124 0.28461360931396484
0.21045662462711334 0.299597829580307
0.2112218141555786 0.22467952966690063
0.2133966088294983 0.21912650763988495
0.2106800526380539 0.21325792372226715
0.21198508143424988 0.23002444207668304
0.20668011903762817 0.226002499461174
0.21019434928894043 0.2395300567150116
0.2091706544160843 0.26838210225105286
0.20691177248954773 0.21279966831207275
0.20777654647827148 0.2553215026855469
0.20607927441596985 0.22129222750663757
0.2055090069770813 0.20531387627124786
0.20708277821540833 0.2367890179157257
0.20763085782527924 0.2365395575761795
0.203704372048378 0.2299824208021164
0.20439723134040833 0.32699573040008545
0.20452044904232025 0.27946412563323975
0.20352602005004883 0.2798381447792053
0.20375175774097443 0.21424178779125214
0.20326000452041626 0.20251348614692688
0.20215807855129242 0.20997166633605957
0.20215775072574615 0.3475131392478943
0.2002967894077301 0.21176718175411224
0.20236892998218536 0.25932782888412476
0.20154377818107605 0.20512966811656952
0.19812528789043427 0.24921415746212006
0.1994946300983429 0.22605851292610168
0.20094919204711914 0.2693774700164795
0.19693882763385773 0.2772046625614166
0.19629058241844177 0.24321474134922028
0.19655944406986237 0.21212667226791382
0.19687287509441376 0.3211722671985626
0.198488250374794 0.216380774974823
0.19616857171058655 0.22116690874099731
0.1940821409225464 0.22149279713630676
0.197281152009964 0.2705017030239105
0.1964702606201172 0.23037183284759521
0.19296298921108246 0.21937336027622223
0.19403190910816193 0.22937625646591187
0.19564619660377502 0.30860114097595215
0.19142082333564758 0.20946764945983887
0.19188927114009857 0.254726380109787
0.19400499761104584 0.2206336259841919
0.191428080201149 0.20521241426467896
0.19007167220115662 0.20810775458812714
0.18947820365428925 0.21493512392044067
0.19076400995254517 0.19411151111125946
0.1905442178249359 0.2088768035173416
0.18878546357154846 0.18846681714057922
0.1890760064125061 0.20675604045391083
0.19105924665927887 0.2607278525829315
0.1863102912902832 0.21911728382110596
0.1887814700603485 0.19626684486865997
0.1883486807346344 0.19180616736412048
0.18772944808006287 0.22079892456531525
0.1861996054649353 0.19590911269187927
0.1901025027036667 0.2534064054489136
0.1863919347524643 0.27399206161499023
0.18537674844264984 0.21368317306041718
0.18733011186122894 0.2872534394264221
0.18597720563411713 0.19651609659194946
0.18398502469062805 0.2535806894302368
0.18117301166057587 0.23133891820907593
0.1808873862028122 0.29475903511047363
0.1855204999446869 0.21397395431995392
0.1806253045797348 0.2524060606956482
0.18372534215450287 0.19239135086536407
0.180620014667511 0.197335883975029
0.18309526145458221 0.25670740008354187
0.1802458018064499 0.18828818202018738
0.17985032498836517 0.20090803503990173
0.1795015186071396 0.1926567107439041
0.17874523997306824 0.19633466005325317
0.17877128720283508 0.20538030564785004
0.17984990775585175 0.22755850851535797
0.1776450127363205 0.2205047607421875
0.1793118268251419 0.2660328149795532
0.17606061697006226 0.24906422197818756
0.17631642520427704 0.20359116792678833
0.17638428509235382 0.17943140864372253
0.17596179246902466 0.19773297011852264
0.17541055381298065 0.26652973890304565
0.17573365569114685 0.2079593390226364
0.17591924965381622 0.20882415771484375
0.17391107976436615 0.28769126534461975
0.1755756437778473 0.19039036333560944
0.17371000349521637 0.2029174566268921
0.1770208179950714 0.1941756308078766
0.17170383036136627 0.2149227261543274
0.1741858273744583 0.2641356289386749
0.17193880677223206 0.18035197257995605
0.17192894220352173 0.1788921356201172
0.17094948887825012 0.2101845145225525
0.17389680445194244 0.17604602873325348
0.17078299820423126 0.1881464123725891
0.17028848826885223 0.22515735030174255
0.17027100920677185 0.1810832917690277
0.17016571760177612 0.18592852354049683
0.16861975193023682 0.19118055701255798
0.1685483455657959 0.18312795460224152
0.1704956740140915 0.1770508736371994
0.17048490047454834 0.180912584066391
0.16953246295452118 0.17551006376743317
0.16795608401298523 0.3472600281238556
0.1687772572040558 0.1903122067451477
0.16627483069896698 0.1904790997505188
0.1682615429162979 0.23176968097686768
0.16861402988433838 0.17697551846504211
0.16724054515361786 0.24176374077796936
0.165753573179245 0.1829749047756195
0.16397316753864288 0.18613959848880768
0.165729358792305 0.27741923928260803
0.16654682159423828 0.19332818686962128
0.1655028760433197 0.1962956339120865
0.163605198264122 0.1841251403093338
0.16380786895751953 0.17895716428756714
0.16303616762161255 0.19626885652542114
0.16476863622665405 0.27302050590515137
0.1623237580060959 0.18778583407402039
0.16444586217403412 0.1754927933216095
0.16359837353229523 0.18195445835590363
0.1627843827009201 0.20502135157585144
0.16139225661754608 0.2040141522884369
0.1617933213710785 0.17180825769901276
0.1626918762922287 0.2578635513782501
0.16165944933891296 0.174538716673851
0.16259463131427765 0.21322090923786163
0.15913401544094086 0.17693302035331726
0.16070230305194855 0.18069985508918762
0.1592618227005005 0.16936327517032623
0.16000838577747345 0.17527924478054047
0.1593838632106781 0.17170870304107666
0.15827329456806183 0.21348462998867035
0.16009657084941864 0.21656493842601776
0.16068807244300842 0.17544303834438324
0.15868528187274933 0.17171570658683777
0.15637612342834473 0.17770534753799438
0.1580069214105606 0.1798068881034851
0.1587618887424469 0.1884472668170929
0.15596334636211395 0.16302525997161865
0.15652142465114594 0.17079469561576843
0.15488161146640778 0.1643638163805008
0.1559498906135559 0.16525614261627197
0.15668436884880066 0.1713702380657196
0.15512754023075104 0.20885658264160156
0.15609502792358398 0.21475376188755035
0.15351538360118866 0.1757516711950302
0.15484429895877838 0.16310369968414307
0.1533595323562622 0.1811431646347046
0.15354982018470764 0.1945720762014389
0.15306216478347778 0.1588480919599533
0.15349549055099487 0.16952627897262573
0.15174207091331482 0.1595405787229538
0.15095354616641998 0.17545105516910553
0.15310712158679962 0.16617080569267273
0.15145082771778107 0.15755338966846466
0.1499202698469162 0.16628263890743256
0.15168407559394836 0.18056227266788483
0.15134978294372559 0.19884751737117767
0.15003232657909393 0.18064378201961517
0.1496403068304062 0.19641023874282837
0.1504199504852295 0.1606559008359909
0.14950071275234222 0.21136899292469025
0.1513994038105011 0.18553291261196136
0.14959415793418884 0.18748314678668976
0.15000858902931213 0.16911588609218597
0.1493428349494934 0.15944625437259674
0.1475485861301422 0.20431393384933472
0.14782637357711792 0.15842311084270477
0.14704629778862 0.15571947395801544
0.1485806107521057 0.17301544547080994
0.14659753441810608 0.21637433767318726
0.14521664381027222 0.1686144918203354
0.14737510681152344 0.15542341768741608
0.1451365351676941 0.1564299464225769
0.14728891849517822 0.18318919837474823
0.1494269222021103 0.1588505655527115
0.14405986666679382 0.16958896815776825
0.14537055790424347 0.19042520225048065
0.14289671182632446 0.1978401392698288
0.14279673993587494 0.25414741039276123
0.14406158030033112 0.14799846708774567
0.14259299635887146 0.15148350596427917
0.14304089546203613 0.16995078325271606
0.14218273758888245 0.17649517953395844
0.14386680722236633 0.19399908185005188
0.14566154778003693 0.15000708401203156
0.1405659168958664 0.21463127434253693
0.14235453307628632 0.15811477601528168
0.14115901291370392 0.19581905007362366
0.1452355682849884 0.14912118017673492
0.140805184841156 0.14995864033699036
0.13957777619361877 0.16745245456695557
0.14185871183872223 0.14631038904190063
0.13820980489253998 0.18096046149730682
0.14103183150291443 0.2325933426618576
0.13900411128997803 0.16955360770225525
0.14045138657093048 0.163528710603714
0.13997216522693634 0.14841915667057037
0.1397641897201538 0.16566701233386993
0.138741135597229 0.18498389422893524
0.14138513803482056 0.14893610775470734
0.1381191909313202 0.16100072860717773
0.13893742859363556 0.1606515645980835
0.13793441653251648 0.21801872551441193
0.13727480173110962 0.22118818759918213
0.13904260098934174 0.1733718067407608
0.136665478348732 0.16777046024799347
0.13466881215572357 0.17755015194416046
0.13656927645206451 0.15610794723033905
0.13509728014469147 0.15602324903011322
0.13647863268852234 0.1610674262046814
0.13606606423854828 0.15606628358364105
0.13493964076042175 0.1435692459344864
0.13450150191783905 0.17356950044631958
0.1363058239221573 0.14926978945732117
0.1356794685125351 0.21738114953041077
0.13404321670532227 0.1480085551738739
0.13383455574512482 0.15339505672454834
0.1347343623638153 0.1710897982120514
0.1331530213356018 0.19134648144245148
0.1353359967470169 0.14876776933670044
0.1321398913860321 0.1498037725687027
0.13357868790626526 0.14068518579006195
0.13467928767204285 0.15478312969207764
0.1318545937538147 0.14316940307617188
0.13449223339557648 0.16623397171497345
0.13262887299060822 0.1504938155412674
0.132171168923378 0.1865271031856537
0.13373635709285736 0.20924143493175507
0.13107924163341522 0.15067200362682343
0.13100136816501617 0.1414557844400406
0.13210280239582062 0.15312865376472473
0.13056185841560364 0.23670276999473572
0.13065074384212494 0.14454255998134613
0.13130570948123932 0.17861692607402802
0.13007120788097382 0.14395613968372345
0.1301461160182953 0.17989739775657654
0.12961941957473755 0.14581510424613953
0.12848584353923798 0.1559591144323349
0.12931731343269348 0.16767317056655884
0.13143818080425262 0.14778314530849457
0.1297634392976761 0.14538592100143433
0.1276276409626007 0.1414497196674347
0.12791134417057037 0.26139286160469055
0.12940837442874908 0.13695770502090454
0.12935993075370789 0.14442171156406403
0.12870673835277557 0.14004890620708466
0.12797793745994568 0.134672150015831
0.12851569056510925 0.14965614676475525
0.12591712176799774 0.14212165772914886
0.1277608722448349 0.13899396359920502
0.1272335797548294 0.21408109366893768
0.1276487410068512 0.1435321867465973
0.12792350351810455 0.14720892906188965
0.1261339634656906 0.18257254362106323
0.1258852481842041 0.13716217875480652
0.12686105072498322 0.13117985427379608
0.12573175132274628 0.13623833656311035
0.12621130049228668 0.19073711335659027
0.12654036283493042 0.14335158467292786
0.12465773522853851 0.13396340608596802
0.12533196806907654 0.16181185841560364
0.1251118928194046 0.14105811715126038
0.1263362020254135 0.13741184771060944
0.12395144999027252 0.1310669183731079
0.12563003599643707 0.1301828920841217
0.12387292087078094 0.13585016131401062
0.12502774596214294 0.14337053894996643
0.12360326945781708 0.14299239218235016
0.12334728986024857 0.13532520830631256
0.12384648621082306 0.17431217432022095
0.12325925379991531 0.1526029109954834
0.12491953372955322 0.12570562958717346
0.12406285852193832 0.13238857686519623
0.12314876168966293 0.13471652567386627
0.12172362208366394 0.15119226276874542
0.12376823276281357 0.13379870355129242
0.12204458564519882 0.13715893030166626
0.12307093292474747 0.12647294998168945
0.12084941565990448 0.14109040796756744
0.12354021519422531 0.20848655700683594
0.12209991365671158 0.1381443738937378
0.12231621146202087 0.14299722015857697
0.12463533133268356 0.16233231127262115
0.12219548970460892 0.1632452756166458
0.12082228064537048 0.1349385380744934
0.12212900817394257 0.14382833242416382
0.12078157812356949 0.13161835074424744
0.12121342122554779 0.14019323885440826
0.12088590860366821 0.16773653030395508
0.12053325027227402 0.1334637701511383
0.1215265542268753 0.1335219442844391
0.1214551329612732 0.13112017512321472
0.12348093092441559 0.13447673618793488
0.12117449939250946 0.14521382749080658
0.12191076576709747 0.1307467222213745
0.12207937985658646 0.13428278267383575
0.12099617719650269 0.14462518692016602
0.12026233971118927 0.13538505136966705
0.11948598921298981 0.13235880434513092
0.1216418519616127 0.14137481153011322
0.11975210905075073 0.17238441109657288
0.12009454518556595 0.15714743733406067
0.11994902044534683 0.20855408906936646
0.11999006569385529 0.16739049553871155
0.1190686896443367 0.13233669102191925
0.11918110400438309 0.19285842776298523
0.11928965896368027 0.12867091596126556
0.11855192482471466 0.13987486064434052
0.11888685822486877 0.13451825082302094
0.11890015006065369 0.12697161734104156
0.11850880086421967 0.12756872177124023
0.1188591793179512 0.1450931429862976
0.11881465464830399 0.1509445756673813
0.11936531960964203 0.12629549205303192
0.11823900789022446 0.1266128569841385
0.11855223029851913 0.12417774647474289
0.11869014799594879 0.13730274140834808
0.1171698272228241 0.13873717188835144
0.11941304057836533 0.1302509754896164
0.11805044114589691 0.12610475718975067
0.12023243308067322 0.1608113795518875
0.11796444654464722 0.12658146023750305
0.11904807388782501 0.12266001850366592
0.11778105050325394 0.15419764816761017
0.11873757094144821 0.14021889865398407
0.11762647330760956 0.12176009267568588
0.11804290115833282 0.13195264339447021
0.11715856194496155 0.1217057928442955
0.1167476624250412 0.12258145213127136
0.11673343181610107 0.12070941179990768
0.11678079515695572 0.12020765244960785
0.11626414209604263 0.1352628916501999
0.11712346225976944 0.17732365429401398
0.1166124939918518 0.17128384113311768
0.11814907193183899 0.13037699460983276
0.1178959533572197 0.12438628077507019
0.11665337532758713 0.15333157777786255
0.11586113274097443 0.13243642449378967
0.11676139384508133 0.17133812606334686
0.11634136736392975 0.14316914975643158
0.1167387068271637 0.133102685213089
0.11607983708381653 0.12668249011039734
0.11502491682767868 0.17544962465763092
0.17028078436851501 0.153776615858078
0.12015043944120407 0.2706078588962555
0.11849556863307953 0.12854276597499847
0.11756840348243713 0.1365424245595932
0.11537212133407593 0.12853215634822845
0.1157912164926529 0.12587125599384308
0.11665909737348557 0.11589968204498291
0.11546064168214798 0.12390341609716415
0.11569560319185257 0.12797746062278748
0.11518673598766327 0.11657296866178513
0.11465445160865784 0.13595668971538544
0.11521248519420624 0.13431376218795776
0.11474733054637909 0.1557072103023529
0.11585792154073715 0.1501304656267166
0.11449877172708511 0.1545248180627823
0.11597706377506256 0.11509863287210464
0.11526299268007278 0.12147124856710434
0.11418769508600235 0.14435634016990662
0.11679628491401672 0.12482868134975433
0.11409860104322433 0.16798004508018494
0.1144806519150734 0.18028689920902252
0.11368557810783386 0.12133292108774185
0.1147778183221817 0.12514625489711761
0.11413417756557465 0.11837051063776016
0.11376507580280304 0.11803171783685684
0.11379633843898773 0.1301857829093933
0.11344482749700546 0.1256933957338333
0.18459823727607727 0.14114660024642944
0.12143991142511368 0.13063928484916687
0.11671376973390579 0.12822075188159943
0.11591830104589462 0.13969017565250397
0.1149912029504776 0.12472666800022125
0.11418167501688004 0.13567613065242767
0.11388320475816727 0.13102473318576813
0.11424645781517029 0.12441509962081909
0.11285068839788437 0.19904695451259613
0.11534171551465988 0.1159677729010582
0.11216764152050018 0.1619124859571457
0.11358676105737686 0.14560765027999878
0.11236461251974106 0.11895306408405304
0.11279255896806717 0.19567032158374786
0.11339547485113144 0.13400153815746307
0.11338973045349121 0.17192821204662323
0.11408092081546783 0.12245833873748779
0.1124613955616951 0.16162057220935822
0.11244706809520721 0.11950454115867615
0.11223319172859192 0.12874165177345276
0.11426445096731186 0.12130040675401688
0.11077327281236649 0.1236853301525116
0.11268705874681473 0.1304411143064499
0.11210169643163681 0.11689086258411407
0.11246772855520248 0.120729461312294
0.11234807968139648 0.1530284285545349
0.1119028627872467 0.12383865565061569
0.11245551705360413 0.14626871049404144
0.11174316704273224 0.12076477706432343
0.11151149123907089 0.1583106815814972
0.11135568469762802 0.1229492574930191
0.1113671138882637 0.12547622621059418
0.11106770485639572 0.1858220249414444
0.11163385957479477 0.14873605966567993
0.10995820164680481 0.12601663172245026
0.11067808419466019 0.12840823829174042
0.11060561239719391 0.13127826154232025
0.11145362257957458 0.12781906127929688
0.11023887246847153 0.12806640565395355
0.11162438243627548 0.1180834248661995
0.1112581416964531 0.11976873874664307
0.10991512984037399 0.13404537737369537
0.11020124703645706 0.1243114024400711
0.11100729554891586 0.13599126040935516
0.10914115607738495 0.23107688128948212
0.11182066798210144 0.12076010555028915
0.1101096048951149 0.1247759684920311
0.11136377602815628 0.15154312551021576
0.11122029274702072 0.13162347674369812
0.10955165326595306 0.12458378821611404
0.10976523905992508 0.13488651812076569
0.11217532306909561 0.12170084565877914
0.11011483520269394 0.12927955389022827
0.1127559244632721 0.11995105445384979
0.110318124294281 0.14019589126110077
0.10971348732709885 0.1364399790763855
0.11097490042448044 0.13715572655200958
0.11044501513242722 0.1351015269756317
0.1106891930103302 0.1398945450782776
0.1080474928021431 0.11765486001968384
0.10984206944704056 0.12324348092079163
0.10967765748500824 0.1342540830373764
0.10962654650211334 0.11351189762353897
0.10996147245168686 0.11359231919050217
0.11041367053985596 0.11858856678009033
0.10950722545385361 0.11458489298820496
0.11034496128559113 0.12752267718315125
0.10928509384393692 0.6229111552238464
0.11347748339176178 0.14760327339172363
0.10804934799671173 0.15290755033493042
0.10817734152078629 0.11543865501880646
0.10921244323253632 0.1460954248905182
0.10861027985811234 0.1624942421913147
0.10953221470117569 0.11847078800201416
0.10938025265932083 0.12085642665624619
0.10831096023321152 0.1244744136929512
0.11039769649505615 0.13087508082389832
0.10868128389120102 0.12775151431560516
0.1115064024925232 0.11965419352054596
0.10782069712877274 0.122878797352314
0.10786120593547821 0.11614006012678146
0.11090168356895447 0.14258724451065063
0.10725761950016022 0.1418587863445282
0.10943924635648727 0.1130160540342331
0.10745869576931 0.1162242665886879
0.10951493680477142 0.12985554337501526
0.10908544808626175 0.11854735016822815
0.1074778363108635 0.18294380605220795
0.10864400118589401 0.11930888146162033
0.10772902518510818 0.133758544921875
0.10881534218788147 0.10946309566497803
0.10921160876750946 0.12296555191278458
0.11106529831886292 0.13337989151477814
0.10679113119840622 0.15074506402015686
0.10768676549196243 0.12705400586128235
0.10730338841676712 0.11611640453338623
0.10713125765323639 0.11969554424285889
0.10727076977491379 0.12412046641111374
0.10737649351358414 0.14662829041481018
0.10757438838481903 0.12114466726779938
0.10754157602787018 0.1984536051750183
0.10862694680690765 0.16538196802139282
0.10729509592056274 0.15480546653270721
0.10643976181745529 0.1869015097618103
0.10807082056999207 0.1423782855272293
0.10711221396923065 0.1397535502910614
0.10816170275211334 0.12338076531887054
0.10976526886224747 0.20105142891407013
0.10725909471511841 0.12758289277553558
0.10779368132352829 0.1285538226366043
0.10865096747875214 0.11449786275625229
0.10760367661714554 0.1197105124592781
0.1070447564125061 0.11226962506771088
0.10692548006772995 0.12990166246891022
0.10773229598999023 0.1340024471282959
0.10697716474533081 0.1348065733909607
0.10782785713672638 0.11745046824216843
0.10934405028820038 0.11895649880170822
0.1057751476764679 0.11174234002828598
0.10772689431905746 0.11763754487037659
0.10760585963726044 0.157094806432724
0.1065853014588356 0.1294918805360794
0.1073141098022461 0.10981012135744095
0.10682905465364456 0.1410498321056366
0.10679969191551208 0.11889863014221191
0.11154983937740326 0.11328716576099396
0.10602172464132309 0.1301618218421936
0.10688582807779312 0.14797304570674896
0.10594207048416138 0.11192124336957932
0.10697951167821884 0.14287249743938446
0.10735057294368744 0.10773137956857681
0.10666906833648682 0.11162957549095154
0.10583876073360443 0.22248263657093048
0.10819582641124725 0.1457776576280594
0.10652659833431244 0.11316291987895966
0.10635916888713837 0.19154439866542816
0.10942869633436203 0.11351490020751953
0.10585049539804459 0.11661425232887268
0.10651075839996338 0.10997496545314789
0.10684438049793243 0.1279420107603073
0.10532613098621368 0.11104850471019745
0.10661909729242325 0.14895063638687134
0.10722380131483078 0.11807073652744293
0.10586874932050705 0.1146337240934372
0.10508270561695099 0.15244929492473602
0.10646992921829224 0.1152351126074791
0.10498716682195663 0.13759641349315643
0.1056566834449768 0.12208183109760284
0.1064595952630043 0.12846297025680542
0.10568393766880035 0.11466419696807861
0.10487189143896103 0.14252924919128418
0.10583464056253433 0.12895578145980835
0.10621753334999084 0.13926562666893005
0.10588529706001282 0.11163939535617828
0.10426821559667587 0.20439641177654266
0.10881583392620087 0.11254867911338806
0.10523730516433716 0.15010729432106018
0.1055084764957428 0.13675212860107422
0.10491970181465149 0.11802144348621368
0.10651925951242447 0.14286459982395172
0.10464727133512497 0.14194199442863464
0.1061742752790451 0.11144018918275833
0.1039728969335556 0.1200464591383934
0.10418951511383057 0.15393251180648804
0.10380281507968903 0.11663366854190826
0.10624755918979645 0.11584586650133133
0.10371288657188416 0.11602284014225006
0.10491909086704254 0.12490862607955933
0.10502440482378006 0.17808155715465546
0.10458015650510788 0.13224312663078308
0.10564154386520386 0.18323612213134766
0.10504020750522614 0.13560058176517487
0.10465478897094727 0.13225452601909637
0.10441122949123383 0.11743760854005814
0.10354776680469513 0.14882400631904602
0.10380487889051437 0.12302953004837036
0.1050730049610138 0.12218693643808365
0.10291735082864761 0.16296610236167908
0.10328661650419235 0.13587461411952972
0.1050615906715393 0.11216108500957489
0.10514954477548599 0.11625900864601135
0.1043776422739029 0.1405298113822937
0.10368520766496658 0.11858870834112167
0.1042485311627388 0.14339405298233032
0.10823420435190201 0.12194818258285522
0.1040688082575798 0.11021167784929276
0.10537135601043701 0.1525564044713974
0.10374516993761063 0.10730858147144318
0.1054132804274559 0.11984642595052719
0.1037028506398201 0.11964087188243866
0.10460352897644043 0.10965091735124588
0.10566337406635284 0.11915289610624313
0.11331742256879807 0.11444079130887985
0.10238632559776306 0.1212238222360611
0.1030384823679924 0.19853822886943817
0.10542483627796173 0.12794820964336395
0.10116682946681976 0.11311332136392593
0.10569099336862564 0.10876259207725525
0.10314495116472244 0.11410308629274368
0.10379121452569962 0.11710519343614578
0.10264243185520172 0.11013983935117722
0.10530610382556915 0.12113003432750702
0.10264486819505692 0.1119019165635109
0.10532340407371521 0.11581044644117355
0.10406579822301865 0.1258493959903717
0.10359161347150803 0.11264688521623611
0.10347945243120193 0.1076221838593483
0.10270936042070389 0.12951026856899261
0.10394652187824249 0.1427145153284073
0.10337135940790176 0.11061409115791321
0.1034272164106369 0.1948111355304718
0.10358216613531113 0.1276686042547226
0.1031770333647728 0.16002260148525238
0.12328512221574783 0.1186443492770195
0.10312148183584213 0.11527669429779053
0.10322579741477966 0.11935295164585114
0.10249853134155273 0.12916336953639984
0.1033855676651001 0.10853751748800278
0.10632052272558212 0.10960708558559418
0.1041296198964119 0.1089288592338562
0.10454989969730377 0.12107701599597931
0.10409626364707947 0.15644921362400055
0.10248363018035889 0.14876337349414825
0.10148658603429794 0.1236131563782692
0.1033627837896347 0.177205428481102
0.10154525190591812 0.13473345339298248
0.10388319939374924 0.11521811783313751
0.1010001078248024 0.10741280764341354
0.10255321860313416 0.13698185980319977
0.10206200182437897 0.1126323863863945
0.10343840718269348 0.11891012638807297
0.10172728449106216 0.12756472826004028
0.10300713777542114 0.10956612229347229
0.10233187675476074 0.11942841857671738
0.10200265794992447 0.11018523573875427
0.10217393934726715 0.11613693833351135
0.1032562106847763 0.16297142207622528
0.10205816477537155 0.1113177165389061
0.10175413638353348 0.1450752317905426
0.10185379534959793 0.14681077003479004
0.10213141143321991 0.1120024099946022
0.10347139090299606 0.11656897515058517
0.10194177180528641 0.11321420967578888
0.10245365649461746 0.11562708020210266
0.10180963575839996 0.11329886317253113
0.10198614746332169 0.11826442182064056
0.1016852855682373 0.11780683696269989
0.10274514555931091 0.1117246150970459
0.10142596065998077 0.21568424999713898
0.10188128799200058 0.11054677516222
0.1017317920923233 0.10615073144435883
0.10187618434429169 0.13425995409488678
0.10155253112316132 0.12222177535295486
0.10242684930562973 0.1110314354300499
0.10071860253810883 0.11413980275392532
0.1024719849228859 0.125768780708313
0.10246296972036362 0.11172159761190414
0.10041838884353638 0.10652695596218109
0.10172540694475174 0.16032831370830536
0.10275417566299438 0.10939688980579376
0.10188540816307068 0.1095167025923729
0.10033000260591507 0.11141612380743027
0.10209100693464279 0.1073809340596199
0.10206638276576996 0.10823772102594376
0.10070425271987915 0.1141175851225853
0.13471145927906036 0.11439608782529831
0.1037600040435791 0.1512942761182785
0.10225366801023483 0.12058848887681961
0.10160160809755325 0.11847109347581863
0.10068170726299286 0.108302041888237
0.10066232085227966 0.15517419576644897
0.1008705273270607 0.11956021189689636
0.10148120671510696 0.1556566059589386
0.10061808675527573 0.11118443310260773
0.101234070956707 0.10343705862760544
0.1018078401684761 0.11765377223491669
0.10010622441768646 0.1076478436589241
0.10060305893421173 0.10490913689136505
0.10033483803272247 0.17577853798866272
0.10075143724679947 0.11275828629732132
0.1014849916100502 0.11443062126636505
0.10075263679027557 0.11227993667125702
0.09978022426366806 0.19726821780204773
0.10523457825183868 0.13776609301567078
0.09975774586200714 0.1152220368385315
0.10469000041484833 0.11317730695009232
0.09930489212274551 0.10802687704563141
0.09967538714408875 0.12960365414619446
0.10097181051969528 0.10366891324520111
0.09992397576570511 0.106410913169384
0.09963663667440414 0.11901451647281647
0.10019028186798096 0.10554315894842148
0.10593243688344955 0.11194758117198944
0.09880739450454712 0.12115096300840378
0.09850163012742996 0.11335325241088867
0.0990273728966713 0.10822512954473495
0.10056820511817932 0.10496651381254196
0.09902459383010864 0.1662394255399704
0.10020642727613449 0.10310101509094238
0.10070391744375229 0.10615216195583344
0.09914738684892654 0.1384505182504654
0.09969256818294525 0.1208643689751625
0.10103997588157654 0.11393121629953384
0.09927459806203842 0.13187919557094574
0.09735303372144699 0.12150299549102783
0.10003626346588135 0.11019705981016159
0.0994044691324234 0.10537999868392944
0.09957907348871231 0.11065901070833206
0.09866265207529068 0.10623727738857269
0.09906137734651566 0.10897329449653625
0.10038258880376816 0.10213223099708557
0.0993768498301506 0.10717319697141647
0.09888973087072372 0.10887008160352707
0.09922328591346741 0.11971491575241089
0.0984218567609787 0.1743154227733612
0.10209611058235168 0.15839694440364838
0.09920323640108109 0.11944572627544403
0.09917585551738739 0.12118122726678848
0.09905248135328293 0.10354572534561157
0.09937173873186111 0.11034499108791351
0.09765396267175674 0.10921412706375122
0.10614251345396042 0.1118333712220192
0.09821431338787079 0.09989043325185776
0.09876289963722229 0.12029232084751129
0.09815278649330139 0.13974741101264954
0.09787429124116898 0.10655879974365234
0.0984908938407898 0.11211220175027847
0.09923829138278961 0.1072748675942421
0.09779573231935501 0.10727870464324951
0.09857045859098434 0.10838789492845535
0.09865882247686386 0.18567484617233276
0.0989738330245018 0.10655076056718826
0.09805038571357727 0.10899702459573746
0.09733578562736511 0.11161384731531143
0.09921111911535263 0.1210382804274559
0.0972420796751976 0.11101711541414261
0.09836295992136002 0.126862570643425
0.09855839610099792 0.10601846128702164
0.09792642295360565 0.16640637814998627
0.09912625700235367 0.10336538404226303
0.09846385568380356 0.13259314000606537
0.09726681560277939 0.10683317482471466
0.09698271751403809 0.11735095828771591
0.09811992198228836 0.10471553355455399
0.09671134501695633 0.10607381165027618
0.09836377948522568 0.10634055733680725
0.09726220369338989 0.10349450260400772
0.09799177199602127 0.1108265370130539
0.0957389622926712 0.10114102065563202
0.09778708219528198 0.11702355742454529
0.0971132144331932 0.1072302907705307
0.09698591381311417 0.12699152529239655
0.09696466475725174 0.11870471388101578
0.0985558032989502 0.10502000898122787
0.09696952253580093 0.15922097861766815
0.09681371599435806 0.1044149398803711
0.097381591796875 0.16513411700725555
0.09660298377275467 0.11806397885084152
0.09625206142663956 0.12115108221769333
0.09624437242746353 0.19223763048648834
0.09635329991579056 0.10554298013448715
0.09610796719789505 0.11072283238172531
0.09629359841346741 0.11243565380573273
0.09669304639101028 0.11040034890174866
0.0963074117898941 0.13656383752822876
0.09634736180305481 0.11424536257982254
0.1007891371846199 0.10233062505722046
0.09563271701335907 0.10039959102869034
0.0962286964058876 0.09787994623184204
0.09712989628314972 0.13202188909053802
0.0962570309638977 0.11174530535936356
0.09697522968053818 0.10314320772886276
0.09554225206375122 0.12027404457330704
0.09640179574489594 0.11618644744157791
0.09988333284854889 0.12706096470355988
0.09508594125509262 0.10016240924596786
0.09541714191436768 0.11051928251981735
0.09549061954021454 0.1010725274682045
0.09522125869989395 0.15918225049972534
0.09545468538999557 0.09878838062286377
0.09589266777038574 0.11598075181245804
0.09582743793725967 0.0967613235116005
0.09541601687669754 0.1012183129787445
0.09565921872854233 0.14124098420143127
0.09535406529903412 0.10074886679649353
0.0954613983631134 0.10290113836526871
0.09548734128475189 0.11329038441181183
0.09581787884235382 0.10540150851011276
0.0959804505109787 0.12197985500097275
0.09606552124023438 0.09772202372550964
0.09484254568815231 0.1066245436668396
0.09538543969392776 0.11787506192922592
0.0968732163310051 0.110934317111969
0.094675712287426 0.09972381591796875
0.09610467404127121 0.10331980884075165
0.09455922991037369 0.10175752639770508
0.09512925148010254 0.0968083068728447
0.09634214639663696 0.10941000282764435
0.09851393103599548 0.10700428485870361
0.09351078420877457 0.1714882105588913
0.09520914405584335 0.09589365869760513
0.09512176364660263 0.12116947770118713
0.09535561501979828 0.09590576589107513
0.09550414234399796 0.11326590925455093
0.09454219788312912 0.10237894207239151
0.09426213055849075 0.09981997311115265
0.09567837417125702 0.09776242077350616
0.09618358314037323 0.1422266811132431
0.09403373301029205 0.11794035881757736
0.09481070190668106 0.10315000265836716
0.09533007442951202 0.10286414623260498
0.09459933638572693 0.12722955644130707
0.09454996138811111 0.09656166285276413
0.09521688520908356 0.10274268686771393
0.09390705078840256 0.11007726937532425
0.09420944005250931 0.12734302878379822
0.09374340623617172 0.13585378229618073
0.09464942663908005 0.10828005522489548
0.09337028115987778 0.12546785175800323
0.09361094236373901 0.10394470393657684
0.09424597024917603 0.10701754689216614
0.09450531750917435 0.10047448426485062
0.0946512445807457 0.1248377114534378
0.09419053792953491 0.09893236309289932
0.09374798089265823 0.10512900352478027
0.0944637805223465 0.09737898409366608
0.09444490075111389 0.12121527642011642
0.09365162253379822 0.10783394426107407
0.09333067387342453 0.09684264659881592
0.09372882544994354 0.11515210568904877
0.09375027567148209 0.09915505349636078
0.09350953251123428 0.11083496361970901
0.09479248523712158 0.13482637703418732
0.09394776076078415 0.10842806100845337
0.09326831996440887 0.10000792145729065
0.09543360769748688 0.10495312511920929
0.0944419652223587 0.10371752828359604
0.09385471791028976 0.10996310412883759
0.09335252642631531 0.10445208847522736
0.09406521916389465 0.0973110944032669
0.0942087173461914 0.1489693522453308
0.09453408420085907 0.12261149287223816
0.09373205155134201 0.16233012080192566
0.09477774798870087 0.09784512221813202
0.09436190128326416 0.11316873878240585
0.09363685548305511 0.11782807111740112
0.09438946098089218 0.15302585065364838
0.09326708316802979 0.139564648270607
0.09423591196537018 0.1009528636932373
0.0946860983967781 0.10921049118041992
0.09314807504415512 0.0974113941192627
0.0927816778421402 0.11700638383626938
0.09438280761241913 0.10687221586704254
0.09286239743232727 0.10195402801036835
0.09422727674245834 0.10468099266290665
0.09314526617527008 0.14131031930446625
0.09292060881853104 0.10546781122684479
0.09289102256298065 0.10250188410282135
0.09370259940624237 0.17347835004329681
0.09364861994981766 0.10854034870862961
0.09308061003684998 0.10083776712417603
0.09260294586420059 0.10195490717887878
0.0929664894938469 0.13420313596725464
0.09265264123678207 0.12107618898153305
0.09317584335803986 0.1070176362991333
0.09309298545122147 0.09969775378704071
0.09216533601284027 0.1864389330148697
0.09381864964962006 0.09925112873315811
0.09308841079473495 0.10810470581054688
0.09298335760831833 0.17390333116054535
0.0947330892086029 0.09595200419425964
0.09237377345561981 0.10291575640439987
0.09276733547449112 0.10614284127950668
0.10841976851224899 0.09927664697170258
0.09140696376562119 0.11038138717412949
0.09405195713043213 0.10739974677562714
0.0922684371471405 0.160805344581604
0.09424037486314774 0.09809832274913788
0.09318435192108154 0.11544705182313919
0.09391521662473679 0.09500785171985626
0.0940641462802887 0.09762322157621384
0.0919213742017746 0.11899068206548691
0.09297224879264832 0.11161128431558609
0.0931694358587265 0.1220051720738411
0.09142513573169708 0.10661696642637253
0.0926119014620781 0.10596496611833572
0.09260272979736328 0.10092411190271378
0.09303329139947891 0.09477122873067856
0.09290219098329544 0.11384511739015579
0.09358419477939606 0.10812139511108398
0.09265182167291641 0.13339264690876007
0.09290497750043869 0.11192543059587479
0.09258247911930084 0.1405249983072281
0.09313947707414627 0.09421142935752869
0.09321211278438568 0.14018073678016663
0.09214963018894196 0.12625747919082642
0.09229633212089539 0.11492323875427246
0.09347265958786011 0.09393645077943802
0.09161499887704849 0.12501929700374603
0.09194129705429077 0.09609068185091019
0.09299981594085693 0.09525788575410843
0.09155009686946869 0.13524070382118225
0.09231914579868317 0.09978838264942169
0.09186185896396637 0.1595136523246765
0.09256390482187271 0.09461212158203125
0.09142866730690002 0.1063050776720047
0.09156301617622375 0.2278413027524948
