1.4799649715423584 1.3951505422592163
1.313147783279419 1.1549131870269775
1.1706162691116333 1.2143574953079224
1.13232421875 1.0597295761108398
1.0873039960861206 0.9971652626991272
0.9540396332740784 0.9123092293739319
0.8625560998916626 0.809370756149292
0.8090909123420715 0.780296266078949
0.7770997881889343 0.7162895202636719
0.7527481913566589 0.7245005369186401
0.7333979606628418 0.7333055138587952
0.7233855128288269 0.7191202640533447
0.7157794833183289 0.7034339308738708
0.7108444571495056 0.6849769949913025
0.7043787837028503 0.7142152190208435
0.7008162140846252 0.6733353137969971
0.6983598470687866 0.8041762113571167
0.6932668685913086 0.6722621917724609
0.6918075680732727 0.6835435628890991
0.6888943910598755 0.6656963229179382
0.687652587890625 0.6675029993057251
0.6857163906097412 0.6752278208732605
0.6826915144920349 0.6499806046485901
0.6833945512771606 0.6534785628318787
0.6788060665130615 0.6605932116508484
0.6795528531074524 0.6631974577903748
0.6772864460945129 0.7243392467498779
0.6763774752616882 0.7340415716171265
0.6758258938789368 0.6535465717315674
0.6735451221466064 0.6805415153503418
0.6726835370063782 0.6472856402397156
0.6711868047714233 0.6606440544128418
0.6709461212158203 0.6538444757461548
0.6689812541007996 0.6501628160476685
0.6698987483978271 0.6496370434761047
0.6677916646003723 0.7290745377540588
0.6682937145233154 0.6530525088310242
0.6671954989433289 0.7067269086837769
0.6668534278869629 0.6875200867652893
0.6655601263046265 0.6541817784309387
0.6662179231643677 0.6508170366287231
0.6661571264266968 0.6453946232795715
0.6645951867103577 0.6763189435005188
0.6638921499252319 0.6456023454666138
0.663964033126831 0.6700075268745422
0.6632608771324158 0.6658086776733398
0.6625186800956726 0.641002893447876
0.6613881587982178 0.6434446573257446
0.6608603000640869 0.6458534002304077
0.660932719707489 0.6444693207740784
0.6611341238021851 0.6439392566680908
0.6615331172943115 0.6508458256721497
0.6601845026016235 0.6415103673934937
0.6600419878959656 0.6437649130821228
0.6596359610557556 0.6692041754722595
0.6592391133308411 0.6399071216583252
0.6595454216003418 0.6656792759895325
0.6591233015060425 0.6751715540885925
0.6587486863136292 0.6484716534614563
0.6582249999046326 0.6512631773948669
0.6580309867858887 0.6547000408172607
0.6575481295585632 0.6637957692146301
0.6575224995613098 0.6828529834747314
0.6579161286354065 0.6474048495292664
0.6568143963813782 0.6718199253082275
0.6556911468505859 0.6384865641593933
0.6559786200523376 0.6449098587036133
0.6565253734588623 0.6505575180053711
0.6563323736190796 0.6465684175491333
0.6549379229545593 0.655052661895752
0.6560157537460327 0.6422253251075745
0.6556394696235657 0.6377392411231995
0.6564594507217407 0.6464982032775879
0.6553634405136108 0.6386768221855164
0.6546528935432434 0.647707998752594
0.6539693474769592 0.6431607007980347
0.6540749073028564 0.6463768482208252
0.6535873413085938 0.6397845149040222
0.6532520055770874 0.6379738450050354
0.6533173322677612 0.6404173374176025
0.6531432271003723 0.6398113965988159
0.652838945388794 0.6420310735702515
0.6527752876281738 0.6670016050338745
0.6535366177558899 0.6447518467903137
0.653156578540802 0.6333351731300354
0.6529979705810547 0.6549656391143799
0.6523328423500061 0.6386712193489075
0.6525447964668274 0.6376141309738159
0.6527433395385742 0.6372870206832886
0.6520336270332336 0.6337969899177551
0.6508703231811523 0.6471230983734131
0.6510021686553955 0.7294567823410034
0.6510421633720398 0.6609525680541992
0.6506016254425049 0.6347965598106384
0.6506231427192688 0.6467663049697876
0.6509510278701782 0.6530636548995972
0.650752604007721 0.6394681930541992
0.6506280899047852 0.6387113332748413
0.6504935026168823 0.6368896961212158
0.6505974531173706 0.6329385042190552
0.649316668510437 0.6377666592597961
0.6504576206207275 0.6357479691505432
0.650571346282959 0.6422755122184753
0.6499859094619751 0.6406927704811096
0.6499773859977722 0.6399790644645691
0.6502680778503418 0.632998526096344
0.6488621234893799 0.6353407502174377
0.6489479541778564 0.6455151438713074
0.6491007804870605 0.6348025798797607
0.6489259004592896 0.6453255414962769
0.649314820766449 0.6454747319221497
0.6493602395057678 0.6621538400650024
0.6484110951423645 0.6457681655883789
0.6487503051757812 0.6505210399627686
0.6482735872268677 0.6383504271507263
0.6486610770225525 0.6369335055351257
0.6490059494972229 0.6374832391738892
0.6487212777137756 0.6397777199745178
0.6480421423912048 0.6406193971633911
0.6488199234008789 0.635444700717926
0.6480404734611511 0.6434743404388428
0.6476141810417175 0.6323418021202087
0.6480415463447571 0.6828745603561401
0.6471343636512756 0.6723520159721375
0.6478973627090454 0.6333087086677551
0.6475454568862915 0.6717645525932312
0.6475324034690857 0.658760666847229
0.6472223997116089 0.6362085342407227
0.6473966240882874 0.6378908753395081
0.6469020247459412 0.6484109163284302
0.6475509405136108 0.6357108354568481
0.6468227505683899 0.6390142440795898
0.6467258334159851 0.656748354434967
0.6470293402671814 0.6346762180328369
0.6469754576683044 0.6389612555503845
0.646366536617279 0.6391245126724243
0.6458242535591125 0.6388466954231262
0.6457605957984924 0.6478320360183716
0.646217942237854 0.6508374214172363
0.6462769508361816 0.6418707370758057
0.6464376449584961 0.6391636729240417
0.6466497182846069 0.6529163718223572
0.645455002784729 0.6873360276222229
0.6461076736450195 0.6355578899383545
0.6457580924034119 0.6377336978912354
0.645929217338562 0.6302862763404846
0.645959198474884 0.6469285488128662
0.6454635262489319 0.6374519467353821
0.6466993093490601 0.6767548322677612
0.6456751227378845 0.6410446763038635
0.6463055610656738 0.6504746675491333
0.6446603536605835 0.6394920945167542
0.6449230909347534 0.6340498924255371
0.6450136303901672 0.6616770029067993
0.6447198987007141 0.6356860399246216
0.6448471546173096 0.6332648992538452
0.6446834206581116 0.6549882888793945
0.644859790802002 0.6330124735832214
0.644486129283905 0.6337929964065552
0.6448742151260376 0.6385094523429871
0.6445185542106628 0.6389190554618835
0.6443688273429871 0.6343972682952881
0.6446434259414673 0.6405827403068542
0.6449228525161743 0.645195722579956
0.6445979475975037 0.6335228681564331
0.6435969471931458 0.6357071995735168
0.6438390612602234 0.6303271651268005
0.6439061760902405 0.6361911296844482
0.6431834697723389 0.6399795413017273
0.6434316039085388 0.632006824016571
0.6434962749481201 0.6368812918663025
0.6442105770111084 0.6911107897758484
0.6436838507652283 0.6364630460739136
0.6430279612541199 0.6351610422134399
0.644142210483551 0.6331202983856201
0.6438859701156616 0.6343416571617126
0.6438531279563904 0.6310284733772278
0.6431854963302612 0.6331665515899658
0.6441248655319214 0.6362771987915039
0.6434972286224365 0.6327025294303894
0.6429120898246765 0.6671070456504822
0.6429491639137268 0.6457387804985046
0.642749011516571 0.6321450471878052
0.6423587203025818 0.6315158605575562
0.6425366997718811 0.6326721906661987
0.6427294611930847 0.6441817879676819
0.6422145962715149 0.6407056450843811
0.6418927311897278 0.6431984305381775
0.6428083777427673 0.6380902528762817
0.6431905627250671 0.6374503970146179
0.6427367925643921 0.636506974697113
0.6426491737365723 0.6354952454566956
0.6427031755447388 0.6424329876899719
0.6424757838249207 0.6340392231941223
0.6430224180221558 0.6323004961013794
0.6424564719200134 0.6389604210853577
0.6422010660171509 0.6367183327674866
0.6422914266586304 0.6400887370109558
0.6415115594863892 0.6369247436523438
0.6416811347007751 0.6357417702674866
0.6416218280792236 0.6530255079269409
0.6420972943305969 0.6386213302612305
0.6418517231941223 0.6318575739860535
0.642065703868866 0.6322749853134155
0.6419614553451538 0.6318387985229492
0.6416588425636292 0.6316261887550354
0.6415162086486816 0.6716582179069519
0.6417810916900635 0.6322264671325684
0.6414812207221985 0.6305055022239685
0.6418259739875793 0.6371022462844849
0.6415765285491943 0.6702591776847839
0.6415987610816956 0.6483151316642761
0.6407850980758667 0.6415422558784485
0.6409666538238525 0.636512279510498
0.6403889060020447 0.6328252553939819
0.6408687829971313 0.6385127305984497
0.6411852836608887 0.6344842910766602
0.6407039165496826 0.6430600881576538
0.6407102346420288 0.6647170186042786
0.6407293081283569 0.6347641944885254
0.6411528587341309 0.6396428942680359
0.6411051750183105 0.6303905844688416
0.6409186720848083 0.6341264247894287
0.6409214735031128 0.6298643350601196
0.6405472159385681 0.6334841251373291
0.640909731388092 0.6664906144142151
0.6405584216117859 0.630578875541687
0.6404930353164673 0.6309164762496948
0.6399660706520081 0.633557915687561
0.6397401094436646 0.6292465925216675
0.6402042508125305 0.6397095918655396
0.6403747797012329 0.6339014172554016
0.639954686164856 0.648708701133728
0.6398364305496216 0.6698870658874512
0.6394565105438232 0.6326958537101746
0.6395405530929565 0.6560753583908081
0.6403348445892334 0.6301732659339905
0.6403074860572815 0.6402989029884338
0.6404598951339722 0.6646912693977356
0.6400154232978821 0.6364551782608032
0.6396917104721069 0.6478537917137146
0.6399290561676025 0.6325230598449707
0.6392537355422974 0.6540634632110596
0.6395972967147827 0.6330726742744446
0.6395519971847534 0.6504586935043335
0.6392372846603394 0.636860191822052
0.639439046382904 0.6317975521087646
0.6394413709640503 0.6346773505210876
0.6397013068199158 0.6343771815299988
0.6395156979560852 0.6757388710975647
0.6393716931343079 0.6361340284347534
0.6390650272369385 0.6303891539573669
0.6393677592277527 0.6395539045333862
0.6395943760871887 0.6455510258674622
0.6391808390617371 0.6320313215255737
0.6394891142845154 0.6461709141731262
0.6390630006790161 0.6374210119247437
0.6385638117790222 0.6323871612548828
0.6393734216690063 0.6411144137382507
0.6395220160484314 0.6416271328926086
0.6387403607368469 0.6301780939102173
0.639119029045105 0.6440796256065369
0.6386443376541138 0.634104311466217
0.6386149525642395 0.6303757429122925
0.6387729644775391 0.6433620452880859
0.6389389634132385 0.6345747709274292
0.6384090185165405 0.6287136673927307
0.6379602551460266 0.6314883828163147
0.638559877872467 0.6352325081825256
0.6386818289756775 0.6524373888969421
0.6380881667137146 0.6493058800697327
0.6388038992881775 0.6311721205711365
0.6383955478668213 0.6307895183563232
0.6383078098297119 0.6290264129638672
0.6379117965698242 0.6627374887466431
0.6383126378059387 0.6327064633369446
0.6379160284996033 0.648287296295166
0.6380434632301331 0.6280661821365356
0.6381376385688782 0.6332033276557922
0.6378105878829956 0.6447701454162598
0.6383821964263916 0.6346725821495056
0.6375628113746643 0.6310476064682007
0.6379273533821106 0.6316331624984741
0.6376505494117737 0.6446881890296936
0.6380773186683655 0.6356309056282043
0.6380656361579895 0.6330420970916748
0.6380711197853088 0.6323876976966858
0.6373206377029419 0.6312018632888794
0.6374337673187256 0.6318011283874512
0.6372483372688293 0.6305396556854248
0.637639582157135 0.6368247270584106
0.6371788382530212 0.6383072137832642
0.6375555992126465 0.6323770880699158
0.6378841400146484 0.6327131390571594
0.6376352906227112 0.6360453963279724
0.6373011469841003 0.6311416625976562
0.6376127004623413 0.6352240443229675
0.6370583176612854 0.6372780799865723
0.6372215151786804 0.6286770105361938
0.6375411748886108 0.6387965083122253
0.6377506256103516 0.6353068947792053
0.6374797224998474 0.6309421062469482
0.6370792984962463 0.6276417374610901
0.6371097564697266 0.6295439004898071
0.6367570757865906 0.6326478719711304
0.6367558836936951 0.6447697281837463
0.6367028951644897 0.6293106079101562
0.6369916796684265 0.6359327435493469
0.6367092132568359 0.6342843174934387
0.6369526982307434 0.62932288646698
0.6373322606086731 0.6356972455978394
0.6367466449737549 0.635007917881012
0.6366310715675354 0.6351617574691772
0.6370492577552795 0.6414582133293152
0.6372544169425964 0.6452534198760986
0.6368296146392822 0.6340349912643433
0.6369390487670898 0.6391010880470276
0.6364830136299133 0.6302810311317444
0.6365734338760376 0.6288872957229614
0.6366675496101379 0.631652295589447
0.6365426182746887 0.6321573853492737
0.6364306211471558 0.6303937435150146
0.6363105177879333 0.627509355545044
0.6358873248100281 0.6354890465736389
0.6365209221839905 0.6463396549224854
0.636355459690094 0.6311162114143372
0.63628751039505 0.6367653012275696
0.6369052529335022 0.631672739982605
0.6361855864524841 0.6280770301818848
0.635765016078949 0.6386709213256836
0.6364295482635498 0.6313977241516113
0.63640958070755 0.627513587474823
0.636413037776947 0.6354683637619019
0.6360238790512085 0.6320704817771912
0.6363743543624878 0.6340094804763794
0.6359158158302307 0.6308252811431885
0.6360452771186829 0.6303301453590393
0.6359781622886658 0.6301523447036743
0.6360945105552673 0.6287043690681458
0.6356001496315002 0.6291885375976562
0.6361921429634094 0.6308601498603821
0.6354314088821411 0.6299087405204773
0.63572096824646 0.6306635141372681
0.635421633720398 0.6320570707321167
0.6356199979782104 0.6466506123542786
0.6356773376464844 0.6494985222816467
0.6357748508453369 0.6667053699493408
0.6356120705604553 0.6320456862449646
0.6352891325950623 0.6376820206642151
0.6354682445526123 0.6317368745803833
0.6352874636650085 0.6281816959381104
0.6356417536735535 0.6360331177711487
0.6351756453514099 0.6342500448226929
0.6352657079696655 0.6266513466835022
0.635551393032074 0.6278761029243469
0.6353684663772583 0.6445557475090027
0.6350520849227905 0.627970278263092
0.6353124976158142 0.6307544708251953
0.635583221912384 0.6299047470092773
0.6355693340301514 0.6554969549179077
0.6352787613868713 0.630916178226471
0.6352185606956482 0.6299658417701721
0.6351789236068726 0.6581864356994629
0.6350904703140259 0.6313036680221558
0.6350052356719971 0.6283100843429565
0.6350108981132507 0.6356143951416016
0.6349340677261353 0.6320884227752686
0.6350120902061462 0.6313311457633972
0.6349533796310425 0.6296529173851013
0.6351508498191833 0.6297716498374939
0.6348349452018738 0.6289257407188416
0.63454270362854 0.6386480927467346
0.6348006725311279 0.6297964453697205
0.6348751187324524 0.6294097900390625
0.6348583698272705 0.6323437690734863
0.6350643634796143 0.6281578540802002
0.6350919604301453 0.6320151090621948
0.6348559856414795 0.6301509737968445
0.6348239779472351 0.6290870308876038
0.6344318389892578 0.6291502118110657
0.6346228718757629 0.6295965313911438
0.6345239281654358 0.6321631669998169
0.6345673203468323 0.6310983300209045
0.6341902613639832 0.6302030682563782
0.6345334053039551 0.6553352475166321
0.634856104850769 0.6312206983566284
0.6343985199928284 0.628741979598999
0.6345391273498535 0.6500243544578552
0.6347886919975281 0.6329475045204163
0.634650468826294 0.6399678587913513
0.6344040632247925 0.636039137840271
0.6344237923622131 0.6292109489440918
0.6346146464347839 0.6302151083946228
0.6339566111564636 0.6286363005638123
0.6339923143386841 0.6277820467948914
0.6340933442115784 0.63347989320755
0.6343086957931519 0.6412737369537354
0.6339734792709351 0.6398499608039856
0.6339210867881775 0.6358049511909485
0.6341202259063721 0.6280299425125122
0.6338246464729309 0.6291816234588623
0.6340715885162354 0.6411566734313965
0.6338489651679993 0.6306573152542114
0.6341603398323059 0.6343061327934265
0.6340231895446777 0.628741443157196
0.633816659450531 0.6461290717124939
0.6339622735977173 0.6469740867614746
0.6338023543357849 0.629942774772644
0.6337518692016602 0.6273572444915771
0.6341345310211182 0.6413130164146423
0.6337040662765503 0.63069087266922
0.6335811018943787 0.6292572617530823
0.6337891817092896 0.628997266292572
0.6339789032936096 0.6302120089530945
0.6335627436637878 0.627160370349884
0.6336200833320618 0.6277838349342346
0.6338697671890259 0.6339917778968811
0.6336547136306763 0.6381174921989441
0.6336587071418762 0.6273277997970581
0.633611261844635 0.630266547203064
0.6336215138435364 0.6277050971984863
0.633553683757782 0.6326082944869995
0.633660078048706 0.630954921245575
0.6333958506584167 0.631891667842865
0.6332812309265137 0.6266931891441345
0.6334859132766724 0.6274718046188354
0.6334685683250427 0.6335778832435608
0.6334468722343445 0.6286075115203857
0.6333236694335938 0.6323444247245789
0.6332696080207825 0.6282685399055481
0.6334901452064514 0.6298083662986755
0.633306622505188 0.6294252276420593
0.6334750652313232 0.6363736987113953
0.63291996717453 0.650037944316864
0.6332669854164124 0.6379866600036621
0.6333896517753601 0.6323009133338928
0.633244514465332 0.6319137215614319
0.6332533955574036 0.6273949146270752
0.6330145001411438 0.6299561262130737
0.6333611011505127 0.638394296169281
0.6332541704177856 0.6304866075515747
0.6331017017364502 0.6311846971511841
0.6330079436302185 0.6328275799751282
0.6329725980758667 0.6289292573928833
0.6330402493476868 0.6357851028442383
0.6329013705253601 0.6298066973686218
0.6328979730606079 0.6268366575241089
0.6331801414489746 0.629680335521698
0.632764995098114 0.6267844438552856
0.633131206035614 0.6325080394744873
0.6332129836082458 0.6294668912887573
0.6330220103263855 0.6324892044067383
0.6330335736274719 0.631578266620636
0.6327034831047058 0.6363760828971863
0.6326636075973511 0.6280401349067688
0.6325441598892212 0.627117931842804
0.632462739944458 0.6264004111289978
0.6328651905059814 0.6297771334648132
0.6325916051864624 0.6282542943954468
0.6325550079345703 0.6378058791160583
0.6327933073043823 0.6356726288795471
0.632801353931427 0.6306394338607788
0.6328203082084656 0.6267231702804565
0.6327787637710571 0.6275893449783325
0.632820188999176 0.6315373778343201
0.6326567530632019 0.6323431730270386
0.6323882341384888 0.630987823009491
0.632561981678009 0.6272097229957581
0.6324271559715271 0.6336563229560852
0.6325175762176514 0.6267436146736145
0.6324048638343811 0.62871915102005
0.6323364973068237 0.6289447546005249
0.6322596669197083 0.6290171146392822
0.6322552561759949 0.6271482110023499
0.6323451995849609 0.632434070110321
0.6324791312217712 0.6329825520515442
0.6322633624076843 0.629874050617218
0.6321356296539307 0.6268791556358337
0.6322470903396606 0.627224326133728
0.6318333745002747 0.6266347169876099
0.6321073174476624 0.6294081807136536
0.6323339343070984 0.6279105544090271
0.6322886943817139 0.6307932138442993
0.6323187947273254 0.6288508772850037
0.6321016550064087 0.6277046203613281
0.6319167613983154 0.6278108358383179
0.6318541169166565 0.6303812861442566
0.6321022510528564 0.6284376382827759
0.6319324374198914 0.6302797198295593
0.631966769695282 0.6267722249031067
0.6319615244865417 0.627223789691925
0.6321252584457397 0.6340422630310059
0.6322781443595886 0.6384407877922058
0.6319730877876282 0.6540209054946899
0.631755530834198 0.6358712315559387
0.6319380402565002 0.6283120512962341
0.6318786144256592 0.626468300819397
0.6319022178649902 0.6270009875297546
0.6319785714149475 0.633471667766571
0.631902813911438 0.627478837966919
0.6318339109420776 0.6329126954078674
0.6316483616828918 0.6305563449859619
0.6318042278289795 0.6322354078292847
0.6315802335739136 0.6288827061653137
0.6317587494850159 0.6273677349090576
0.6317351460456848 0.6264597177505493
0.6320551633834839 0.630396842956543
0.6316460371017456 0.6288409233093262
0.6318647265434265 0.6289498805999756
0.6316181421279907 0.6259897947311401
0.6316097974777222 0.6294984817504883
0.6317206621170044 0.629606306552887
0.6315078735351562 0.6270924806594849
0.6318236589431763 0.6277037262916565
0.6314092874526978 0.6325722932815552
0.6313260197639465 0.6366882920265198
0.6317750811576843 0.629593014717102
0.6315509676933289 0.6254881620407104
0.6314995884895325 0.6404068470001221
0.6315117478370667 0.627531886100769
0.631425142288208 0.6339961290359497
0.6313592791557312 0.6319172382354736
0.6312177181243896 0.6262068152427673
0.6311682462692261 0.6271711587905884
0.6316165924072266 0.6344789266586304
0.6314254999160767 0.6271142363548279
0.631249725818634 0.6292375326156616
0.6314329504966736 0.6314349174499512
0.63143390417099 0.6264443397521973
0.6309446096420288 0.6277589797973633
0.6311272382736206 0.6324014067649841
0.6312238574028015 0.6381333470344543
0.6313628554344177 0.627232551574707
0.6313359141349792 0.6305115818977356
0.6311048269271851 0.6259312629699707
0.6311675310134888 0.6261633038520813
0.6311460733413696 0.6392208337783813
0.631110668182373 0.6285707354545593
0.6313064694404602 0.6329797506332397
0.6311030983924866 0.6298951506614685
0.6311355829238892 0.6273450255393982
0.6311333775520325 0.6262820363044739
0.6310483813285828 0.6301072239875793
0.6310886740684509 0.6273806691169739
0.6310603022575378 0.6281806230545044
0.630936861038208 0.6253865361213684
0.6307610869407654 0.6292546391487122
0.630836009979248 0.6286784410476685
0.630833089351654 0.6274998784065247
0.6310483813285828 0.6349495649337769
0.6307240724563599 0.6264198422431946
0.6311708688735962 0.6270813345909119
0.6308451890945435 0.6307129859924316
0.6307792067527771 0.6299253702163696
0.6307542324066162 0.6281325817108154
0.6308548450469971 0.6281833648681641
0.630958616733551 0.6274530291557312
0.6306316256523132 0.6260452270507812
0.6306040287017822 0.6267813444137573
0.631044328212738 0.6322920322418213
0.6307279467582703 0.626141369342804
0.6307924389839172 0.6282117962837219
0.630405068397522 0.6323275566101074
0.6307488679885864 0.6317780613899231
0.6305805444717407 0.6302471160888672
0.6307007074356079 0.6263057589530945
0.6305323243141174 0.6272525191307068
0.6305132508277893 0.6268706917762756
0.6306591033935547 0.6266427040100098
0.6303821206092834 0.6260977983474731
0.6305988430976868 0.6278343200683594
0.6305451989173889 0.6348721981048584
0.6305437088012695 0.6269652247428894
0.6304587721824646 0.6376152038574219
0.6306095719337463 0.6271002292633057
0.6304165124893188 0.6263955235481262
0.6305519342422485 0.6272581815719604
0.6303637027740479 0.6354621648788452
0.6305983066558838 0.6272375583648682
0.6303074359893799 0.6378997564315796
0.6304507255554199 0.6307680606842041
0.6303883790969849 0.6269946098327637
0.6304927468299866 0.6287748217582703
0.6302136778831482 0.626355767250061
0.6301982402801514 0.6258348822593689
0.6304766535758972 0.6269407272338867
0.6304210424423218 0.6267151832580566
0.6304587721824646 0.6294443011283875
0.6303485035896301 0.6282113790512085
0.6305110454559326 0.6313095092773438
0.6300734281539917 0.6303200125694275
0.6302450299263 0.6266109943389893
0.6297314763069153 0.6286084055900574
0.63014155626297 0.6278008818626404
0.6301066279411316 0.6267329454421997
0.6303067207336426 0.6276842355728149
0.6301772594451904 0.6274386048316956
0.6299126744270325 0.6291589736938477
0.6300603151321411 0.6308099627494812
0.6301127076148987 0.6259216666221619
0.6301241517066956 0.6312925815582275
0.6301704049110413 0.6279169321060181
0.629814863204956 0.6264817118644714
0.6301169395446777 0.6258881092071533
0.6300792098045349 0.6308909058570862
0.629956841468811 0.6285731196403503
0.6298469305038452 0.6264857649803162
0.6301800608634949 0.6282812356948853
0.6297824382781982 0.6461113095283508
0.6300427913665771 0.6348481774330139
0.629963219165802 0.6264292597770691
0.6299943327903748 0.6258552670478821
0.6298640966415405 0.6270094513893127
0.6298335790634155 0.6299870610237122
0.6296879649162292 0.6269195079803467
0.629985511302948 0.6269968748092651
0.6297702193260193 0.6284751296043396
0.629970133304596 0.6317910552024841
0.6298581957817078 0.6359155774116516
0.6298628449440002 0.6278665065765381
0.6294028162956238 0.6264897584915161
0.6297703981399536 0.6257019639015198
0.6297188401222229 0.6302750110626221
0.629815399646759 0.6272679567337036
0.6294941306114197 0.6271626353263855
0.6296346783638 0.6293215751647949
0.6296007633209229 0.6333127617835999
0.6297643184661865 0.6258180737495422
0.6296682953834534 0.6289921998977661
0.6297093629837036 0.6257445812225342
0.6297091245651245 0.6275148987770081
0.6298922300338745 0.6335725784301758
0.6295071840286255 0.6263177990913391
0.629927396774292 0.6326814889907837
0.6299068331718445 0.6424164175987244
0.6294307708740234 0.6265407204627991
0.6295034289360046 0.6275838017463684
0.6294719576835632 0.6269152164459229
0.6295036673545837 0.6326292753219604
0.6293912529945374 0.6321420669555664
0.6295363903045654 0.626577615737915
0.629385232925415 0.6259406208992004
0.6294378638267517 0.6278403401374817
0.6295424103736877 0.6272379755973816
0.629401445388794 0.6257009506225586
0.6293469667434692 0.6254183650016785
0.6295747756958008 0.6463776230812073
0.6292069554328918 0.6256542205810547
0.629562258720398 0.6270059943199158
0.6293671727180481 0.6311737895011902
0.6292484402656555 0.625529408454895
0.6291779279708862 0.6273874044418335
0.6292554140090942 0.6258644461631775
0.6292473673820496 0.6262850165367126
0.6293424367904663 0.645592451095581
0.6291084289550781 0.6276974081993103
0.6291228532791138 0.6276935338973999
0.6291383504867554 0.6266289949417114
0.6293218731880188 0.6390487551689148
0.629248321056366 0.6274623274803162
0.6291329264640808 0.6258472204208374
0.6291822791099548 0.6272366642951965
0.6291671395301819 0.6254234313964844
0.6294174194335938 0.6264501214027405
0.6291646957397461 0.6320140957832336
0.6291279196739197 0.6327757835388184
0.6292707324028015 0.6298441886901855
0.6292983889579773 0.6271611452102661
0.6291050314903259 0.629986584186554
0.6290110349655151 0.6272788047790527
0.6289281249046326 0.6253864765167236
0.6290580034255981 0.6262449622154236
0.6291569471359253 0.6415019631385803
0.6289587020874023 0.6283990144729614
0.6292544603347778 0.6307782530784607
0.6289852857589722 0.6295740008354187
0.6290475130081177 0.6257573366165161
0.6291354298591614 0.6314048767089844
0.6290010809898376 0.6305851936340332
0.6289413571357727 0.6260448694229126
0.628984272480011 0.6295177936553955
0.6288143396377563 0.629135251045227
0.629131555557251 0.625063419342041
0.6288972496986389 0.6313906908035278
0.6289749145507812 0.6318464875221252
0.6290688514709473 0.6289389133453369
0.6290533542633057 0.6258417367935181
0.6286748051643372 0.6260616183280945
0.6289015412330627 0.6274217963218689
0.6288414597511292 0.626538872718811
0.6288009881973267 0.6287303566932678
0.6289244294166565 0.6259251236915588
0.6289631724357605 0.6267938613891602
0.6287948489189148 0.6254602074623108
0.629043459892273 0.6342556476593018
0.6286882162094116 0.629208505153656
0.6290184259414673 0.6276598572731018
0.6285934448242188 0.6275383234024048
0.628683865070343 0.6257588267326355
0.6286494135856628 0.625085175037384
0.6286981701850891 0.6254620552062988
0.628786027431488 0.6271901726722717
0.6285369992256165 0.6261924505233765
0.6286348104476929 0.6275333166122437
0.6287612915039062 0.6255125999450684
0.6286181211471558 0.6253623962402344
0.6286119818687439 0.6262102723121643
0.6285181641578674 0.627321720123291
0.6287227869033813 0.6274327635765076
0.6287235617637634 0.6253703832626343
0.6285409927368164 0.6263013482093811
0.628298819065094 0.630440890789032
0.6284922361373901 0.6320490837097168
0.6286048889160156 0.6276148557662964
0.6284682750701904 0.6253589391708374
0.6285139918327332 0.6258465647697449
0.6283484101295471 0.6254435777664185
0.6284177303314209 0.6268739700317383
0.6286644339561462 0.6267978549003601
0.628322184085846 0.6251570582389832
0.628533661365509 0.6263536810874939
0.6284409761428833 0.6294339299201965
0.6284739375114441 0.6272736191749573
0.6285341382026672 0.6257885694503784
0.6285945773124695 0.6279332637786865
0.6283755302429199 0.6256998181343079
0.6284074783325195 0.6331417560577393
0.6282774806022644 0.6252347826957703
0.6283375024795532 0.6285316348075867
0.6284424662590027 0.6262808442115784
0.6284762024879456 0.6280452609062195
0.6284475326538086 0.62602299451828
0.6285354495048523 0.6337205767631531
0.6284478306770325 0.6302038431167603
0.6284404993057251 0.6260632872581482
0.6281757950782776 0.6268330812454224
0.6282903552055359 0.6261102557182312
0.6282325983047485 0.6345152854919434
0.6283521056175232 0.6270254254341125
0.6283086538314819 0.6258742809295654
0.6282891631126404 0.6265133023262024
0.6281455159187317 0.6261255145072937
0.628204882144928 0.625298261642456
0.6280239820480347 0.6263507008552551
0.628230094909668 0.6257966160774231
0.6284533143043518 0.6268277764320374
0.6281911134719849 0.6252961754798889
0.6282225847244263 0.6264633536338806
0.6281067728996277 0.6290714740753174
0.628119707107544 0.6279001235961914
0.6282497048377991 0.6259835362434387
0.6280754208564758 0.6287161111831665
0.6281538605690002 0.6265432834625244
0.6280574798583984 0.6256689429283142
0.6282796859741211 0.6254554390907288
0.6282139420509338 0.6287697553634644
0.6280256509780884 0.6259599924087524
0.6281330585479736 0.6256524324417114
0.6281259059906006 0.6262623071670532
0.6282238364219666 0.6303591132164001
0.6279711723327637 0.6253033876419067
0.627907931804657 0.6295910477638245
0.6279442310333252 0.6257895827293396
0.6279500126838684 0.6265995502471924
0.6280861496925354 0.6252686381340027
0.6280896663665771 0.6261065006256104
0.6280359029769897 0.6288829445838928
0.6279764771461487 0.6252341270446777
0.6280242800712585 0.6267773509025574
0.6281773447990417 0.6318535208702087
0.6282060146331787 0.6266826391220093
0.6278525590896606 0.6264547109603882
0.6279922127723694 0.631415069103241
0.6277852058410645 0.6284607648849487
0.6278116703033447 0.6259558200836182
0.6279272437095642 0.6255273818969727
0.6279657483100891 0.6255824565887451
0.6277617812156677 0.6259506344795227
0.6278226971626282 0.6257063746452332
0.6277896165847778 0.6251044273376465
0.6278234124183655 0.6254120469093323
0.6277969479560852 0.6332534551620483
0.6278172731399536 0.625795841217041
0.6279299855232239 0.6253586411476135
0.6277955770492554 0.6264978051185608
0.6279159188270569 0.626560389995575
0.6277961730957031 0.6257275938987732
0.6277295351028442 0.6274943351745605
0.627835214138031 0.6266880631446838
0.627799928188324 0.6267608404159546
0.6278038620948792 0.6254337430000305
0.6277017593383789 0.6250240206718445
0.6277071237564087 0.627288818359375
0.6278231739997864 0.6269242763519287
0.6276955008506775 0.6261271238327026
0.6277551651000977 0.6284236311912537
0.6277340650558472 0.6257134675979614
0.6276586055755615 0.6291004419326782
0.6277060508728027 0.6256199479103088
0.6277363300323486 0.630500078201294
