1.4920005798339844 1.5020971298217773
1.4778233766555786 1.4995578527450562
1.476514220237732 1.5035539865493774
1.4764702320098877 1.5076756477355957
1.475702166557312 1.5031956434249878
1.4748982191085815 1.5040533542633057
1.474625587463379 1.5131266117095947
1.4745721817016602 1.4974026679992676
1.4743633270263672 1.5030959844589233
1.473493218421936 1.5077099800109863
1.3214936256408691 1.2671096324920654
1.1857165098190308 1.1753100156784058
1.1282076835632324 1.1360735893249512
1.0541759729385376 1.043810486793518
0.9543121457099915 0.9047277569770813
0.83583664894104 0.7778287529945374
0.7385517954826355 0.7158744931221008
0.6770589351654053 0.6769167184829712
0.646420419216156 0.6417311429977417
0.626471221446991 0.623592734336853
0.6129323840141296 0.6220806837081909
0.5995994210243225 0.5943116545677185
0.608432948589325 0.588464081287384
0.5938446521759033 0.5908745527267456
0.5943017601966858 0.6155802607536316
0.5947367548942566 0.5799380540847778
0.5789693593978882 0.5915626883506775
0.5710919499397278 0.5826630592346191
0.5627108812332153 0.6108036041259766
0.5602290630340576 0.5487738847732544
0.5563362836837769 0.5444014072418213
0.5519738793373108 0.5464885234832764
0.5657345652580261 0.5660583972930908
0.55605149269104 0.555539608001709
0.553341805934906 0.5911809206008911
0.5488045811653137 0.5375411510467529
0.5456176400184631 0.5362063050270081
0.5434250831604004 0.5531384348869324
0.5406783819198608 0.5343887209892273
0.5379616618156433 0.5365862250328064
0.5342367887496948 0.529913067817688
0.5322669148445129 0.5451452732086182
0.5313888788223267 0.5363713502883911
0.5283570289611816 0.5580162405967712
0.5237100124359131 0.5231097340583801
0.5191485285758972 0.5439115166664124
0.5145155787467957 0.5019115209579468
0.5069975256919861 0.5221325755119324
0.5021175146102905 0.48417016863822937
0.49961644411087036 0.4937562346458435
0.49392589926719666 0.5032243132591248
0.4907599091529846 0.49448463320732117
0.482695072889328 0.48697757720947266
0.4794168174266815 0.47506457567214966
0.4732864499092102 0.4840640425682068
0.47122547030448914 0.4762018918991089
0.46745556592941284 0.5125383734703064
0.4630967080593109 0.4777325391769409
0.45981183648109436 0.4600714445114136
0.45449239015579224 0.46923691034317017
0.4506613612174988 0.44413504004478455
0.4454953670501709 0.47249260544776917
0.4382252097129822 0.4717513918876648
0.4380630850791931 0.432256817817688
0.4365803599357605 0.45728522539138794
0.4315479099750519 0.4508248269557953
0.4298974573612213 0.4331745505332947
0.4244319796562195 0.42630434036254883
0.4210111200809479 0.45550841093063354
0.41915401816368103 0.427349328994751
0.41530001163482666 0.40372300148010254
0.4159237742424011 0.4028429388999939
0.4125872850418091 0.40530356764793396
0.4076065123081207 0.4165279269218445
0.4086506962776184 0.4161885678768158
0.40433382987976074 0.451325923204422
0.403219074010849 0.4140336215496063
0.3975799083709717 0.3922238349914551
0.3984999358654022 0.3976069390773773
0.3963661789894104 0.3956303596496582
0.3939720392227173 0.38819602131843567
0.3901875615119934 0.3776606023311615
0.38892051577568054 0.42934244871139526
0.38815414905548096 0.38444948196411133
0.38522395491600037 0.38992443680763245
0.3853006660938263 0.3736385107040405
0.38165807723999023 0.3774000108242035
0.3821641802787781 0.42603200674057007
0.3789483904838562 0.4394737184047699
0.37837809324264526 0.3945576846599579
0.3775832951068878 0.42022889852523804
0.37708818912506104 0.38001197576522827
0.3760201036930084 0.37164902687072754
0.37495431303977966 0.379271924495697
0.3734414875507355 0.3640958070755005
0.37297523021698 0.36636123061180115
0.37282276153564453 0.3659360408782959
0.3701499402523041 0.3644724190235138
0.3713074028491974 0.3697930872440338
0.37026840448379517 0.38639718294143677
0.36948004364967346 0.37468618154525757
0.3678224980831146 0.3657468259334564
0.36759987473487854 0.35998019576072693
0.36654824018478394 0.3628953695297241
0.3663785457611084 0.37201303243637085
0.3664005994796753 0.3705924153327942
0.36398208141326904 0.35552912950515747
0.36349815130233765 0.35496973991394043
0.36441177129745483 0.39566484093666077
0.364678293466568 0.38774123787879944
0.36384138464927673 0.3652344048023224
0.3624356985092163 0.3714523911476135
0.3633166253566742 0.36880746483802795
0.3632247745990753 0.40905362367630005
0.3627190589904785 0.3571668267250061
0.36083143949508667 0.3801024854183197
0.3595679998397827 0.35999712347984314
0.361360639333725 0.3586527109146118
0.35969534516334534 0.3724641799926758
0.3593151569366455 0.3804762065410614
0.3604830205440521 0.39063525199890137
0.3595791757106781 0.3868812024593353
0.35975486040115356 0.3487195670604706
0.3588719666004181 0.35647132992744446
0.3585442006587982 0.36857879161834717
0.357826828956604 0.35614946484565735
0.35716086626052856 0.3767315149307251
0.3573194146156311 0.3807638883590698
0.35735300183296204 0.35045957565307617
0.3574122488498688 0.4063462018966675
0.35706791281700134 0.35061314702033997
0.35757148265838623 0.37939518690109253
0.3569179177284241 0.3544877767562866
0.35539403557777405 0.3564768433570862
0.3563731908798218 0.3500920832157135
0.35518044233322144 0.36258798837661743
0.35561463236808777 0.355191171169281
0.35569727420806885 0.364594042301178
0.35330677032470703 0.37319645285606384
0.3545982241630554 0.3675004541873932
0.3540126085281372 0.36467245221138
0.35611772537231445 0.37854787707328796
0.3540774881839752 0.35672831535339355
0.35340481996536255 0.36394912004470825
0.35408443212509155 0.3600116968154907
0.35259953141212463 0.3626119792461395
0.35421010851860046 0.3649359345436096
0.353503555059433 0.34778791666030884
0.35479000210762024 0.38098037242889404
0.3519849479198456 0.3584953546524048
0.35148975253105164 0.35814541578292847
0.3518311679363251 0.3919195830821991
0.353676974773407 0.37748923897743225
0.3526049852371216 0.3456301689147949
0.3512532114982605 0.3558182120323181
0.35141003131866455 0.3473779261112213
0.3529841899871826 0.36243322491645813
0.35193735361099243 0.4960309565067291
0.3527669906616211 0.3520127832889557
0.35213953256607056 0.3549523651599884
0.35210418701171875 0.3541918396949768
0.35046499967575073 0.35650789737701416
0.3514423966407776 0.35843607783317566
0.35051050782203674 0.36834821105003357
0.3498683571815491 0.35575392842292786
0.3497571349143982 0.3655960261821747
0.3496588170528412 0.3842179477214813
0.3494657874107361 0.41388261318206787
0.35040774941444397 0.36365363001823425
0.3489319682121277 0.350815087556839
0.3491954505443573 0.35085251927375793
0.35060814023017883 0.38057318329811096
0.3486572504043579 0.36775273084640503
0.35089805722236633 0.35599204897880554
0.349537193775177 0.4211709499359131
0.349217027425766 0.36454465985298157
0.35017114877700806 0.39307519793510437
0.34872889518737793 0.34703850746154785
0.3499875068664551 0.3489757180213928
0.3506113588809967 0.3435335159301758
0.3494058847427368 0.3560445010662079
0.34811562299728394 0.35364916920661926
0.34843918681144714 0.3537622094154358
0.3472559452056885 0.35821259021759033
0.3489137291908264 0.35813799500465393
0.3475497364997864 0.35368290543556213
0.3471699357032776 0.37955114245414734
0.3483985662460327 0.35132771730422974
0.3484724760055542 0.3437736928462982
0.34727710485458374 0.35671141743659973
0.3470112979412079 0.3557164967060089
0.34746721386909485 0.3619151711463928
0.3470630645751953 0.34224802255630493
0.3469698131084442 0.4133817255496979
0.34648728370666504 0.3757779896259308
0.34669849276542664 0.37441983819007874
0.3474029004573822 0.35979437828063965
0.3466140925884247 0.3754931092262268
0.3463258743286133 0.3872367739677429
0.34678465127944946 0.3449377119541168
0.3461835980415344 0.342729777097702
0.346024751663208 0.37416619062423706
0.346278578042984 0.34553784132003784
0.3464597165584564 0.3829158544540405
0.3474527597427368 0.35268422961235046
0.3456985354423523 0.34727391600608826
0.34755146503448486 0.3461412787437439
0.3456917405128479 0.38059312105178833
0.3463824689388275 0.3760582208633423
0.34640300273895264 0.3448389768600464
0.3459608852863312 0.35990625619888306
0.34508922696113586 0.40527376532554626
0.34443122148513794 0.3607493042945862
0.3435724079608917 0.3675744831562042
0.3437745273113251 0.3445042073726654
0.3451025187969208 0.3634290099143982
0.34325096011161804 0.3451099097728729
0.3453364074230194 0.352056086063385
0.3434837758541107 0.3479680120944977
0.3439641296863556 0.381014883518219
0.3447206914424896 0.3559933602809906
0.3440232574939728 0.3482697308063507
0.3436160087585449 0.35477983951568604
0.34430134296417236 0.3567013442516327
0.3446851372718811 0.34761714935302734
0.3449006974697113 0.347185879945755
0.343208372592926 0.3468264937400818
0.3445838689804077 0.3748892545700073
0.34401029348373413 0.3423071503639221
0.34464386105537415 0.3515899181365967
0.34342139959335327 0.34396010637283325
0.34345540404319763 0.34309324622154236
0.3437076210975647 0.35307976603507996
0.3437466025352478 0.3497731685638428
0.34271878004074097 0.3474749028682709
0.3430010676383972 0.35314732789993286
0.34394267201423645 0.35388994216918945
0.3425086736679077 0.34049585461616516
0.34251073002815247 0.3538798689842224
0.3438446819782257 0.37760835886001587
0.3420833945274353 0.3471870422363281
0.34367379546165466 0.36110785603523254
0.34305068850517273 0.3521699607372284
0.34289175271987915 0.356000155210495
0.342787504196167 0.3471097946166992
0.34459859132766724 0.35080692172050476
0.3421608507633209 0.34204623103141785
0.34294775128364563 0.3723389804363251
0.34173232316970825 0.34070533514022827
0.3428345322608948 0.35011541843414307
0.3416893184185028 0.3426748812198639
0.34202441573143005 0.35062676668167114
0.3416178524494171 0.3633480668067932
0.3419376611709595 0.355006605386734
0.3417791426181793 0.35777053236961365
0.34143152832984924 0.3412589132785797
0.3411787748336792 0.3704419732093811
0.34103527665138245 0.35240471363067627
0.34186068177223206 0.361185222864151
0.34193524718284607 0.38327184319496155
0.34148743748664856 0.35013502836227417
0.34186291694641113 0.3866163492202759
0.34008368849754333 0.3513365089893341
0.3411550223827362 0.3521226644515991
0.34131795167922974 0.34341496229171753
0.3419579565525055 0.34835585951805115
0.34009504318237305 0.3450888693332672
0.34146714210510254 0.3563470244407654
0.34050899744033813 0.3448222875595093
0.34074902534484863 0.36251699924468994
0.34021949768066406 0.34389302134513855
0.3405616581439972 0.3459663689136505
0.34174415469169617 0.3601061701774597
0.34084388613700867 0.3462044596672058
0.34110382199287415 0.35192611813545227
0.3394015431404114 0.34417858719825745
0.3405625522136688 0.3683283030986786
0.34005460143089294 0.35337886214256287
0.33924490213394165 0.35633301734924316
0.33903127908706665 0.3964121341705322
0.34099042415618896 0.34359005093574524
0.3407633304595947 0.35637614130973816
0.34134170413017273 0.3547259569168091
0.34005001187324524 0.34079235792160034
0.3408986032009125 0.34874796867370605
0.3404087722301483 0.3548763394355774
0.3397935628890991 0.3433140814304352
0.34037405252456665 0.348264217376709
0.3402616083621979 0.37934568524360657
0.33971670269966125 0.35101762413978577
0.33986684679985046 0.3430020809173584
0.34004318714141846 0.34421011805534363
0.33896031975746155 0.3431348502635956
0.34007471799850464 0.34494292736053467
0.3402699828147888 0.35273343324661255
0.3400691747665405 0.3721778094768524
0.33988645672798157 0.3663249611854553
0.3407827615737915 0.34900012612342834
0.33981794118881226 0.3559090197086334
0.3398897349834442 0.34737443923950195
0.33911630511283875 0.34232208132743835
0.339466392993927 0.3444531261920929
0.33936262130737305 0.33878767490386963
0.33901309967041016 0.3519451320171356
0.3393973112106323 0.3649015724658966
0.33882445096969604 0.3526245057582855
0.339581698179245 0.34542402625083923
0.3381801247596741 0.34533101320266724
0.3393980860710144 0.3445000946521759
0.3385843336582184 0.3857842683792114
0.3382270038127899 0.34366941452026367
0.3399958610534668 0.349522203207016
0.3375333249568939 0.3381749391555786
0.33856871724128723 0.33881688117980957
0.3381011188030243 0.3626437783241272
0.3380447030067444 0.3423449695110321
0.3396921753883362 0.359161913394928
0.33851802349090576 0.3482857942581177
0.33884719014167786 0.3406371772289276
0.3370330333709717 0.3510952591896057
0.3368099629878998 0.3615694046020508
0.3377169668674469 0.34037908911705017
0.33781662583351135 0.3451034724712372
0.33740875124931335 0.3414956033229828
0.3370574712753296 0.3577648997306824
0.336979478597641 0.34244975447654724
0.33759254217147827 0.3476217985153198
0.3369085490703583 0.3846587836742401
0.3376352787017822 0.34926626086235046
0.3386019170284271 0.39313897490501404
0.33756425976753235 0.3404581546783447
0.33706289529800415 0.3533017635345459
0.33789756894111633 0.3425472378730774
0.3389141857624054 0.34270527958869934
0.33769309520721436 0.34539055824279785
0.33845585584640503 0.3424176275730133
0.3375946879386902 0.3938567340373993
0.33626988530158997 0.3388206660747528
0.3381621539592743 0.34451714158058167
0.33665621280670166 0.38019615411758423
0.3390692472457886 0.35055363178253174
0.3380056321620941 0.3706936538219452
0.33762127161026 0.35537874698638916
0.3377750813961029 0.34949320554733276
0.33829566836357117 0.34925198554992676
0.3370014429092407 0.3376024067401886
0.3364168703556061 0.3815478980541229
0.33669039607048035 0.35350945591926575
0.3379993736743927 0.35208308696746826
0.3371375799179077 0.3468732237815857
0.33668088912963867 0.3556010127067566
0.336440771818161 0.34554368257522583
0.33661359548568726 0.35440969467163086
0.3363873064517975 0.3392102122306824
0.33655595779418945 0.352206289768219
0.3366036117076874 0.34353524446487427
0.33662328124046326 0.35048162937164307
0.3366001546382904 0.33765074610710144
0.3366188704967499 0.35851946473121643
0.3360576927661896 0.3535296618938446
0.3364410102367401 0.34104296565055847
0.3362674117088318 0.39173412322998047
0.33739379048347473 0.35508328676223755
0.3367602825164795 0.34744590520858765
0.3361479938030243 0.3589467406272888
0.3375946283340454 0.3762834966182709
0.33712831139564514 0.35294201970100403
0.33704873919487 0.3480757176876068
0.33512264490127563 0.36439889669418335
0.3374084234237671 0.34978869557380676
0.3351711332798004 0.34212028980255127
0.33656516671180725 0.3436872959136963
0.335802286863327 0.3608905076980591
0.3356188237667084 0.34035685658454895
0.33682799339294434 0.38002485036849976
0.3350410461425781 0.3450041115283966
0.33680102229118347 0.3700562119483948
0.3359653353691101 0.3390425741672516
0.33591073751449585 0.35490140318870544
0.33545148372650146 0.3465299904346466
0.3355342149734497 0.3407847583293915
0.3356538712978363 0.3398248255252838
0.33618730306625366 0.3455871343612671
0.3359634578227997 0.34309741854667664
0.33631986379623413 0.3419833779335022
0.33601441979408264 0.33865436911582947
0.33429309725761414 0.33875322341918945
0.33437421917915344 0.3535500764846802
0.3340771198272705 0.3481547236442566
0.336445689201355 0.339978963136673
0.3350337743759155 0.3481523394584656
0.3357345163822174 0.33795925974845886
0.3338989317417145 0.3437930941581726
0.33475664258003235 0.34907740354537964
0.3353743851184845 0.3386283814907074
0.3351270854473114 0.3434833586215973
0.3346916735172272 0.34264010190963745
0.33510449528694153 0.3372354209423065
0.33529379963874817 0.34282469749450684
0.3346198797225952 0.35071954131126404
0.33556899428367615 0.35440969467163086
0.33465054631233215 0.35482752323150635
0.3339371979236603 0.3465748131275177
0.3340224027633667 0.34129396080970764
0.3341957628726959 0.34667152166366577
0.3351826071739197 0.35519927740097046
0.3340887129306793 0.35410135984420776
0.33434104919433594 0.3429222106933594
0.33336907625198364 0.3430432677268982
0.3353232145309448 0.3567998707294464
0.33516427874565125 0.46935001015663147
0.33545055985450745 0.36195728182792664
0.33327168226242065 0.3814675211906433
0.33522170782089233 0.34429293870925903
0.3329165279865265 0.34731805324554443
0.3345043659210205 0.35291630029678345
0.33506906032562256 0.3429393470287323
0.33341458439826965 0.33869707584381104
0.33407825231552124 0.3375733494758606
0.33369210362434387 0.33864378929138184
0.33341121673583984 0.33846592903137207
0.33436158299446106 0.3459085524082184
0.33259648084640503 0.3570695221424103
0.3340388536453247 0.3399631679058075
0.3330271542072296 0.34343355894088745
0.3342895805835724 0.34313467144966125
0.3334463834762573 0.3442080616950989
0.33315372467041016 0.33559224009513855
0.3343653082847595 0.3473460078239441
0.33289727568626404 0.34176361560821533
0.3339883089065552 0.34832170605659485
0.33312973380088806 0.3368029296398163
0.33377665281295776 0.3503606617450714
0.3335202932357788 0.3545496165752411
0.3338255286216736 0.3432357907295227
0.3317175805568695 0.35500389337539673
0.333228200674057 0.33863863348960876
0.33344611525535583 0.3383713364601135
0.33330169320106506 0.3619750738143921
0.33301788568496704 0.3484704792499542
0.3328905701637268 0.3558502793312073
0.3336034417152405 0.3403116464614868
0.33334967494010925 0.3434600532054901
0.3342360854148865 0.3743765354156494
0.33373016119003296 0.3392861783504486
0.3342590034008026 0.353145956993103
0.3326333463191986 0.3901742398738861
0.3328414559364319 0.3443188965320587
0.33370256423950195 0.33766311407089233
0.33315643668174744 0.3539748191833496
0.333321750164032 0.3556499481201172
0.33269694447517395 0.3444402813911438
0.3320866525173187 0.3410167694091797
0.3326972424983978 0.34963223338127136
0.33268728852272034 0.3366701900959015
0.3320463299751282 0.34060314297676086
0.3317576050758362 0.3486833870410919
0.33136940002441406 0.34712454676628113
0.3330448269844055 0.35980114340782166
0.33282724022865295 0.35424208641052246
0.33286982774734497 0.3344726860523224
0.33287057280540466 0.3765466511249542
0.33209794759750366 0.34251904487609863
0.3323979675769806 0.350096195936203
0.33285295963287354 0.34943732619285583
0.3330184817314148 0.35991549491882324
0.33100247383117676 0.3449650704860687
0.33293870091438293 0.35235926508903503
0.33163467049598694 0.3972674012184143
0.3314429521560669 0.34997016191482544
0.3319820165634155 0.34325405955314636
0.33242905139923096 0.3405889868736267
0.33160871267318726 0.3517455458641052
0.3325711786746979 0.3437449038028717
0.331408828496933 0.3767056167125702
0.33272475004196167 0.3486495912075043
0.3328182101249695 0.35122445225715637
0.33111876249313354 0.3442000448703766
0.3311784267425537 0.35920584201812744
0.33207640051841736 0.34738433361053467
0.3314897418022156 0.34284454584121704
0.3318179249763489 0.3397170901298523
0.33143237233161926 0.3396534323692322
0.3312777578830719 0.34117650985717773
0.33177173137664795 0.34660133719444275
0.3311936557292938 0.341038316488266
0.3320631682872772 0.34269291162490845
0.33100229501724243 0.33826079964637756
0.33062368631362915 0.3405355215072632
0.33037376403808594 0.3513586223125458
0.33165717124938965 0.35035285353660583
0.3309295177459717 0.3404351472854614
0.33118903636932373 0.34721559286117554
0.3313787579536438 0.33780956268310547
0.3299410343170166 0.3668442368507385
0.33226972818374634 0.3443240523338318
0.3304707705974579 0.34667420387268066
0.3299195170402527 0.3406026363372803
0.3309280574321747 0.3864462971687317
0.3311256766319275 0.3565315902233124
