1.4960887432098389 1.501218318939209
1.4796292781829834 1.5360066890716553
1.4777696132659912 1.49836003780365
1.477097988128662 1.5067275762557983
1.4741544723510742 1.487412452697754
1.4665228128433228 1.5052746534347534
1.4625355005264282 1.503104567527771
1.4433887004852295 1.4825607538223267
1.4425112009048462 1.4729738235473633
1.4328006505966187 1.4517440795898438
1.429605484008789 1.4309699535369873
1.4377532005310059 1.485298991203308
1.4621248245239258 1.5099605321884155
1.475022792816162 1.5167235136032104
1.474668264389038 1.5157735347747803
1.474699854850769 1.506912350654602
1.4745306968688965 1.500522494316101
1.4746195077896118 1.5033992528915405
1.4746707677841187 1.5048472881317139
1.474266529083252 1.5145870447158813
1.4741778373718262 1.5046390295028687
1.4743854999542236 1.4988112449645996
1.4741262197494507 1.5058331489562988
1.4739185571670532 1.5018447637557983
1.474149465560913 1.509403944015503
1.4740031957626343 1.5039334297180176
1.4740526676177979 1.5001575946807861
1.473876714706421 1.5153964757919312
1.473878026008606 1.5112217664718628
1.4739667177200317 1.5044219493865967
1.4738576412200928 1.4984983205795288
1.4739805459976196 1.499720811843872
1.4737900495529175 1.503916621208191
1.4739470481872559 1.5038235187530518
1.4737211465835571 1.5012643337249756
1.4739607572555542 1.498321533203125
1.4737173318862915 1.5019967555999756
1.4736577272415161 1.5052670240402222
1.4738209247589111 1.5057449340820312
1.4740245342254639 1.5232337713241577
1.4738540649414062 1.5015909671783447
1.4737229347229004 1.5037786960601807
1.4738507270812988 1.5228508710861206
1.473707914352417 1.517307996749878
1.4736732244491577 1.5114390850067139
1.4736725091934204 1.5120776891708374
1.4737000465393066 1.5070345401763916
1.473710060119629 1.5030521154403687
1.4736905097961426 1.5173066854476929
1.4736557006835938 1.5106048583984375
1.4735126495361328 1.5134183168411255
1.4736922979354858 1.5057497024536133
1.4735995531082153 1.5021089315414429
1.4735654592514038 1.5056793689727783
1.4736586809158325 1.4988150596618652
1.4735345840454102 1.5005234479904175
1.473667860031128 1.504947304725647
1.4734315872192383 1.5029057264328003
1.473466157913208 1.4999334812164307
1.4736801385879517 1.5047751665115356
1.473482370376587 1.5074262619018555
1.4733607769012451 1.5002940893173218
1.473402500152588 1.5021655559539795
1.4735252857208252 1.503743290901184
1.4732316732406616 1.505456805229187
1.473274827003479 1.5035220384597778
1.473266363143921 1.5108214616775513
1.4731647968292236 1.5015720129013062
1.4733877182006836 1.5050435066223145
1.4733880758285522 1.510504961013794
1.4733250141143799 1.5045706033706665
1.4733415842056274 1.5120246410369873
1.4734811782836914 1.5083246231079102
1.4731944799423218 1.5033739805221558
1.4729865789413452 1.503588080406189
1.4733892679214478 1.5075370073318481
1.473076581954956 1.5050857067108154
1.4735033512115479 1.4994525909423828
1.4725987911224365 1.5041043758392334
1.472113013267517 1.4956092834472656
1.4675270318984985 1.4974106550216675
1.4667201042175293 1.490887999534607
1.46644926071167 1.495154857635498
1.4655314683914185 1.489565134048462
1.4632210731506348 1.4937102794647217
1.4617760181427002 1.5097428560256958
1.459971308708191 1.4884625673294067
1.4587748050689697 1.4833506345748901
1.4581162929534912 1.488937258720398
1.458091378211975 1.4925802946090698
1.4577358961105347 1.488909125328064
1.4577605724334717 1.482118844985962
1.4576472043991089 1.4856839179992676
1.4571518898010254 1.4878963232040405
1.4568737745285034 1.4906061887741089
1.456512451171875 1.483380913734436
1.4563809633255005 1.4808244705200195
1.4561889171600342 1.4814894199371338
1.4558250904083252 1.4824364185333252
1.4556818008422852 1.487330675125122
1.4554003477096558 1.5000029802322388
1.455051064491272 1.4863269329071045
1.4549899101257324 1.4926867485046387
1.4547983407974243 1.4814964532852173
1.4542982578277588 1.483559012413025
1.4542239904403687 1.486768364906311
1.4537835121154785 1.4809536933898926
1.453551173210144 1.4872114658355713
1.453513264656067 1.4805493354797363
1.4531800746917725 1.4832128286361694
1.4531375169754028 1.4798325300216675
1.4521331787109375 1.4814575910568237
1.4511170387268066 1.4846036434173584
1.4500750303268433 1.4901752471923828
1.4490962028503418 1.4888774156570435
1.4484469890594482 1.4844247102737427
1.4478338956832886 1.4793392419815063
1.446946382522583 1.4797124862670898
1.4454864263534546 1.4727314710617065
1.442832589149475 1.4710304737091064
1.4392822980880737 1.4703518152236938
1.4367163181304932 1.4731866121292114
1.4333454370498657 1.466585397720337
1.4289127588272095 1.4661425352096558
1.42677640914917 1.4585368633270264
1.425370693206787 1.451406478881836
1.4239035844802856 1.4561212062835693
1.422471046447754 1.4737509489059448
1.4212430715560913 1.4813333749771118
1.4194822311401367 1.451234221458435
1.4181946516036987 1.4577102661132812
1.4173651933670044 1.4415265321731567
1.4168267250061035 1.4461188316345215
1.4153211116790771 1.4423868656158447
1.4149527549743652 1.446144938468933
1.4142463207244873 1.4438532590866089
1.4132810831069946 1.460211157798767
1.4128215312957764 1.4447177648544312
1.4125943183898926 1.447013020515442
1.4120762348175049 1.4416260719299316
1.4114292860031128 1.4406054019927979
1.411299467086792 1.4410465955734253
1.4109927415847778 1.437958002090454
1.410330057144165 1.4401768445968628
1.410216212272644 1.4477200508117676
1.4093571901321411 1.4463714361190796
1.4088128805160522 1.4423294067382812
1.4081695079803467 1.4637961387634277
1.4074158668518066 1.4407113790512085
1.406686544418335 1.4502136707305908
1.4067974090576172 1.4325573444366455
1.405502438545227 1.4329724311828613
1.4038686752319336 1.4350024461746216
1.404266119003296 1.4267895221710205
1.4008146524429321 1.4279447793960571
1.3988560438156128 1.4247268438339233
1.396072268486023 1.4226651191711426
1.391474723815918 1.4293513298034668
1.3743847608566284 1.3670334815979004
1.3125196695327759 1.3095581531524658
1.2494436502456665 1.2362719774246216
1.1758285760879517 1.1846455335617065
1.1238044500350952 1.1212990283966064
1.0927455425262451 1.099319577217102
1.077725887298584 1.105238914489746
1.0615708827972412 1.0699312686920166
1.049363136291504 1.0505348443984985
1.042061686515808 1.0476031303405762
1.0362436771392822 1.044870376586914
1.0261980295181274 1.027856707572937
1.016858696937561 1.0414838790893555
1.0087238550186157 1.0306322574615479
1.0060752630233765 1.029363989830017
1.0023412704467773 1.021366000175476
0.998469889163971 1.012681484222412
0.9958051443099976 1.0439448356628418
0.991275429725647 0.9982773065567017
0.9876047372817993 1.0334961414337158
0.9845385551452637 1.0259360074996948
0.9772107005119324 0.9885990619659424
0.9614319205284119 0.972503125667572
0.9109489321708679 0.8830295205116272
0.8314698338508606 0.7853294014930725
0.7588335275650024 0.7847540378570557
0.7107517719268799 0.738891065120697
0.6877366304397583 0.6965974569320679
0.6681077480316162 0.6816736459732056
0.6551709175109863 0.6626458168029785
0.6465523838996887 0.6852504014968872
0.6395995020866394 0.6287939548492432
0.6304506063461304 0.6354783177375793
0.6239533424377441 0.6277309060096741
0.6213091611862183 0.6892232894897461
0.6175136566162109 0.6083464026451111
0.6134763360023499 0.6214063763618469
0.6100494861602783 0.6387705206871033
0.6076891422271729 0.6100345849990845
0.6047935485839844 0.5967995524406433
0.6038035750389099 0.6029596924781799
0.600123941898346 0.6046925187110901
0.5987974405288696 0.6011860370635986
0.5974211096763611 0.5901022553443909
0.5971090793609619 0.5912255644798279
0.5957626700401306 0.5960054397583008
0.593924880027771 0.5896578431129456
0.5921933054924011 0.6124094724655151
0.5921689867973328 0.602280855178833
0.5901724696159363 0.5964293479919434
0.5887582302093506 0.5989623069763184
0.5896751284599304 0.5901972055435181
0.5873662829399109 0.5924648642539978
0.5853841304779053 0.6001219153404236
0.5863280892372131 0.583536684513092
0.5858135223388672 0.6992942094802856
0.5857157707214355 0.5890671014785767
0.5829812288284302 0.5961725115776062
0.5831212997436523 0.5942248106002808
0.582780122756958 0.6014069318771362
0.5811468362808228 0.594760537147522
0.5815308094024658 0.5838977694511414
0.5807441473007202 0.5833835005760193
0.581311047077179 0.5806259512901306
0.5800370573997498 0.5871477723121643
0.579535186290741 0.6177648305892944
0.5789175629615784 0.5829640626907349
0.5791762471199036 0.6028485894203186
0.5782057046890259 0.5758770108222961
0.5785732269287109 0.5957651138305664
0.5782990455627441 0.590609073638916
0.5768879652023315 0.6161822080612183
0.577882707118988 0.5777193903923035
0.5760341882705688 0.6076098084449768
0.5762306451797485 0.5901103019714355
0.5756440162658691 0.5741947293281555
0.575901448726654 0.6021183133125305
0.5750775337219238 0.5795338749885559
0.5762532353401184 0.5793105959892273
0.5754227638244629 0.5846262574195862
0.5748875737190247 0.5970187783241272
0.5745951533317566 0.5821788907051086
0.574317216873169 0.6575254797935486
0.5738632678985596 0.586866557598114
0.5725123286247253 0.5832849740982056
0.5734425187110901 0.5769267082214355
0.573504626750946 0.5798429250717163
0.5727582573890686 0.5697752237319946
0.5721428990364075 0.5710409283638
0.5734291672706604 0.5808603763580322
0.5717317461967468 0.5954766869544983
0.5719922184944153 0.6395202875137329
0.5731353163719177 0.5798842906951904
0.5718756914138794 0.5934723615646362
0.5707495212554932 0.5771609544754028
0.5705375075340271 0.5892931222915649
0.5718559622764587 0.590854823589325
0.570854127407074 0.5725848078727722
0.571035623550415 0.5848960876464844
0.5706918835639954 0.5918691158294678
0.5700218081474304 0.5778734683990479
0.5690712332725525 0.5756756067276001
0.5702667832374573 0.5749802589416504
0.569532573223114 0.5835758447647095
0.5694223642349243 0.5812429785728455
0.568547248840332 0.5728535652160645
0.5681653022766113 0.5686468482017517
0.5692811012268066 0.5731782913208008
0.5686402320861816 0.574552059173584
0.5689877271652222 0.5762603878974915
0.5684847235679626 0.580798327922821
0.5681319832801819 0.6011762022972107
0.5673288702964783 0.5810717344284058
0.569107174873352 0.5785247683525085
0.5684707760810852 0.5662128925323486
0.5687167048454285 0.5763562321662903
0.5675693154335022 0.5716022253036499
0.5680031776428223 0.5906676054000854
0.5670177936553955 0.5742668509483337
0.5667752623558044 0.5942417979240417
0.5676391124725342 0.5942885875701904
0.5667206048965454 0.5710549354553223
0.566276490688324 0.5728975534439087
0.5663211941719055 0.5774267315864563
0.5662114024162292 0.5697432160377502
0.565444827079773 0.5705070495605469
0.565194845199585 0.5862599611282349
0.5658130049705505 0.5725807547569275
0.5670266151428223 0.5724952816963196
0.5658792853355408 0.5779193639755249
0.5646683573722839 0.5666190385818481
0.5658878684043884 0.5857954025268555
0.5651533603668213 0.5647547245025635
0.5659517049789429 0.5751727223396301
0.5666904449462891 0.5733059048652649
0.5657393932342529 0.5889082551002502
0.5653414726257324 0.5744280219078064
0.5657520294189453 0.5720458030700684
0.5644317269325256 0.5821138024330139
0.5637034773826599 0.5709260106086731
0.564819872379303 0.570711612701416
0.56547611951828 0.5699821710586548
0.5645057559013367 0.5873951315879822
0.5658091306686401 0.5707375407218933
0.5643786191940308 0.5724854469299316
0.5640682578086853 0.5747035145759583
0.5638477802276611 0.5812746286392212
0.5647346377372742 0.594727635383606
0.5644395351409912 0.5699888467788696
0.5635427832603455 0.5758214592933655
0.5644636154174805 0.5702168941497803
0.5636414289474487 0.5914395451545715
0.5636667013168335 0.5808243155479431
0.5637128949165344 0.5703424215316772
0.5652276873588562 0.5685971975326538
0.5633904933929443 0.582880437374115
0.5632778406143188 0.5871427059173584
0.5628299713134766 0.5682167410850525
0.563041627407074 0.5924420356750488
0.5623994469642639 0.6322540044784546
0.5631992816925049 0.579298198223114
0.5623363852500916 0.5801199078559875
0.5624149441719055 0.5686021447181702
0.5621511936187744 0.5683032870292664
0.5626835823059082 0.5719327926635742
0.5623931288719177 0.5686029195785522
0.5628553628921509 0.5937991142272949
0.5614385008811951 0.5656298398971558
0.5629669427871704 0.5786945223808289
0.5623501539230347 0.5661174058914185
0.5619731545448303 0.5837933421134949
0.5631067752838135 0.581588864326477
0.5609923601150513 0.5784700512886047
0.5622531175613403 0.5675256252288818
0.5619068741798401 0.5771937370300293
0.56195467710495 0.5679624676704407
0.5618332028388977 0.5721647143363953
0.5619189143180847 0.5716496706008911
0.5616092085838318 0.5751214027404785
0.5615936517715454 0.5857371091842651
0.5621408224105835 0.5807234048843384
0.561501681804657 0.5878916382789612
0.5616931915283203 0.5865170955657959
0.5605213642120361 0.5767621397972107
0.5620388388633728 0.5729492902755737
0.5613089799880981 0.5759878158569336
0.5613052248954773 0.5646073818206787
0.5603002905845642 0.5657472014427185
0.5612708926200867 0.576567530632019
0.5613849759101868 0.565692663192749
0.5616324543952942 0.5708925724029541
0.5609468817710876 0.5650349259376526
0.5608339905738831 0.5615414381027222
0.5604687929153442 0.5642454624176025
0.5594528317451477 0.5686852931976318
0.5614974498748779 0.5887090563774109
0.5594698190689087 0.5665082335472107
0.5607733726501465 0.5686256885528564
0.5603413581848145 0.5661701560020447
0.55958092212677 0.5683726668357849
0.5597596764564514 0.575935423374176
0.5608507394790649 0.5717390775680542
0.5600528120994568 0.5641435980796814
0.5603508353233337 0.579794704914093
0.5604000687599182 0.5741284489631653
0.5606497526168823 0.5857914090156555
0.5610624551773071 0.6020711660385132
0.5597842931747437 0.5659406185150146
0.5600406527519226 0.5688073635101318
0.5590913891792297 0.5667778253555298
0.5606802701950073 0.5784403681755066
0.5596908330917358 0.5645180940628052
0.5593741536140442 0.5699523687362671
0.5601723790168762 0.6023175716400146
0.5598340630531311 0.5713884234428406
0.5593769550323486 0.5805938243865967
0.559040367603302 0.5891847610473633
0.5614175796508789 0.5698703527450562
0.5585814118385315 0.5721441507339478
0.5591264963150024 0.5771279335021973
0.5593134760856628 0.564030110836029
0.5581588745117188 0.5616159439086914
0.5597530603408813 0.5627363324165344
0.5588846206665039 0.5851686000823975
0.5597537159919739 0.5732832551002502
0.5587212443351746 0.5693644285202026
0.5585681796073914 0.5794970393180847
0.5591921806335449 0.5647197961807251
0.5581331253051758 0.58402419090271
0.5591801404953003 0.5749195218086243
0.55864018201828 0.5619657635688782
0.559253454208374 0.5827391743659973
0.5586258172988892 0.5833395719528198
0.5588576793670654 0.5728897452354431
0.5591038465499878 0.5639164447784424
0.5575752854347229 0.56627357006073
0.5590904355049133 0.5800185203552246
0.5587854385375977 0.5840996503829956
0.5581189393997192 0.5822562575340271
0.5588853359222412 0.586672306060791
0.5586636066436768 0.5754965543746948
0.5582623481750488 0.6045883893966675
0.5587297677993774 0.5686973929405212
0.5582892894744873 0.5751985907554626
0.5594738125801086 0.5807936191558838
0.5588028430938721 0.5818941593170166
0.5589107871055603 0.5828494429588318
0.5581955313682556 0.595827579498291
0.5577073693275452 0.5708631873130798
0.5580639839172363 0.5677297115325928
0.5572351813316345 0.5692951083183289
0.5585746765136719 0.5640921592712402
0.5570619702339172 0.5643107891082764
0.5573261976242065 0.5791082978248596
0.5580920577049255 0.5822822451591492
0.5582305192947388 0.5729677081108093
0.5575344562530518 0.5793025493621826
0.5577767491340637 0.5686383843421936
0.5570493340492249 0.567301332950592
0.557982861995697 0.5704326629638672
0.557181715965271 0.5647966861724854
0.5572179555892944 0.5654028654098511
0.5571597218513489 0.5678544640541077
0.5576348304748535 0.5741367936134338
0.5574023723602295 0.5750598311424255
0.5569116473197937 0.586351215839386
0.5575048327445984 0.5968868732452393
0.5575005412101746 0.5689495205879211
0.5574635863304138 0.5681625008583069
0.5565409064292908 0.573459267616272
0.5575957298278809 0.5681244134902954
0.5571956634521484 0.6091776490211487
0.5562316179275513 0.5891448855400085
0.5577052235603333 0.5639756321907043
0.5579099059104919 0.5747475624084473
0.5563011765480042 0.618374764919281
0.5576123595237732 0.5805177092552185
0.5571430325508118 0.5914681553840637
0.556394100189209 0.5731403231620789
0.5570574998855591 0.5932515263557434
0.5572879910469055 0.5833913087844849
0.5573459267616272 0.5702213048934937
0.5571926236152649 0.5807671546936035
0.5573030710220337 0.576808512210846
0.5571991205215454 0.5688681602478027
0.5575200915336609 0.5736643671989441
0.557823121547699 0.5676933526992798
0.5570511817932129 0.5659487247467041
0.5570563673973083 0.6227853894233704
0.5567636489868164 0.5810871124267578
0.5578928589820862 0.5806965231895447
0.5571354627609253 0.5692216753959656
0.5566565990447998 0.5668737292289734
0.5568261742591858 0.5765692591667175
0.5554819703102112 0.5728490948677063
0.5562410950660706 0.6142888069152832
0.5561204552650452 0.5695530772209167
0.5563561320304871 0.5796899795532227
0.555848240852356 0.5696807503700256
0.555802583694458 0.5702826976776123
0.5562517046928406 0.5622047185897827
0.5556405782699585 0.5812762975692749
0.5571122765541077 0.5639492273330688
0.5558039546012878 0.5740172266960144
0.5561881065368652 0.5773099064826965
0.5564576983451843 0.5775755047798157
0.5554141998291016 0.5619149804115295
0.5564872026443481 0.5690313577651978
0.5553706288337708 0.5621815323829651
0.5554155111312866 0.5687156319618225
0.5556930899620056 0.5770308971405029
0.5559088587760925 0.5602121353149414
0.5556943416595459 0.5692524909973145
0.5554351806640625 0.5720193386077881
0.5552248358726501 0.5880029201507568
0.5555245876312256 0.5669532418251038
0.5566615462303162 0.568322479724884
0.55513596534729 0.5809822678565979
0.555317759513855 0.5806638598442078
0.5559903383255005 0.5636023283004761
0.5559834837913513 0.5814271569252014
0.5552178025245667 0.5710634589195251
0.5559686422348022 0.5630746483802795
0.5551180243492126 0.5819392800331116
0.5557239055633545 0.5610669255256653
0.5563938617706299 0.5735323429107666
0.5555535554885864 0.5717582702636719
0.5568296313285828 0.5707962512969971
0.555558979511261 0.5786707401275635
0.5549159049987793 0.5692423582077026
0.5556061863899231 0.578646719455719
0.5555590391159058 0.5634499192237854
0.5554901361465454 0.5618492960929871
0.5553759932518005 0.5660853981971741
0.5555652379989624 0.5785065293312073
0.5541729927062988 0.5709117650985718
0.5556365847587585 0.568324863910675
0.5544813871383667 0.5619029402732849
0.5560110807418823 0.5694068670272827
0.555031418800354 0.564663290977478
0.556385338306427 0.5900127291679382
0.55552738904953 0.5734371542930603
