26.104570388793945 1.7220001220703125
1.7331733703613281 1.6483622789382935
1.5992997884750366 1.61578369140625
1.5205249786376953 1.5237740278244019
1.4947758913040161 1.5065051317214966
1.4844013452529907 1.5258604288101196
1.4790152311325073 1.5126651525497437
1.4622204303741455 1.471888542175293
1.3928860425949097 1.336734652519226
1.2744739055633545 1.3763022422790527
1.158373475074768 1.1861547231674194
1.0849108695983887 1.0730913877487183
1.036360263824463 1.0207616090774536
1.0052571296691895 1.0096427202224731
0.9867849946022034 1.0966674089431763
0.965165913105011 0.9395344257354736
0.9317888617515564 0.8363221883773804
0.7343072295188904 0.6627930402755737
0.6383001208305359 0.6080872416496277
0.6146466135978699 0.5798948407173157
0.5944255590438843 0.6314870715141296
0.5846120715141296 0.6701304316520691
0.5790711045265198 0.5630432963371277
0.5688817501068115 0.5633417367935181
0.5690221786499023 0.5543220639228821
0.5660847425460815 0.5806118845939636
0.5602478981018066 0.5479901432991028
0.5584071278572083 0.5513450503349304
0.5563579201698303 0.5809045433998108
0.556440532207489 0.5556787252426147
0.5505779385566711 0.5500395894050598
0.5490164160728455 0.5248824954032898
0.5484093427658081 0.5526458621025085
0.54449462890625 0.5393427610397339
0.5424751043319702 0.5592982172966003
0.5408012866973877 0.5645358562469482
0.5389224290847778 0.5726832151412964
0.5385971665382385 0.5380207300186157
0.533363401889801 0.6500372886657715
0.5329139232635498 0.5334654450416565
0.5307775139808655 0.5541515946388245
0.5288075804710388 0.5237149000167847
0.5268783569335938 0.5241692662239075
0.5240966081619263 0.5130738615989685
0.5251968502998352 0.521949052810669
0.5221762657165527 0.5138077139854431
0.5219125747680664 0.5300796031951904
0.519357442855835 0.5283790826797485
0.517871081829071 0.5105405449867249
0.5163752436637878 0.5216659903526306
0.5154712796211243 0.5559915900230408
0.5141331553459167 0.5026813745498657
0.5110778212547302 0.5245011448860168
0.5090269446372986 0.6106760501861572
0.511484682559967 0.5108256340026855
0.5069828033447266 0.5110538601875305
0.5049737691879272 0.4917132258415222
0.5047093033790588 0.53053218126297
0.5025402903556824 0.559804379940033
0.5003990530967712 0.5231420993804932
0.4993482828140259 0.5039823651313782
0.4989057779312134 0.5032058954238892
0.49855008721351624 0.5043432712554932
0.49318909645080566 0.5109966993331909
0.49505746364593506 0.5784270763397217
0.49354904890060425 0.6311970949172974
0.48933759331703186 0.4757361114025116
0.48631441593170166 0.46839457750320435
0.4844590723514557 0.48142677545547485
0.48314791917800903 0.4599938988685608
0.48178181052207947 0.4674374759197235
0.48305249214172363 0.4826130270957947
0.48041075468063354 0.46927231550216675
0.4763193130493164 0.4986916482448578
0.4753550887107849 0.4666770398616791
0.47491082549095154 0.49799829721450806
0.4722157418727875 0.4509507119655609
0.4697808027267456 0.4730040431022644
0.46904411911964417 0.4686090350151062
0.46835434436798096 0.4564065933227539
0.4667831063270569 0.4665699303150177
0.4639853835105896 0.46099334955215454
0.46262070536613464 0.45100387930870056
0.46107983589172363 0.48772314190864563
0.4595499336719513 0.46731066703796387
0.45975929498672485 0.4646975100040436
0.46144649386405945 0.4849875271320343
0.455314964056015 0.4487435817718506
0.4589025378227234 0.4987815022468567
0.45464378595352173 0.4765646159648895
0.45237013697624207 0.5002877116203308
0.45144712924957275 0.4538115859031677
0.4521508812904358 0.4975329041481018
0.44762468338012695 0.4454752504825592
0.44872626662254333 0.45735931396484375
0.44687190651893616 0.4418829083442688
0.4470316171646118 0.4726228713989258
0.44463300704956055 0.48026564717292786
0.4455532729625702 0.45892950892448425
0.44374319911003113 0.42601892352104187
0.44512245059013367 0.4314218759536743
0.4425913691520691 0.4275732934474945
0.43990063667297363 0.46587514877319336
0.44000107049942017 0.6223540306091309
0.4389238953590393 0.45388883352279663
0.4381818175315857 0.4213348627090454
0.43720516562461853 0.4266776144504547
0.43748459219932556 0.45971643924713135
0.4388754963874817 0.4375036060810089
0.4378110468387604 0.44468775391578674
0.43661609292030334 0.5032615065574646
0.43507465720176697 0.4249536097049713
0.4335901439189911 0.43044513463974
0.432553768157959 0.4449017643928528
0.43150225281715393 0.43810421228408813
0.43247440457344055 0.42649123072624207
0.43202000856399536 0.42093539237976074
0.4313998818397522 0.41375643014907837
0.43062788248062134 0.49393945932388306
0.4291728138923645 0.43840497732162476
0.42929792404174805 0.44864705204963684
0.4277440011501312 0.42648130655288696
0.42574575543403625 0.4212381839752197
0.42539405822753906 0.4210375249385834
0.4263991117477417 0.4174898564815521
0.4254036247730255 0.4702942967414856
0.42639321088790894 0.44951605796813965
0.4223644733428955 0.4207041561603546
0.4261797368526459 0.43762221932411194
0.4221753776073456 0.4068051278591156
0.421964168548584 0.4607695937156677
0.4223839044570923 0.4901784062385559
0.4235665798187256 0.42897605895996094
0.4217049479484558 0.427856981754303
0.4187036156654358 0.40553295612335205
0.4188966453075409 0.4375531077384949
0.4161069989204407 0.41932663321495056
0.4182772934436798 0.42708009481430054
0.41828739643096924 0.4427158534526825
0.4167722165584564 0.4284687042236328
0.4177180230617523 0.4199036955833435
0.4159832000732422 0.43438902497291565
0.4146738350391388 0.4164096415042877
0.41402989625930786 0.414806991815567
0.414620041847229 0.4081048369407654
0.4140511155128479 0.45702114701271057
0.4147055447101593 0.41071173548698425
0.412548303604126 0.41423124074935913
0.4110145568847656 0.3989199995994568
0.4118748903274536 0.4150884449481964
0.41186434030532837 0.43641871213912964
0.41300874948501587 0.4007057547569275
0.41087281703948975 0.4342140853404999
0.4117649793624878 0.4493004083633423
0.4118556082248688 0.42082300782203674
0.4097982943058014 0.4240390956401825
0.4107360541820526 0.40828755497932434
0.40872231125831604 0.4025246202945709
0.4104899764060974 0.4010836184024811
0.40949445962905884 0.4361056983470917
0.41110023856163025 0.41274258494377136
0.41079241037368774 0.41521814465522766
0.4096463918685913 0.41649043560028076
0.4084332287311554 0.42754530906677246
0.4090578556060791 0.4593389630317688
0.40736714005470276 0.4161106050014496
0.4063050448894501 0.43362414836883545
0.4099392890930176 0.40800169110298157
0.40591299533843994 0.392551988363266
0.4041110873222351 0.4498671889305115
0.4035933017730713 0.41018199920654297
0.404302716255188 0.4217715859413147
0.40471547842025757 0.40819892287254333
0.40472254157066345 0.43834447860717773
0.40518465638160706 0.42110005021095276
0.40395763516426086 0.41146746277809143
0.40500426292419434 0.40009063482284546
0.40338587760925293 0.43378713726997375
0.4036617577075958 0.3983961343765259
0.4030649662017822 0.3940713405609131
0.402864933013916 0.402228981256485
0.40164393186569214 0.3942919075489044
0.39954546093940735 0.39294132590293884
0.4013180434703827 0.4042377769947052
0.4004197120666504 0.4109553396701813
0.4004330635070801 0.4140585958957672
0.40128225088119507 0.4659700095653534
0.40050962567329407 0.416208952665329
0.4024697542190552 0.3960297405719757
0.40042412281036377 0.4242801368236542
0.40103641152381897 0.389340877532959
0.40163686871528625 0.41558748483657837
0.3985556960105896 0.41345012187957764
0.39990270137786865 0.40407508611679077
0.3996890187263489 0.39584019780158997
0.39810246229171753 0.4079187512397766
0.3999744951725006 0.3943590223789215
0.3993622660636902 0.4073534309864044
0.3973844051361084 0.3942733705043793
0.3970637023448944 0.40212637186050415
0.39977556467056274 0.3965682089328766
0.39857274293899536 0.3978898525238037
0.39453059434890747 0.39282846450805664
0.397061288356781 0.39699530601501465
0.39449542760849 0.4072938561439514
0.396538645029068 0.3940143585205078
0.3964446485042572 0.42433664202690125
0.39643383026123047 0.3980282247066498
0.3971595764160156 0.39235755801200867
0.3950384259223938 0.40165674686431885
0.39473098516464233 0.4015670120716095
0.39604076743125916 0.39298009872436523
0.39631327986717224 0.39036908745765686
0.3957156538963318 0.4002830684185028
0.39366787672042847 0.4031442105770111
0.3940105140209198 0.3883136212825775
0.3947785496711731 0.40675410628318787
0.391946017742157 0.39949125051498413
0.3941695988178253 0.4310256838798523
0.3950229585170746 0.39007577300071716
0.39421546459198 0.4027528762817383
0.3915644884109497 0.3936005234718323
0.39322301745414734 0.44524943828582764
0.3932091295719147 0.38897716999053955
0.3924002945423126 0.39309075474739075
0.39148062467575073 0.39454135298728943
0.3926749527454376 0.39911332726478577
0.3920341730117798 0.3906174898147583
0.39177703857421875 0.4664978086948395
0.3920266926288605 0.4128299355506897
0.3908616602420807 0.40012872219085693
0.39192625880241394 0.3942055106163025
0.3908008337020874 0.42319923639297485
0.39219048619270325 0.3898167312145233
0.3915470242500305 0.4117002487182617
0.3904865086078644 0.3829141855239868
0.3882881700992584 0.4208391308784485
0.38883525133132935 0.39072418212890625
0.39051151275634766 0.3850148916244507
0.38931387662887573 0.40681973099708557
0.3889869749546051 0.3849678635597229
0.38967809081077576 0.3836706876754761
0.3881920576095581 0.3980577290058136
0.38730335235595703 0.40897175669670105
0.3875696659088135 0.4265103340148926
0.3892362117767334 0.41431406140327454
0.3888601064682007 0.39856263995170593
0.3880945146083832 0.3893584907054901
0.3871671259403229 0.3974510431289673
0.38681671023368835 0.39325591921806335
0.3869253993034363 0.3840741515159607
0.38867953419685364 0.4259470999240875
0.3874318599700928 0.39088255167007446
0.3869018256664276 0.3899191915988922
0.3866431713104248 0.3866341710090637
0.3865847587585449 0.3929165303707123
0.3878331780433655 0.3955497443675995
0.38493382930755615 0.38917413353919983
0.3852752149105072 0.38300466537475586
0.3869148790836334 0.38598933815956116
0.38610002398490906 0.3874894380569458
0.38709524273872375 0.40431198477745056
0.3849708139896393 0.3969224691390991
0.38461583852767944 0.38993605971336365
0.38706499338150024 0.38807213306427
0.38403910398483276 0.37722429633140564
0.38672953844070435 0.40460410714149475
0.38429373502731323 0.3898063004016876
0.3843890428543091 0.40965670347213745
0.38425418734550476 0.4041593074798584
0.3851539194583893 0.39652132987976074
0.38277560472488403 0.39059436321258545
0.3845294415950775 0.42617812752723694
0.3822040259838104 0.4156769812107086
0.3828873634338379 0.4131025969982147
0.3842054307460785 0.38941681385040283
0.38386309146881104 0.39349493384361267
0.3814319372177124 0.38973283767700195
0.3833326995372772 0.4322952330112457
0.3825967311859131 0.4190119504928589
0.38366711139678955 0.39060500264167786
0.3821849822998047 0.39330318570137024
0.3816074728965759 0.39330771565437317
0.38161778450012207 0.3811279833316803
0.3822048604488373 0.38279369473457336
0.38094738125801086 0.4029749035835266
0.380219429731369 0.3957892656326294
0.38089197874069214 0.431640625
0.38007405400276184 0.40810391306877136
0.3797856867313385 0.38309139013290405
0.38002222776412964 0.3791421949863434
0.37974977493286133 0.378483384847641
0.38010355830192566 0.4193684160709381
0.38003110885620117 0.3864613175392151
0.3795585036277771 0.38060346245765686
0.3815365731716156 0.42235568165779114
0.38095492124557495 0.40737536549568176
0.3818050026893616 0.38075223565101624
0.37936097383499146 0.39143234491348267
0.37992405891418457 0.3887084126472473
0.37943190336227417 0.38158246874809265
0.3795256018638611 0.378296434879303
0.3806116282939911 0.3763827979564667
0.37840625643730164 0.4188728630542755
0.3771184980869293 0.37934446334838867
0.3772498667240143 0.40917304158210754
0.3765316903591156 0.4017472267150879
0.3771339952945709 0.3860302269458771
0.37665778398513794 0.3748878240585327
0.37569329142570496 0.37909677624702454
0.3767094612121582 0.38511574268341064
0.3766618072986603 0.37386974692344666
0.3759852349758148 0.38748782873153687
0.3755459189414978 0.37986046075820923
0.37662947177886963 0.37909746170043945
0.37711620330810547 0.37604016065597534
0.3745196461677551 0.3919653594493866
0.3755189776420593 0.39188411831855774
0.3761363923549652 0.38472142815589905
0.37531939148902893 0.36861032247543335
0.3738917410373688 0.37286943197250366
0.3734787106513977 0.40213197469711304
0.3752034902572632 0.37565383315086365
0.3745630979537964 0.39420658349990845
0.3753761649131775 0.4237973392009735
0.3743085265159607 0.3755144774913788
0.3730221688747406 0.3816867470741272
0.3729483187198639 0.4152642488479614
0.37498727440834045 0.39622440934181213
0.3726225197315216 0.394593745470047
0.3729833662509918 0.37470942735671997
0.37288394570350647 0.37321051955223083
0.3741932213306427 0.3792455792427063
0.373992383480072 0.3704144060611725
0.3725111782550812 0.3857688903808594
0.37226542830467224 0.38773006200790405
0.3722241520881653 0.3665539622306824
0.3723324239253998 0.37646859884262085
0.37063002586364746 0.3696398437023163
0.3710360527038574 0.375564843416214
0.37156498432159424 0.43982213735580444
0.3708600103855133 0.367120623588562
0.371164470911026 0.3712272346019745
0.3727063536643982 0.3815542757511139
0.3705103397369385 0.37423405051231384
0.37139490246772766 0.38612398505210876
0.37027716636657715 0.3755720853805542
0.37148794531822205 0.3717464804649353
0.371093213558197 0.4412212371826172
0.3692406713962555 0.3678911626338959
0.37029337882995605 0.3773573637008667
0.37049126625061035 0.40909311175346375
0.3699958026409149 0.41066107153892517
0.3702932894229889 0.37501901388168335
0.3691842555999756 0.3813997209072113
0.36975255608558655 0.3920951783657074
0.36956271529197693 0.37908685207366943
0.3683913052082062 0.37043556571006775
0.37016555666923523 0.3804529011249542
0.37023359537124634 0.3762359619140625
0.36946961283683777 0.3838631510734558
0.3700888454914093 0.38642817735671997
0.3698383569717407 0.3748309016227722
0.3692181408405304 0.37537387013435364
0.3708362579345703 0.3811081647872925
0.3695240318775177 0.37816500663757324
0.36955854296684265 0.3876667320728302
0.3685864210128784 0.39301398396492004
0.3677535057067871 0.39688432216644287
0.36891448497772217 0.38915398716926575
0.36730942130088806 0.3844282329082489
0.3681160509586334 0.3680035173892975
0.3671591877937317 0.4107421636581421
0.367533802986145 0.37015101313591003
0.36794713139533997 0.39572110772132874
0.36746692657470703 0.3838955760002136
0.36668968200683594 0.39006155729293823
0.3676709532737732 0.38378217816352844
0.3665868043899536 0.3727520704269409
0.366227924823761 0.3751174807548523
0.3671156167984009 0.3738207221031189
0.36792466044425964 0.40872782468795776
0.3655114471912384 0.38389307260513306
0.36491501331329346 0.37169143557548523
0.36632007360458374 0.3674715459346771
0.3666776120662689 0.40237462520599365
0.3656047284603119 0.3901180028915405
0.3664519190788269 0.3672674596309662
0.365660697221756 0.3762575387954712
0.3668352961540222 0.3696047365665436
0.36542195081710815 0.3845078945159912
0.36460086703300476 0.3871721029281616
0.3656995892524719 0.3661925494670868
0.365827739238739 0.3805636167526245
0.36732399463653564 0.38033527135849
0.3655270040035248 0.4031980633735657
0.36626285314559937 0.3892599642276764
0.3651478886604309 0.3844936490058899
0.3653424084186554 0.3726007044315338
0.3657945990562439 0.43514198064804077
0.36527276039123535 0.3754904568195343
0.3651960790157318 0.37903955578804016
0.36495262384414673 0.378485769033432
0.3649425208568573 0.3975568413734436
0.36498454213142395 0.39084392786026
0.36406567692756653 0.36811110377311707
0.3638918399810791 0.3787146210670471
0.3635295033454895 0.37090036273002625
0.3636457920074463 0.3675364553928375
0.3645499050617218 0.3671877682209015
0.36333054304122925 0.3690440058708191
0.3642939627170563 0.3725831210613251
0.3640120029449463 0.3837469220161438
0.36348897218704224 0.3663063049316406
0.36302274465560913 0.37472760677337646
0.3636128306388855 0.38835203647613525
0.36362603306770325 0.37173721194267273
0.36273887753486633 0.3667261600494385
0.363260954618454 0.38811194896698
0.36346545815467834 0.3855304718017578
0.3623756170272827 0.37447190284729004
0.361912339925766 0.36820343136787415
0.3633139133453369 0.38231658935546875
0.3626648485660553 0.3694881796836853
0.36249208450317383 0.36839428544044495
0.36208903789520264 0.38016384840011597
0.3624762296676636 0.36568036675453186
0.3619804084300995 0.416082501411438
0.36226147413253784 0.3777834177017212
0.3619636297225952 0.36285334825515747
0.3626233637332916 0.36402183771133423
0.3627418577671051 0.36644232273101807
0.36175021529197693 0.36799556016921997
0.3620869517326355 0.38696542382240295
0.36150693893432617 0.3688008487224579
0.36250683665275574 0.3681285083293915
0.36166030168533325 0.3876309096813202
0.3616674840450287 0.38549646735191345
0.3610839247703552 0.36524340510368347
0.3605014979839325 0.36795341968536377
0.3607042729854584 0.3695988059043884
0.3612096607685089 0.36492133140563965
0.3595912456512451 0.377697229385376
0.36078786849975586 0.3734543025493622
0.3604567348957062 0.3662298917770386
0.3593788146972656 0.36779725551605225
0.36003735661506653 0.37084776163101196
0.36077651381492615 0.3747120201587677
0.3592546582221985 0.36989906430244446
0.3599037826061249 0.3793608844280243
0.3605325520038605 0.36492258310317993
0.35902541875839233 0.3769005537033081
0.3605918288230896 0.390261709690094
0.35932299494743347 0.36402663588523865
0.3595300614833832 0.3681458532810211
0.35965442657470703 0.37810423970222473
0.35856351256370544 0.36804863810539246
0.3602062463760376 0.37019455432891846
0.36054906249046326 0.3779575824737549
0.3595348298549652 0.38101890683174133
0.3597959280014038 0.4043940603733063
0.3600337505340576 0.37278521060943604
0.3593222498893738 0.3754529058933258
0.3593446910381317 0.3932359516620636
0.35960760712623596 0.38637685775756836
0.35883089900016785 0.36603084206581116
0.35860005021095276 0.36206451058387756
0.35812100768089294 0.38238924741744995
0.35844486951828003 0.36473047733306885
0.3588496744632721 0.37349340319633484
0.3581332564353943 0.37832099199295044
0.3581933081150055 0.36347368359565735
0.3578730821609497 0.37136176228523254
0.35702231526374817 0.3655693531036377
0.3574371337890625 0.37164998054504395
0.3562344014644623 0.37416502833366394
0.3568844497203827 0.3670646548271179
0.3572870194911957 0.3729763329029083
0.35637012124061584 0.35969221591949463
0.35593441128730774 0.36809369921684265
0.3561195731163025 0.37409886717796326
0.35739773511886597 0.36520397663116455
0.3564864695072174 0.3810090720653534
0.3571564257144928 0.3745873272418976
0.35760265588760376 0.41843360662460327
0.35701024532318115 0.4044625461101532
0.35583093762397766 0.3779730796813965
0.3564305007457733 0.3714806139469147
0.3567943572998047 0.3650893568992615
0.3573389947414398 0.3775743842124939
0.355831503868103 0.37112393975257874
0.3568015694618225 0.38593360781669617
0.35559192299842834 0.376502126455307
0.3558357059955597 0.36594146490097046
0.3562749922275543 0.36357343196868896
0.3554065227508545 0.362667053937912
0.3585337996482849 0.3646925687789917
0.3550325930118561 0.37205594778060913
0.35641956329345703 0.3589371144771576
0.3567577600479126 0.3618953824043274
0.35635989904403687 0.3688402473926544
0.35552677512168884 0.369832307100296
0.35648441314697266 0.36915770173072815
0.35687315464019775 0.36342859268188477
0.35565105080604553 0.3713306784629822
0.3544102907180786 0.36848050355911255
0.354875773191452 0.3597511351108551
0.3543865382671356 0.3647485077381134
0.35425814986228943 0.3636256456375122
0.35392704606056213 0.3738173544406891
0.35312604904174805 0.3736213445663452
0.35505354404449463 0.3702230453491211
0.3532680869102478 0.36084726452827454
0.3544641137123108 0.3668391704559326
0.3535894453525543 0.37030598521232605
0.353939414024353 0.36477798223495483
0.3544735610485077 0.3733539283275604
0.3535047173500061 0.41525769233703613
0.3553409278392792 0.3650650680065155
0.3542616367340088 0.36147069931030273
0.35234302282333374 0.37214750051498413
0.353536456823349 0.38579320907592773
0.3533312976360321 0.3620375394821167
0.3535996973514557 0.36613765358924866
0.3533155620098114 0.35722342133522034
0.3537135422229767 0.372525155544281
0.3524651825428009 0.3633068799972534
0.35282424092292786 0.3901349604129791
0.3533386290073395 0.35837191343307495
0.35280367732048035 0.3599438965320587
0.35202330350875854 0.3616677224636078
0.3533957004547119 0.37596839666366577
0.35276198387145996 0.36281251907348633
0.3533255159854889 0.3699900507926941
0.35187968611717224 0.3618766963481903
0.3523505926132202 0.36719873547554016
0.3527795672416687 0.40263912081718445
0.35291677713394165 0.37897834181785583
0.3506796956062317 0.36376506090164185
0.3515651822090149 0.38565683364868164
0.35075247287750244 0.3615082800388336
0.3518221378326416 0.3730723261833191
0.3508167564868927 0.38656729459762573
0.3516159653663635 0.3785386085510254
0.3524858057498932 0.3610249161720276
0.3505804240703583 0.3665807247161865
0.35073375701904297 0.36868682503700256
0.3514508306980133 0.40434330701828003
0.35140112042427063 0.35890358686447144
0.35072293877601624 0.3691908121109009
0.35003265738487244 0.37604987621307373
0.3521282374858856 0.3642308712005615
0.35079824924468994 0.3669813573360443
0.35108238458633423 0.3688022494316101
0.35070934891700745 0.36526334285736084
0.35006237030029297 0.3627445101737976
0.35053759813308716 0.38512715697288513
0.3516068160533905 0.38034045696258545
0.35019761323928833 0.36648163199424744
0.3504244387149811 0.36491313576698303
0.35095328092575073 0.37072402238845825
0.35124853253364563 0.37632885575294495
0.35096824169158936 0.3740849494934082
0.3507097363471985 0.3601551651954651
0.35054194927215576 0.3641345202922821
0.3499256670475006 0.375764399766922
0.34990841150283813 0.3767314553260803
0.3503625690937042 0.36906400322914124
0.3503425121307373 0.37506547570228577
0.3504776060581207 0.37661874294281006
0.34991902112960815 0.38630297780036926
0.34976428747177124 0.36425015330314636
0.3488028347492218 0.3612518012523651
0.34867027401924133 0.3764479160308838
0.34942948818206787 0.3683012127876282
0.34885451197624207 0.3683512210845947
0.3501976430416107 0.359092116355896
0.3489118814468384 0.3732704222202301
0.34917619824409485 0.36674684286117554
0.3493002653121948 0.37633541226387024
0.34944969415664673 0.3578091561794281
0.34842395782470703 0.35818973183631897
0.3491326570510864 0.3749271631240845
0.34939447045326233 0.37759265303611755
0.3483101427555084 0.3607267737388611
0.3469613194465637 0.35602477192878723
0.34760522842407227 0.3777259886264801
0.34879082441329956 0.3892134428024292
0.3492830693721771 0.3686287999153137
0.34826669096946716 0.37441152334213257
0.34746643900871277 0.35884544253349304
0.3484169840812683 0.3705306947231293
0.34843283891677856 0.3681005835533142
0.34751006960868835 0.36701852083206177
0.3487893044948578 0.35844355821609497
0.3477257788181305 0.35560157895088196
0.3471781611442566 0.3691785931587219
0.3483112156391144 0.37529733777046204
0.3481459319591522 0.36765894293785095
0.3471710979938507 0.39065995812416077
0.348903089761734 0.3722337484359741
0.34750956296920776 0.35921522974967957
0.34736236929893494 0.3634451925754547
0.3484143614768982 0.3664895296096802
0.3473985493183136 0.3664136528968811
0.34725549817085266 0.3775564730167389
0.3474445641040802 0.36696600914001465
0.3468173146247864 0.36884915828704834
0.34611475467681885 0.35553011298179626
0.34707438945770264 0.35858631134033203
0.34604156017303467 0.36450302600860596
0.34694090485572815 0.37185314297676086
0.34639880061149597 0.365223228931427
0.3472774624824524 0.3638893961906433
0.3465896546840668 0.37121114134788513
0.34696099162101746 0.3706698715686798
0.3468756079673767 0.3737469017505646
0.345899760723114 0.36136308312416077
0.34595707058906555 0.3662477433681488
0.3462963402271271 0.35882237553596497
0.3458492159843445 0.4141671657562256
0.34551194310188293 0.36698591709136963
0.3464100658893585 0.36465004086494446
0.34615975618362427 0.36208245158195496
0.34579092264175415 0.37101370096206665
0.3456888496875763 0.3876626789569855
0.34632304310798645 0.3544803261756897
0.3454941511154175 0.36389675736427307
0.34613877534866333 0.36032554507255554
0.34595662355422974 0.361613392829895
0.3459251821041107 0.37404680252075195
0.34662455320358276 0.35776305198669434
0.34532734751701355 0.3613854944705963
0.34533774852752686 0.3755665421485901
0.3460944592952728 0.36683571338653564
0.34561771154403687 0.3713514804840088
0.345630407333374 0.3581371605396271
0.3450673520565033 0.3610166311264038
0.34565287828445435 0.35824012756347656
0.34395837783813477 0.3645753860473633
0.34397104382514954 0.3602246046066284
0.34417518973350525 0.3711523115634918
0.3435223400592804 0.36194130778312683
0.3447035849094391 0.36173558235168457
0.34476810693740845 0.3703538477420807
0.34348398447036743 0.36367538571357727
0.34409651160240173 0.3663099706172943
0.34355297684669495 0.36052417755126953
0.34449952840805054 0.3712782859802246
0.3431173861026764 0.36661475896835327
0.34391605854034424 0.3705654740333557
0.34381845593452454 0.36659663915634155
0.34335070848464966 0.35671764612197876
0.34315750002861023 0.356940358877182
0.34388425946235657 0.3692206144332886
0.344082772731781 0.3600347936153412
0.3443019688129425 0.3585337698459625
0.34277257323265076 0.3580584228038788
0.3432145118713379 0.36792218685150146
0.34365373849868774 0.37725621461868286
0.3432115912437439 0.3607504665851593
0.34319448471069336 0.36562609672546387
0.34357428550720215 0.3715992271900177
0.3442571759223938 0.38497915863990784
0.34377336502075195 0.35987070202827454
0.34366145730018616 0.3577028810977936
0.3437923192977905 0.38265419006347656
0.3429426848888397 0.40995123982429504
0.34264418482780457 0.35994651913642883
0.3432847261428833 0.37747299671173096
0.3428374230861664 0.35815051198005676
0.3430865705013275 0.3682633936405182
0.3422956168651581 0.374188095331192
0.34262314438819885 0.35844922065734863
0.3421517014503479 0.3630039393901825
0.34318822622299194 0.3552604913711548
0.34159982204437256 0.36641618609428406
0.3416401445865631 0.36137187480926514
0.3417794108390808 0.37475576996803284
0.341566801071167 0.36905795335769653
0.3420535922050476 0.37203449010849
0.34197813272476196 0.37187066674232483
0.34293633699417114 0.3634636402130127
0.3411993682384491 0.35475635528564453
0.34183111786842346 0.3690452575683594
0.3419005870819092 0.36387720704078674
0.3413394093513489 0.41430190205574036
0.3425852358341217 0.36541759967803955
0.34232062101364136 0.3567700982093811
0.3418097496032715 0.3581099212169647
0.34169888496398926 0.36100801825523376
0.3418426215648651 0.35839325189590454
0.34077808260917664 0.36566078662872314
0.34157270193099976 0.3612564504146576
0.3412923812866211 0.36860892176628113
0.34159398078918457 0.38749197125434875
0.34212392568588257 0.3636813461780548
0.3418009579181671 0.35485726594924927
0.3416907489299774 0.36652255058288574
0.34092456102371216 0.3666037619113922
0.3416934907436371 0.3639220893383026
0.341715008020401 0.3640782833099365
0.3422229588031769 0.37712419033050537
0.3406628966331482 0.36167261004447937
0.34208229184150696 0.3564232885837555
0.34158796072006226 0.35682281851768494
0.34038177132606506 0.3849416971206665
0.3406354784965515 0.3565119206905365
0.3410017192363739 0.3581542372703552
0.341525673866272 0.3575642704963684
0.3399987518787384 0.3653019666671753
0.34021714329719543 0.35919860005378723
0.34091058373451233 0.35993990302085876
0.34013572335243225 0.35785600543022156
0.33996134996414185 0.3850390613079071
0.3398437201976776 0.3573198616504669
0.3400995433330536 0.3615295886993408
0.33974558115005493 0.36783161759376526
0.3398906886577606 0.3619321286678314
0.33986932039260864 0.3635762333869934
0.33911028504371643 0.38065534830093384
0.3407043218612671 0.39721766114234924
0.3397968113422394 0.3610911965370178
0.33983558416366577 0.3612572252750397
0.34019607305526733 0.37437957525253296
0.33911705017089844 0.3592117726802826
0.3387390375137329 0.373355895280838
0.33965978026390076 0.36445051431655884
0.34038281440734863 0.365509569644928
0.33929675817489624 0.377480149269104
0.3399447798728943 0.36442211270332336
0.340093731880188 0.36706769466400146
0.3404138684272766 0.37215232849121094
0.33962032198905945 0.37463170289993286
0.3388538956642151 0.36514487862586975
0.3395201861858368 0.3564715087413788
0.34016868472099304 0.3581846356391907
0.34012407064437866 0.3592235743999481
0.3393973112106323 0.3572584390640259
0.3391341269016266 0.3621169328689575
0.33825862407684326 0.37156689167022705
0.33823999762535095 0.3624638617038727
0.33887147903442383 0.378793865442276
0.33839118480682373 0.3636695444583893
0.33826422691345215 0.35427552461624146
0.3383896052837372 0.3675529658794403
0.33918485045433044 0.3612474799156189
0.33764973282814026 0.359966516494751
0.33880120515823364 0.3575376570224762
0.3389679789543152 0.36044254899024963
0.338081955909729 0.363199383020401
0.33928215503692627 0.36717045307159424
0.33852753043174744 0.370484322309494
0.33764180541038513 0.3889668583869934
0.3389221131801605 0.3727683126926422
0.3386005461215973 0.3624945282936096
0.3376189172267914 0.35648831725120544
0.3378789722919464 0.36902621388435364
0.3377285897731781 0.35684192180633545
0.33809271454811096 0.36203742027282715
0.3385462760925293 0.35993868112564087
0.33795401453971863 0.3618803918361664
0.33732888102531433 0.3619720935821533
0.3379426598548889 0.36858412623405457
0.33835577964782715 0.3543643355369568
0.33802178502082825 0.36455678939819336
0.33780941367149353 0.36307623982429504
0.33700138330459595 0.3724777102470398
0.33812376856803894 0.35721448063850403
0.33741435408592224 0.3757430613040924
0.3372056186199188 0.35819336771965027
0.3375996947288513 0.3761395215988159
0.3376733958721161 0.3666018545627594
0.33728963136672974 0.38710886240005493
0.33662208914756775 0.35404253005981445
0.33695197105407715 0.37178632616996765
0.3362945020198822 0.3625314235687256
0.3366447389125824 0.3572455942630768
0.33680862188339233 0.3553488552570343
0.3366033732891083 0.36027124524116516
0.3363925516605377 0.35303857922554016
0.3363855183124542 0.37941524386405945
0.33691859245300293 0.3618861138820648
0.3355563282966614 0.3532443046569824
0.33719995617866516 0.36655327677726746
0.33634960651397705 0.3702675402164459
0.3361372947692871 0.3532439172267914
0.3368505835533142 0.3593252897262573
0.33642277121543884 0.3577338755130768
0.33614522218704224 0.37215882539749146
0.3367094099521637 0.35203611850738525
0.33637160062789917 0.35818442702293396
0.3366650938987732 0.38244566321372986
0.3365604877471924 0.3622978925704956
0.33663493394851685 0.358477920293808
0.3357580900192261 0.3611780107021332
0.3372443616390228 0.36120691895484924
0.33608686923980713 0.376198410987854
0.33679112792015076 0.37341049313545227
0.33543694019317627 0.35552653670310974
