1.5176588296890259 1.6389477252960205
1.4101660251617432 1.584512710571289
1.1168437004089355 1.1519993543624878
1.0265097618103027 1.1023932695388794
0.9703237414360046 1.1520127058029175
0.9418685436248779 1.0933177471160889
0.9229750037193298 0.9408811330795288
0.8928646445274353 0.9631521105766296
0.8885735869407654 1.0573838949203491
0.8853235244750977 1.0290182828903198
0.8782272934913635 1.2530378103256226
0.8765841126441956 0.9136889576911926
0.8717106580734253 0.9779252409934998
0.8754453659057617 0.9435391426086426
0.8727520108222961 0.9723756313323975
0.8738048672676086 0.9076143503189087
0.8593220114707947 0.9079416394233704
0.8623216152191162 0.906688928604126
0.8552742600440979 1.0885262489318848
0.8542540669441223 0.9364155530929565
0.8553896546363831 0.8986390829086304
0.853699803352356 0.9261806011199951
0.8492032885551453 1.0202381610870361
0.850401759147644 1.075395107269287
0.8469616174697876 0.9581773281097412
0.8460095524787903 0.9785865545272827
0.8466184735298157 0.9430046081542969
0.8442699313163757 1.239658236503601
0.845294713973999 0.8800377249717712
0.8388052582740784 0.8819022178649902
0.8375611901283264 0.9116427898406982
0.8408141732215881 0.8888013958930969
0.8355244994163513 0.9467428922653198
0.827125608921051 0.9243263006210327
0.8247876167297363 0.8599194288253784
0.821551501750946 0.912304699420929
0.8206063508987427 1.0815238952636719
0.8192539811134338 1.0161584615707397
0.8100853562355042 0.8559585213661194
0.8084833025932312 0.859049379825592
0.8074598908424377 0.8855248093605042
0.8018380403518677 0.844444990158081
0.7950546145439148 0.8685160279273987
0.7907205820083618 0.821406900882721
0.7811481952667236 1.0248699188232422
0.7685223817825317 0.876331090927124
0.7568082809448242 0.7794060707092285
0.7602576017379761 0.9999200105667114
0.7468499541282654 0.8156338930130005
0.7374684810638428 0.7731567025184631
0.7252253890037537 1.2571027278900146
0.7241369485855103 0.7744092345237732
0.7075685262680054 1.2844995260238647
0.7028666734695435 0.8826442360877991
0.6974669694900513 0.7414550185203552
0.6859139204025269 0.7575411796569824
0.6859885454177856 0.8860955834388733
0.6766379475593567 0.7060746550559998
0.6740673184394836 0.8107064366340637
0.6594685912132263 0.6772647500038147
0.6579224467277527 0.7064889669418335
0.6414533257484436 0.708401083946228
0.6360226273536682 0.6597468852996826
0.5755522847175598 0.5456333756446838
0.48951926827430725 0.5342633724212646
0.3996945321559906 0.37950220704078674
0.33963635563850403 0.3374522030353546
0.2993207275867462 0.2711891233921051
0.26893189549446106 0.2547973692417145
0.25107434391975403 0.4643469750881195
0.2385530322790146 0.25960755348205566
0.22302208840847015 0.25902262330055237
0.21501410007476807 0.2318824827671051
0.20849943161010742 0.21349753439426422
0.2035021185874939 0.23958083987236023
0.19657695293426514 0.2835545539855957
0.19413810968399048 0.238856703042984
0.19304463267326355 0.25265511870384216
0.18929411470890045 0.18174567818641663
0.18615925312042236 0.18797875940799713
0.18245604634284973 0.27979594469070435
0.17814452946186066 0.23767173290252686
0.18115854263305664 0.21158467233181
0.1751488298177719 0.18293631076812744
0.17427165806293488 0.1907869279384613
0.1703035682439804 0.2135084867477417
0.1717894822359085 0.3977263867855072
0.17728078365325928 0.226461723446846
0.16416500508785248 0.25657880306243896
0.16613100469112396 0.2538013458251953
0.16407839953899384 0.17431993782520294
0.16365964710712433 0.27651703357696533
0.1617698073387146 0.39933615922927856
0.1592339277267456 0.17935562133789062
0.1661994606256485 0.18106414377689362
0.16198094189167023 0.21111829578876495
0.1582651436328888 0.17663730680942535
0.15666605532169342 0.2674192488193512
0.1613767147064209 0.17269456386566162
0.15243276953697205 0.259319931268692
0.15537144243717194 0.1719008982181549
0.15244781970977783 0.15463587641716003
0.15039724111557007 0.15286295115947723
0.15235911309719086 0.14107948541641235
0.15256808698177338 0.15770749747753143
0.15015685558319092 0.19053930044174194
0.148414745926857 0.1593836396932602
0.14702406525611877 0.16126638650894165
0.1467394232749939 0.23554234206676483
0.14709565043449402 0.14253947138786316
0.1445561945438385 0.2401275783777237
0.14305974543094635 0.14494073390960693
0.14178650081157684 0.27038830518722534
0.14390408992767334 0.2503974735736847
0.14195427298545837 0.13566789031028748
0.14193977415561676 0.16265402734279633
0.13748198747634888 0.19985513389110565
0.13762740790843964 0.14773128926753998
0.13825680315494537 0.17243878543376923
0.13849268853664398 0.1407058984041214
0.1383150964975357 0.13738252222537994
0.1361766904592514 0.1427246332168579
0.13531985878944397 0.1309298574924469
0.1351800560951233 0.15016597509384155
0.1351500153541565 0.1402653306722641
0.13368313014507294 0.22797229886054993
0.1345829963684082 0.15817473828792572
0.1328267753124237 0.19557568430900574
0.13500304520130157 0.13636191189289093
0.13321618735790253 0.17448626458644867
0.1323418766260147 0.1410360038280487
0.1305609494447708 0.17049643397331238
0.13193096220493317 0.14491315186023712
0.13287891447544098 0.12813419103622437
0.13087446987628937 0.12658660113811493
0.13089187443256378 0.15478628873825073
0.13131995499134064 0.13583455979824066
0.13053062558174133 0.5208714604377747
0.13066774606704712 0.12588107585906982
0.1309894174337387 0.1216076985001564
0.12725988030433655 0.13230358064174652
0.1288502961397171 0.12285295128822327
0.12743961811065674 0.3013126850128174
0.12902095913887024 0.1729535460472107
0.12784695625305176 0.13176126778125763
0.13048386573791504 0.12475459277629852
0.12545983493328094 0.11964686959981918
0.1260128617286682 0.13037246465682983
0.12542326748371124 0.14418543875217438
0.12718743085861206 0.1880548745393753
0.12938231229782104 0.12697972357273102
0.12468454986810684 0.16272039711475372
0.12564748525619507 0.29661282896995544
0.12683483958244324 0.12103665620088577
0.12793534994125366 0.12710368633270264
0.1251891851425171 0.149408757686615
0.12555238604545593 0.14431136846542358
0.1242278665304184 0.1369694024324417
0.12501299381256104 0.13494493067264557
0.12553109228610992 0.12377037853002548
0.12436512857675552 0.19898445904254913
0.1237851232290268 0.12125203758478165
0.12665988504886627 0.14400988817214966
0.12330494821071625 0.12715832889080048
0.12389758229255676 0.12214436382055283
0.12391843646764755 0.12732760608196259
0.122441366314888 0.22207528352737427
0.12351183593273163 0.1323533058166504
0.12144789844751358 0.15558409690856934
0.12416768074035645 0.11758553981781006
0.12253880500793457 0.27582794427871704
0.12734535336494446 0.25432199239730835
0.1223272979259491 0.12108099460601807
0.12203250825405121 0.1266741305589676
0.1246485561132431 0.12362518906593323
0.12119467556476593 0.14174345135688782
0.12143445014953613 0.1536007672548294
0.1799342781305313 0.317050576210022
0.12717267870903015 0.12193816900253296
0.12071064114570618 0.22400438785552979
0.12063959240913391 0.14163899421691895
0.12024838477373123 0.12191322445869446
0.12197007983922958 0.14728833734989166
0.121670663356781 0.1444956660270691
0.11989419907331467 0.18299135565757751
0.1223660483956337 0.13420270383358002
0.12063940614461899 0.25868234038352966
0.12166807055473328 0.11982987821102142
0.12206973135471344 0.11622431129217148
0.12142027169466019 0.12654897570610046
0.12035563588142395 0.12046787887811661
0.12087488919496536 0.13698473572731018
0.11954702436923981 0.17520233988761902
0.12045220285654068 0.21967674791812897
0.122364342212677 0.14218896627426147
0.11989502608776093 0.147833451628685
0.12006507068872452 0.12141142040491104
0.11870859563350677 0.16140994429588318
0.11876112967729568 0.15203341841697693
0.12121040374040604 0.14564424753189087
0.1168152317404747 0.117522232234478
0.11994244903326035 0.12146017700433731
0.11804689466953278 0.12306104600429535
0.11838103085756302 0.12214043736457825
0.11833521723747253 0.12938493490219116
0.11850935220718384 0.16869281232357025
0.11825287342071533 0.1911146640777588
0.11750954389572144 0.14586810767650604
0.12338770925998688 0.1362200528383255
0.1165345162153244 0.12264548242092133
0.11672621965408325 0.12579669058322906
0.11666112393140793 0.14425349235534668
0.11807417869567871 0.15582755208015442
0.11705470830202103 0.19101287424564362
0.11682993173599243 0.1730874925851822
0.11644215881824493 0.12621352076530457
0.11653654277324677 0.13676945865154266
0.11607377231121063 0.25528883934020996
0.11610245704650879 0.11550533026456833
0.11598192900419235 0.26657065749168396
0.1169053167104721 0.11690111458301544
0.11566542834043503 0.13065674901008606
0.11784569919109344 0.27509307861328125
0.11843068897724152 0.11988255381584167
0.11772967875003815 0.11960987746715546
0.11590805649757385 0.3165265619754791
0.11634932458400726 0.19407454133033752
0.1160283014178276 0.16572783887386322
0.11756785959005356 0.15257564187049866
0.11421100050210953 0.1333031952381134
0.11645935475826263 0.13046368956565857
0.11423002928495407 0.1307310163974762
0.1148185208439827 0.11649592220783234
0.11769100278615952 0.16688336431980133
0.11596014350652695 0.16605757176876068
0.11382417380809784 0.11109025031328201
0.11620989441871643 0.1357818990945816
0.1159755066037178 0.1791461855173111
0.11451572179794312 0.1388498693704605
0.11262655258178711 0.13988648355007172
0.1151462271809578 0.12180821597576141
0.1138947457075119 0.16538304090499878
0.11380121111869812 0.1625678986310959
0.11495249718427658 0.11578231304883957
0.11569495499134064 0.1118115782737732
0.1129368394613266 0.13824249804019928
0.11413995176553726 0.11411138623952866
0.11378216743469238 0.14314673840999603
0.11310294270515442 0.12725932896137238
0.11515548080205917 0.1097479835152626
0.11240165680646896 0.32672590017318726
0.11969537287950516 0.11383018642663956
0.11091873049736023 0.1479243040084839
0.1147928535938263 0.16957750916481018
0.11291579902172089 0.1165517047047615
0.11307761818170547 0.16328144073486328
0.1129339262843132 0.11403416097164154
0.11266638338565826 0.12390294671058655
0.11234521865844727 0.13953332602977753
0.11175669729709625 0.11363478749990463
0.11420559138059616 0.13590562343597412
0.11308350414037704 0.1242213174700737
0.11075455695390701 0.1532832384109497
0.11247877031564713 0.12166320532560349
0.11208947747945786 0.1881786435842514
0.11174867302179337 0.11342057585716248
0.1120673194527626 0.1223665401339531
0.11089346557855606 0.12342172116041183
0.11317876726388931 0.13008520007133484
0.11319047212600708 0.13404563069343567
0.11223669350147247 0.32218754291534424
0.11324094235897064 0.13683576881885529
0.1115717738866806 0.15295985341072083
0.10977014899253845 0.18409448862075806
0.11193118244409561 0.1468883752822876
0.11057211458683014 0.12816764414310455
0.11059164255857468 0.24585187435150146
0.11462179571390152 0.1384046971797943
0.11265384405851364 0.13037851452827454
0.11224381625652313 0.17450281977653503
0.11119392514228821 0.11743508279323578
0.1121625080704689 0.11292959004640579
0.11215078085660934 0.13906781375408173
0.11144593358039856 0.12285217642784119
0.11143240332603455 0.1332954466342926
0.11106126010417938 0.1189088374376297
0.11163840442895889 0.11906393617391586
0.11214745789766312 0.19204454123973846
0.11091900616884232 0.23521067202091217
0.11218595504760742 0.12778426706790924
0.11044192314147949 0.13960430026054382
0.11170656234025955 0.17625685036182404
0.11092939972877502 0.12657935917377472
0.10929882526397705 0.13498447835445404
0.11070483177900314 0.14823713898658752
0.11122186481952667 0.19219635426998138
0.11028397083282471 0.12887738645076752
0.10901789367198944 0.14801228046417236
0.11126601696014404 0.11360462009906769
0.10838067531585693 0.1307687908411026
0.1092010885477066 0.12622413039207458
0.1090136468410492 0.3151068687438965
0.11056385189294815 0.1406463235616684
0.10943769663572311 0.1598307490348816
0.11177600175142288 0.1437748521566391
0.1085146889090538 0.1321541965007782
0.109828419983387 0.14134763181209564
0.10933828353881836 0.11147786676883698
0.10984084755182266 0.14017470180988312
0.10879112780094147 0.11547411233186722
0.11032555252313614 0.1220792904496193
0.10920168459415436 0.10696477442979813
0.10887505114078522 0.11546123772859573
0.1089351698756218 0.15451613068580627
0.10709819942712784 0.10683108866214752
0.1090840995311737 0.16970843076705933
0.10778401792049408 0.1353394240140915
0.10853742063045502 0.11554825305938721
0.10746501386165619 0.16266345977783203
0.1094522550702095 0.12182675302028656
0.10735749453306198 0.12906309962272644
0.10851562768220901 0.18599647283554077
0.10752689093351364 0.13482505083084106
0.10685291141271591 0.12291263043880463
0.1222330778837204 0.1274617314338684
0.105800561606884 0.11459279805421829
0.10786592960357666 0.11470574140548706
0.10773397237062454 0.10593508183956146
0.10768311470746994 0.14190596342086792
0.10701099783182144 0.12064847350120544
0.1067885309457779 0.11697377264499664
0.10805269330739975 0.10813282430171967
0.10794282704591751 0.11078168451786041
0.10616014152765274 0.11091973632574081
0.10703879594802856 0.13845644891262054
0.10698527097702026 0.11729445308446884
0.10863501578569412 0.14370712637901306
0.10647524893283844 0.16928324103355408
0.10733642429113388 0.19439272582530975
0.10759717226028442 0.15968690812587738
0.10750916600227356 0.13121016323566437
0.10667247325181961 0.11732514202594757
0.10778264701366425 0.12385924905538559
0.10638665407896042 0.17977562546730042
0.10784196108579636 0.12860703468322754
0.10677173733711243 0.15364184975624084
0.19070562720298767 0.11868540942668915
0.1069159284234047 0.13150937855243683
0.10760433226823807 0.11206748336553574
0.10575246065855026 0.12177803367376328
0.10643082857131958 0.1743820756673813
0.10653312504291534 0.16245265305042267
0.10636761784553528 0.11620655655860901
0.10680266469717026 0.1506713181734085
0.1051892340183258 0.10444618761539459
0.10510101169347763 0.14938537776470184
0.10664171725511551 0.11930358409881592
0.105793297290802 0.11497645080089569
0.10705536603927612 0.10671404749155045
0.10557428002357483 0.2190520167350769
0.10657960921525955 0.11978326737880707
0.1065768450498581 0.11921554058790207
0.10535602271556854 0.12196104973554611
0.1060733050107956 0.1140725240111351
0.1050301268696785 0.1807272732257843
0.10681468993425369 0.10917847603559494
0.10524479299783707 0.11336204409599304
0.10501096397638321 0.13088642060756683
0.10509641468524933 0.1341560035943985
0.10643932223320007 0.43200379610061646
0.10674259066581726 0.10769474506378174
0.10420132428407669 0.12678262591362
0.10713600367307663 0.11480576545000076
0.10606544464826584 0.11140698939561844
0.10496560484170914 0.12908759713172913
0.1065482348203659 0.1861238330602646
0.1048773005604744 0.19263684749603271
0.10472983121871948 0.112226702272892
0.10471034795045853 0.11641916632652283
0.10443893820047379 0.10707248747348785
0.1058625876903534 0.11990264803171158
0.10366609692573547 0.11651741713285446
0.10397683829069138 0.3411825895309448
0.10535717755556107 0.11060988157987595
0.10522694140672684 0.11708647012710571
0.1040259301662445 0.11067676544189453
0.10490267723798752 0.12761372327804565
0.10505159199237823 0.10601703822612762
0.10428249090909958 0.11885220557451248
0.10492656379938126 0.11032512038946152
0.10425766557455063 0.19061043858528137
0.1046358123421669 0.30756115913391113
0.28691184520721436 0.23276978731155396
0.19297635555267334 0.22195689380168915
0.17214517295360565 0.20319272577762604
0.16498202085494995 0.19121840596199036
0.15681014955043793 0.21491211652755737
0.15360884368419647 0.1916988641023636
0.1491527259349823 0.14719833433628082
0.1459915190935135 0.2240099310874939
0.14506728947162628 0.13636839389801025
0.1393004208803177 0.23099376261234283
0.13874270021915436 0.158461332321167
0.13602057099342346 0.1527712196111679
0.135087788105011 0.23323088884353638
0.13458847999572754 0.13830624520778656
0.13044749200344086 0.13223248720169067
0.1310368776321411 0.16857066750526428
0.13274353742599487 0.13527069985866547
0.12779974937438965 0.1341078132390976
0.12730935215950012 0.1355390101671219
0.12833651900291443 0.13565373420715332
0.12585361301898956 0.161903515458107
0.12581893801689148 0.12169555574655533
0.12487407773733139 0.12301637977361679
0.12367472797632217 0.13979917764663696
0.1252170354127884 0.13338641822338104
0.12242642045021057 0.12498412281274796
0.12047125399112701 0.14939290285110474
0.12301915884017944 0.15034417808055878
0.12208977341651917 0.19089339673519135
0.12030236423015594 0.12272439897060394
0.12226343899965286 0.12720483541488647
0.11844328045845032 0.12780600786209106
0.1180209070444107 0.127364382147789
0.11741560697555542 0.12056899070739746
0.11881640553474426 0.1972047984600067
0.11589452624320984 0.1287207007408142
0.11657838523387909 0.11467619240283966
0.1173543781042099 0.15422731637954712
0.11538930237293243 0.14346952736377716
0.11643665283918381 0.1510092318058014
0.11551786959171295 0.1362682431936264
0.11479488760232925 0.11780242621898651
0.11448946595191956 0.1145641878247261
0.11525260657072067 0.12939874827861786
0.11366351693868637 0.1149502545595169
0.11448836326599121 0.12252037972211838
0.11320699006319046 0.12916220724582672
0.1151026040315628 0.1604461967945099
0.11369816958904266 0.11257506906986237
0.11317331343889236 0.11885915696620941
0.11246207356452942 0.22716473042964935
0.11420556902885437 0.19853027164936066
0.11139819771051407 0.1951480656862259
0.11353924125432968 0.11941342055797577
0.1129748523235321 0.11098089814186096
0.111708864569664 0.14990973472595215
0.11105980724096298 0.21145541965961456
0.11208633333444595 0.12754446268081665
0.11129435896873474 0.10987000167369843
0.1104397177696228 0.11919760704040527
0.1099027544260025 0.137881338596344
0.11405957490205765 0.1314428150653839
0.1097932979464531 0.1564139872789383
0.11015817523002625 0.12104057520627975
0.10956905782222748 0.14483244717121124
0.11036380380392075 0.23747888207435608
0.11013634502887726 0.10907541960477829
0.11063090711832047 0.1186445876955986
0.10874946415424347 0.1491234451532364
0.10945368558168411 0.12739473581314087
0.1090095266699791 0.13652926683425903
0.1090165227651596 0.19891388714313507
0.10847195237874985 0.14918245375156403
0.10822689533233643 0.13557632267475128
0.10853701084852219 0.11428026854991913
0.10749458521604538 0.15454213321208954
0.10707075148820877 0.1643335372209549
0.10962717235088348 0.1575544774532318
0.10734571516513824 0.10877768695354462
0.10716450214385986 0.1102713942527771
0.10701656341552734 0.11470700055360794
0.10645271092653275 0.11038392037153244
0.10806936770677567 0.10484281182289124
0.10557882487773895 0.15714475512504578
0.10832090675830841 0.1359940469264984
0.10591430217027664 0.1079406663775444
0.1070217564702034 0.10767214745283127
0.1066761389374733 0.10262864828109741
0.10652092099189758 0.10589977353811264
0.10724932700395584 0.2988262176513672
0.10612709820270538 0.11576759070158005
0.1066809669137001 0.10440284758806229
0.10545450448989868 0.11724632978439331
0.10482461005449295 0.1086767390370369
0.10529199242591858 0.15354955196380615
0.10673322528600693 0.10399182885885239
0.10486789792776108 0.21841371059417725
0.10625004768371582 0.11052772402763367
0.10551238805055618 0.10529420524835587
0.10491131991147995 0.12109746038913727
0.10573164373636246 0.11164590716362
0.1053859144449234 0.16151393949985504
0.10502453148365021 0.13006921112537384
0.10527092218399048 0.2159722000360489
0.10570381581783295 0.10375891625881195
0.10456903278827667 0.11887804418802261
0.10516948997974396 0.10811059176921844
0.10476856678724289 0.12064000964164734
0.10405579209327698 0.11205484718084335
0.10327339172363281 0.107198566198349
0.1045769527554512 0.16558028757572174
0.10447405278682709 0.10734587907791138
0.10420580208301544 0.24460579454898834
0.10580151528120041 0.10440942645072937
0.10400332510471344 0.19458678364753723
0.10444168746471405 0.24937976896762848
0.1058802604675293 0.1815008968114853
0.1029420793056488 0.11377344280481339
0.1036825031042099 0.14261594414710999
0.10314340889453888 0.14353542029857635
0.10312014818191528 0.1700383722782135
0.10422765463590622 0.1079043596982956
0.10356128215789795 0.11383484303951263
0.10380041599273682 0.11718390136957169
0.10224785655736923 0.11336104571819305
0.10251981019973755 0.10866880416870117
0.10383403301239014 0.10394812375307083
0.10158741474151611 0.11908303946256638
0.10259246081113815 0.1573261022567749
0.10262446850538254 0.1256784200668335
0.10207199305295944 0.1045820564031601
0.10259193181991577 0.14198148250579834
0.1019207313656807 0.10661732405424118
0.10212089121341705 0.11127851158380508
0.10320844501256943 0.1118977814912796
0.1014295145869255 0.11801308393478394
0.10214605927467346 0.11825814843177795
0.10190791636705399 0.10430863499641418
0.1021118015050888 0.14719733595848083
0.10129441320896149 0.12252506613731384
0.10205498337745667 0.10524150729179382
0.10196933150291443 0.17957457900047302
0.10240065306425095 0.10430508106946945
0.10280252993106842 0.12350443750619888
0.10060282796621323 0.10726605355739594
0.10121586918830872 0.10877394676208496
0.10312540829181671 0.11501087248325348
0.10074203461408615 0.10203320533037186
0.10162108391523361 0.36743250489234924
0.10402601212263107 0.12170536071062088
0.10137154161930084 0.10885120183229446
0.10149817913770676 0.10236453264951706
0.10039014369249344 0.11004431545734406
0.1019492894411087 0.11520890146493912
0.10105451941490173 0.12714266777038574
0.10071741789579391 0.10740716010332108
0.10051922500133514 0.10204767435789108
0.10147169232368469 0.2281888723373413
0.10036313533782959 0.21081532537937164
0.10110500454902649 0.10839064419269562
0.10150893777608871 0.1394905000925064
0.10005691647529602 0.14990563690662384
0.10067940503358841 0.10578680038452148
0.10047050565481186 0.11798641830682755
0.09967448562383652 0.12712165713310242
0.1006445661187172 0.10281316190958023
0.10091462731361389 0.12359979748725891
0.09973645955324173 0.10126474499702454
0.10005145519971848 0.15686316788196564
0.1000208780169487 0.11005952954292297
0.09989745169878006 0.1099119633436203
0.09961061924695969 0.21311455965042114
0.10009017586708069 0.10532155632972717
0.09939595311880112 0.2566365599632263
0.10088564455509186 0.10880473256111145
0.09988393634557724 0.10913873463869095
0.09917490184307098 0.13516771793365479
0.09920710325241089 0.10676028579473495
0.10024145245552063 0.12308086454868317
0.09967881441116333 0.10988914966583252
0.10023821145296097 0.09991190582513809
0.0989721417427063 0.10627450793981552
0.09873098880052567 0.12558409571647644
0.09837323427200317 0.28692343831062317
0.10026179999113083 0.11787579953670502
0.0983937531709671 0.11299343407154083
0.09885533899068832 0.13967135548591614
0.09926722198724747 0.10462474822998047
0.0987769365310669 0.15229013562202454
0.0988052636384964 0.11494037508964539
0.09818477928638458 0.1215030625462532
0.0985550805926323 0.11425279825925827
0.09804847091436386 0.11019087582826614
0.09807469695806503 0.12222951650619507
0.09859952330589294 0.10401173681020737
0.09840410947799683 0.1048850417137146
0.09758105129003525 0.10565243661403656
0.09779329597949982 0.10728336870670319
0.09763734042644501 0.13600288331508636
0.09811020642518997 0.09635991603136063
0.09750447422266006 0.13301175832748413
0.09858054667711258 0.10529806464910507
0.09909699857234955 0.1511230319738388
0.09871773421764374 0.12323711067438126
0.09764443337917328 0.11972212791442871
0.097760871052742 0.10862155258655548
0.0989271029829979 0.10009422153234482
0.09700565785169601 0.10360516607761383
0.0976548045873642 0.1473655253648758
0.09827779233455658 0.10283561050891876
0.0980844795703888 0.11601310223340988
0.0991080179810524 0.10849830508232117
0.09723027050495148 0.13006481528282166
0.09738743305206299 0.1075906753540039
0.09721311181783676 0.10898663103580475
0.09742586314678192 0.097908616065979
0.09791798144578934 0.21269060671329498
0.09799302369356155 0.1283341348171234
0.0972902774810791 0.11486959457397461
0.09618888795375824 0.11368944495916367
0.09767045080661774 0.1361888200044632
0.09610295295715332 0.10447491705417633
0.09674239158630371 0.09713055193424225
0.09649822860956192 0.16760045289993286
0.09749554842710495 0.10835307091474533
0.09682659059762955 0.09900356084108353
0.09709545969963074 0.10010179132223129
0.09590568393468857 0.11035175621509552
0.09704095870256424 0.10612533986568451
0.09723342955112457 0.18071304261684418
0.09653402119874954 0.11043447256088257
0.09796818345785141 0.13501574099063873
0.09714379906654358 0.11144931614398956
0.09571933001279831 0.11119654774665833
0.0957876592874527 0.09869438409805298
0.09630809724330902 0.12203069776296616
0.10133080184459686 0.18479828536510468
0.09566426277160645 0.10471745580434799
0.09627893567085266 0.09649862349033356
0.09758161753416061 0.10318014770746231
0.09593591094017029 0.09799102693796158
0.09652013331651688 0.12809045612812042
0.0960577130317688 0.1552657037973404
0.0968993604183197 0.09671902656555176
0.09573723375797272 0.145248144865036
0.09616389870643616 0.10626144707202911
0.09641842544078827 0.11478274315595627
0.09537205845117569 0.10982033610343933
0.09614992141723633 0.1998419165611267
0.09641467034816742 0.1876148134469986
0.09710942208766937 0.09680980443954468
0.0960584431886673 0.09849544614553452
0.09565533697605133 0.09916619956493378
0.09543487429618835 0.10848359763622284
0.0957317128777504 0.09682968258857727
0.09637943655252457 0.11483431607484818
0.09509909152984619 0.12519775331020355
0.09574350714683533 0.10143932700157166
0.09620130062103271 0.09665591269731522
0.09572187066078186 0.09665168821811676
0.09574298560619354 0.10688234120607376
0.09614811092615128 0.10011660307645798
0.09485874325037003 0.1198737621307373
0.0958758220076561 0.10523023456335068
0.09605858474969864 0.4021490514278412
0.0994982197880745 0.12879297137260437
0.09448970854282379 0.1151178702712059
0.09490853548049927 0.13140513002872467
0.09540678560733795 0.10630866885185242
0.0953182578086853 0.131600484251976
0.09507682919502258 0.10474513471126556
0.09515896439552307 0.1609252542257309
0.09498810768127441 0.10036952793598175
0.094554603099823 0.09978723526000977
0.09601343423128128 0.1360163539648056
0.09484869986772537 0.09928148984909058
0.09416436403989792 0.09509304910898209
0.09512479603290558 0.22235983610153198
0.09470571577548981 0.10159798711538315
0.09455860406160355 0.1019304171204567
0.09554165601730347 0.10578970611095428
0.09527476876974106 0.1022733598947525
0.09493497759103775 0.13170470297336578
0.0959036573767662 0.11913147568702698
0.09509621560573578 0.0994914099574089
0.09450414776802063 0.1381588727235794
0.09376542270183563 0.10562586784362793
0.09471118450164795 0.09601710736751556
0.0954648032784462 0.10744879394769669
0.09382063895463943 0.11694467812776566
0.09366809576749802 0.10398903489112854
0.09450317174196243 0.11477701365947723
0.09361805766820908 0.09772723913192749
0.09480780363082886 0.11224480718374252
0.09495031088590622 0.09935036301612854
0.09496422111988068 0.11210934072732925
0.09318304061889648 0.11567404866218567
0.09444253891706467 0.09726228564977646
0.09339544177055359 0.10114658623933792
0.0931919515132904 0.1000869870185852
0.09392492473125458 0.1141241043806076
0.09431181848049164 0.09523554891347885
0.09394757449626923 0.11643996834754944
0.09385977685451508 0.1049930602312088
0.09339653700590134 0.11577592045068741
0.09475433826446533 0.11682082712650299
0.09379778802394867 0.148255854845047
0.09461860358715057 0.0953814908862114
0.09327692538499832 0.14418771862983704
0.0929829403758049 0.098960742354393
0.0942561998963356 0.10630592703819275
0.09409088641405106 0.12410148978233337
0.09384945034980774 0.10407539457082748
0.09395570307970047 0.0999365895986557
0.09399070590734482 0.1054472103714943
0.09388535469770432 0.17757214605808258
0.09401196241378784 0.10690782964229584
0.09419363737106323 0.10002295672893524
0.09393937885761261 0.20076724886894226
0.09398960322141647 0.09683147817850113
0.09437200427055359 0.13114777207374573
0.09387944638729095 0.10858795791864395
0.09365801513195038 0.1085020899772644
0.09384135156869888 0.10057975351810455
0.0929427444934845 0.10971652716398239
0.09378059953451157 0.11624100059270859
0.09306266158819199 0.0975937768816948
0.09262874722480774 0.10500546544790268
0.09417317062616348 0.09621527791023254
0.09351586550474167 0.11792197823524475
0.09320353716611862 0.10370811820030212
0.09326639771461487 0.10085973143577576
0.09280359745025635 0.18392206728458405
0.09367886185646057 0.09950796514749527
0.09286113828420639 0.1124146431684494
0.09312039613723755 0.09510569274425507
0.09232496470212936 0.0974547490477562
0.0934150218963623 0.11979224532842636
0.09286918491125107 0.1345645934343338
0.09312736988067627 0.13284702599048615
0.09274829924106598 0.10436052083969116
0.09244886785745621 0.1293603628873825
0.09301363676786423 0.12226197123527527
0.09233734011650085 0.10838950425386429
0.09303901344537735 0.10561922937631607
0.09233895689249039 0.10867878049612045
0.09341459721326828 0.11695320904254913
0.09237255156040192 0.09561165422201157
0.09232734143733978 0.0972517803311348
0.0924854725599289 0.10207047313451767
0.09265505522489548 0.09819605946540833
0.09233132749795914 0.0970781147480011
0.09260942786931992 0.09862454235553741
0.09278597682714462 0.11922719329595566
0.09204573184251785 0.0963900089263916
0.09221167117357254 0.10153403878211975
0.09335572272539139 0.10367527604103088
0.09219248592853546 0.10933662950992584
0.09183590114116669 0.10726902633905411
0.0925343930721283 0.10794369876384735
0.09284920245409012 0.1418105661869049
0.09205348789691925 0.10615333914756775
0.09163764119148254 0.10298493504524231
0.09250827133655548 0.09819544106721878
0.09178996831178665 0.10313276946544647
0.0923408791422844 0.12752462923526764
0.09176064282655716 0.11373364180326462
0.09307436645030975 0.09451554715633392
0.09276042878627777 0.14408856630325317
0.09110886603593826 0.10434922575950623
0.09220215678215027 0.11880522221326828
0.09828906506299973 0.09376183152198792
0.0900714248418808 0.09392138570547104
0.09107513725757599 0.1820337474346161
0.09297841787338257 0.115793876349926
0.0915708914399147 0.09644801914691925
0.09178824722766876 0.13550525903701782
0.09314053505659103 0.10832156985998154
0.09199673682451248 0.11768677830696106
0.09217828512191772 0.09953208267688751
0.09178154170513153 0.13930654525756836
0.09154970198869705 0.0928402841091156
0.09250196814537048 0.10398099571466446
0.0924658551812172 0.10534949600696564
0.09212390333414078 0.10825498402118683
0.09182384610176086 0.0977681577205658
0.09146977216005325 0.1401701718568802
0.09199657291173935 0.19176891446113586
0.09925669431686401 0.10051436722278595
0.09047305583953857 0.09747691452503204
0.09060110151767731 0.11567500978708267
0.09229176491498947 0.09799877554178238
0.09040762484073639 0.09551992267370224
0.0919651985168457 0.11848366260528564
0.09241817891597748 0.10398650914430618
0.09064309298992157 0.10961037874221802
0.09188152104616165 0.11604707688093185
0.09174976497888565 0.09764506667852402
0.09164591133594513 0.09491977095603943
0.09100852906703949 0.09111050516366959
0.09671933203935623 0.10621768981218338
0.09397955238819122 0.10676069557666779
0.09245041757822037 0.09636301547288895
0.09057128429412842 0.12570790946483612
0.09203683584928513 0.1307860165834427
0.0917908251285553 0.09799953550100327
0.09057851880788803 0.09984083473682404
0.09172049909830093 0.11545418202877045
0.0921545997262001 0.11053328216075897
0.09562948346138 0.0931110754609108
0.09037157893180847 0.10203578323125839
0.09059756249189377 0.10515692830085754
0.09096495062112808 0.11238439381122589
0.09130095690488815 0.0996185913681984
0.0961221382021904 0.18049196898937225
0.08992798626422882 0.10127230733633041
0.09048893302679062 0.11559706181287766
0.0909065306186676 0.10201448202133179
0.09078420698642731 0.14215604960918427
0.09088557958602905 0.16356998682022095
0.09135803580284119 0.0962601900100708
0.09107611328363419 0.1921919286251068
0.09108463674783707 0.10013420134782791
0.0905897468328476 0.11509650945663452
0.09063988924026489 0.12939724326133728
0.09007974714040756 0.09555196762084961
0.09135334938764572 0.10348469763994217
0.09040854871273041 0.10400234162807465
0.09055700153112411 0.09986424446105957
0.09088645875453949 0.09226923435926437
0.09101181477308273 0.10158620774745941
0.08896373212337494 0.10728286951780319
0.09134708344936371 0.11412768810987473
0.09116405993700027 0.09934040904045105
0.09021516889333725 0.0949864313006401
0.09090717881917953 0.09525253623723984
0.08970857411623001 0.09437955170869827
0.3400983214378357 0.4243510067462921
0.27995264530181885 0.2633386254310608
0.21587121486663818 0.1973828375339508
0.1885300725698471 0.18123158812522888
0.16981454193592072 0.17629757523536682
0.15858320891857147 0.15790577232837677
0.1531812697649002 0.1549706608057022
0.14889365434646606 0.15609607100486755
0.1458413004875183 0.19277198612689972
0.14259618520736694 0.14476141333580017
0.13916410505771637 0.14420998096466064
0.1374206244945526 0.1525237113237381
0.1361689269542694 0.13543930649757385
0.13298188149929047 0.1593131124973297
0.13198673725128174 0.13347524404525757
0.13022199273109436 0.24657487869262695
0.12961077690124512 0.1568423956632614
0.1286863386631012 0.14789582788944244
0.1264708936214447 0.18033921718597412
0.12663167715072632 0.12528105080127716
0.1250450164079666 0.13112469017505646
0.1246533989906311 0.12490665912628174
0.12275351583957672 0.13759241998195648
0.1223108097910881 0.1315934807062149
0.12218932807445526 0.12333978712558746
0.12079329043626785 0.13026900589466095
0.11915517598390579 0.13356782495975494
0.12000972032546997 0.12015419453382492
0.11925218999385834 0.13315947353839874
0.11851438134908676 0.1931343674659729
0.11841205507516861 0.1552792638540268
0.11773708462715149 0.12120634317398071
0.1168958842754364 0.11632337421178818
0.11683560907840729 0.13731396198272705
0.11638811230659485 0.19648805260658264
0.11569386720657349 0.12999944388866425
0.11592981219291687 0.17541679739952087
0.11543551832437515 0.13400287926197052
0.11533334106206894 0.17170898616313934
0.11439148336648941 0.14736920595169067
0.11457931250333786 0.11629921197891235
0.1148979514837265 0.12553671002388
0.11389227211475372 0.12303096801042557
0.11218927055597305 0.17389103770256042
0.1122470572590828 0.13595037162303925
0.11223046481609344 0.13610635697841644
0.11241442710161209 0.1659233719110489
0.11207910627126694 0.12932413816452026
0.1108313500881195 0.12378989160060883
0.1120242029428482 0.16591987013816833
0.11134297400712967 0.13547293841838837
0.11159909516572952 0.32378488779067993
0.11265841871500015 0.11331546306610107
0.1109272837638855 0.12241479754447937
0.11022234708070755 0.11765002459287643
0.11005569994449615 0.1594645231962204
0.10903195291757584 0.11544011533260345
0.10931477695703506 0.15349826216697693
0.10923969000577927 0.16400159895420074
0.1096162348985672 0.1461745947599411
0.1091170534491539 0.11198476701974869
0.10857987403869629 0.13361293077468872
0.10846178233623505 0.20085838437080383
0.10913478583097458 0.1112644299864769
0.10768545418977737 0.10750971734523773
0.10805533826351166 0.11108095943927765
0.10831163078546524 0.11159902811050415
0.1068354994058609 0.11050445586442947
0.10707969963550568 0.11348132789134979
0.1068495661020279 0.10852613300085068
0.10646698623895645 0.11483816057443619
0.1079799234867096 0.17845173180103302
0.10810593515634537 0.11023450642824173
0.10688745230436325 0.11333947628736496
0.10762230306863785 0.1163124293088913
0.10732197016477585 0.11727099865674973
0.10602977871894836 0.11761762201786041
0.10708040744066238 0.10593807697296143
0.10547686368227005 0.11183002591133118
0.1065264567732811 0.1353772133588791
0.10666988790035248 0.10702840238809586
0.10529965162277222 0.1261659562587738
0.10665994882583618 0.10730081051588058
0.10484696179628372 0.11517974734306335
0.10595908761024475 0.11324705183506012
0.10467787086963654 0.18314136564731598
0.10631367564201355 0.13195979595184326
0.10540179163217545 0.1397312879562378
0.10541349649429321 0.11227662116289139
0.10382349789142609 0.1262311041355133
0.10488806664943695 0.11403277516365051
0.10550607740879059 0.11140557378530502
0.10463201999664307 0.18678554892539978
0.10469568520784378 0.11182215064764023
0.10543686896562576 0.11507787555456161
0.10372495651245117 0.10771261900663376
0.10397621244192123 0.11799965053796768
0.10448765009641647 0.1406645029783249
0.10397790372371674 0.1132713034749031
0.1050279289484024 0.1129506528377533
0.10476324707269669 0.1307922750711441
0.10332910716533661 0.10661570727825165
0.10409577190876007 0.14679275453090668
0.10550591349601746 0.1378100961446762
0.10377760976552963 0.10773470252752304
0.10252045840024948 0.1237805113196373
0.10351651161909103 0.10485672950744629
0.1032838225364685 0.12784726917743683
0.10260704904794693 0.10451065748929977
0.10390070080757141 0.1261616051197052
0.10309485346078873 0.11038529872894287
0.1022309735417366 0.11339163780212402
0.10241206735372543 0.14731793105602264
0.10321430116891861 0.10738593339920044
0.1022229790687561 0.1142587810754776
0.10328732430934906 0.1128990650177002
0.10346890985965729 0.11560828983783722
0.10129299759864807 0.1155327558517456
0.10214332491159439 0.11035220324993134
0.10167605429887772 0.12575574219226837
0.10341966152191162 0.10389386117458344
0.10298383235931396 0.11646736413240433
0.10221400856971741 0.1028013750910759
0.10249393433332443 0.10600883513689041
0.10209536552429199 0.10844776779413223
0.10266724973917007 0.12927432358264923
0.10234534740447998 0.12507520616054535
0.1018228530883789 0.10120309889316559
0.10174717009067535 0.10971548408269882
0.10203391313552856 0.10523360222578049
0.10157661139965057 0.12213267385959625
0.1016961932182312 0.10544784367084503
0.10225638747215271 0.10727155953645706
0.10144522786140442 0.10920829325914383
0.10202458500862122 0.10688108950853348
0.10077150911092758 0.1107528805732727
0.1011103168129921 0.10765479505062103
0.10150828957557678 0.10810154676437378
0.10103307664394379 0.10844487696886063
0.10111237317323685 0.10324423015117645
0.10047745704650879 0.11144021898508072
0.1013895720243454 0.10995110124349594
0.10096425563097 0.10784341394901276
0.10271642357110977 0.11767774820327759
0.10020285844802856 0.108990877866745
0.10125957429409027 0.1135200560092926
0.1010124608874321 0.09982409328222275
0.10091100633144379 0.11672414839267731
0.09950795024633408 0.13458716869354248
0.1013922318816185 0.11962632089853287
0.10257787257432938 0.11035291105508804
0.09998578578233719 0.12680277228355408
0.10169913619756699 0.10884727537631989
0.0997060090303421 0.10065512359142303
0.10118754953145981 0.10643796622753143
0.10089986026287079 0.14725838601589203
0.1001851037144661 0.11671004444360733
0.09970501810312271 0.16823597252368927
0.10070900619029999 0.1069716289639473
0.0999467596411705 0.1075495183467865
0.10034258663654327 0.22468815743923187
0.10069318860769272 0.11382291465997696
0.09979847818613052 0.11554989963769913
0.10022366791963577 0.11887054890394211
0.10025802999734879 0.11718324571847916
0.09967806190252304 0.0988449901342392
0.09955507516860962 0.16790391504764557
0.10108490288257599 0.10866893827915192
0.09896945208311081 0.10923924297094345
0.09983279556035995 0.10499776154756546
0.10012692213058472 0.11640406399965286
