1.5017709732055664 1.5095314979553223
1.4808024168014526 1.5002520084381104
1.4776488542556763 1.4987446069717407
1.476952314376831 1.5318583250045776
1.476503610610962 1.5041760206222534
1.4757163524627686 1.4992297887802124
1.4752157926559448 1.4988399744033813
1.4752354621887207 1.4983370304107666
1.4749325513839722 1.508138656616211
1.4747443199157715 1.498335838317871
1.474474549293518 1.5006300210952759
1.4745370149612427 1.503156065940857
1.4747334718704224 1.5081303119659424
1.4742999076843262 1.5001894235610962
1.4744623899459839 1.5058188438415527
1.4743623733520508 1.498817801475525
1.4742381572723389 1.5044667720794678
1.473993182182312 1.4992200136184692
1.4739665985107422 1.4983623027801514
1.4742165803909302 1.5020956993103027
1.473994493484497 1.5047271251678467
1.473992943763733 1.5005395412445068
1.4741131067276 1.4985789060592651
1.4740947484970093 1.5135529041290283
1.473963737487793 1.5008296966552734
1.4739497900009155 1.5068475008010864
1.4737430810928345 1.500860333442688
1.4738320112228394 1.5055896043777466
1.4738080501556396 1.5048075914382935
1.4739229679107666 1.5071079730987549
1.4738820791244507 1.511085033416748
1.4737077951431274 1.5053799152374268
1.4736095666885376 1.506714940071106
1.4737318754196167 1.5015525817871094
1.473759651184082 1.5162099599838257
1.473692774772644 1.5049806833267212
1.4736729860305786 1.511934757232666
1.4736661911010742 1.5097347497940063
1.4736238718032837 1.508256196975708
1.4734880924224854 1.5068477392196655
1.4735865592956543 1.5068925619125366
1.473811149597168 1.5046403408050537
1.4734333753585815 1.505834937095642
1.4735337495803833 1.5117307901382446
1.4735819101333618 1.5039845705032349
1.4735313653945923 1.5044606924057007
1.473588228225708 1.5032081604003906
1.473366379737854 1.5057672262191772
1.473547101020813 1.504714012145996
1.4735370874404907 1.5050880908966064
1.4735541343688965 1.5033807754516602
1.4736882448196411 1.5057421922683716
1.4734041690826416 1.5016909837722778
1.4735422134399414 1.5019696950912476
1.473466157913208 1.5043777227401733
1.473650336265564 1.5156208276748657
1.4735713005065918 1.5046218633651733
1.4734032154083252 1.503423810005188
1.4736206531524658 1.504865050315857
1.473541021347046 1.5046520233154297
1.4734641313552856 1.5027955770492554
1.473447322845459 1.5075970888137817
1.4734455347061157 1.5036535263061523
1.473483681678772 1.5023573637008667
1.473511815071106 1.5049642324447632
1.4735757112503052 1.5027599334716797
1.4734675884246826 1.511490821838379
1.4733980894088745 1.5030168294906616
1.4735174179077148 1.501920223236084
1.4732977151870728 1.5018815994262695
1.4734489917755127 1.5035351514816284
1.4733773469924927 1.505384922027588
1.4734851121902466 1.501543402671814
1.4733259677886963 1.5029507875442505
1.4733811616897583 1.5050013065338135
1.473325490951538 1.5028960704803467
1.4734572172164917 1.5080143213272095
1.4731744527816772 1.5044759511947632
1.4734243154525757 1.5011292695999146
1.4732625484466553 1.5045080184936523
1.4732420444488525 1.5027505159378052
1.4733730554580688 1.5021507740020752
1.473223328590393 1.5031846761703491
1.4732890129089355 1.5035219192504883
1.4732147455215454 1.5055961608886719
1.4732658863067627 1.5031671524047852
1.473366379737854 1.5038563013076782
1.473350167274475 1.5045055150985718
1.4732561111450195 1.5058338642120361
1.4725391864776611 1.4525951147079468
1.3699201345443726 1.4508068561553955
1.35614013671875 1.3676843643188477
1.1840394735336304 1.0434179306030273
0.9681196808815002 0.9419372081756592
0.9012343883514404 1.0746031999588013
0.8256977200508118 0.7838886976242065
0.7790268063545227 0.749548077583313
0.7490871548652649 0.7711938619613647
0.7299462556838989 0.7959455251693726
0.7160388827323914 0.7031436562538147
0.7057894468307495 0.6883755326271057
0.695140540599823 0.6945457458496094
0.6857205629348755 0.678731381893158
0.6780093908309937 0.6742594242095947
0.6720657348632812 0.6738122701644897
0.6649096012115479 0.6588377952575684
0.6618854999542236 0.655500590801239
0.6563582420349121 0.6480153203010559
0.6547171473503113 0.6699047088623047
0.6484789252281189 0.6484763622283936
0.6424526572227478 0.645774245262146
0.6389864683151245 0.6297137141227722
0.6314576864242554 0.6371239423751831
0.6210445761680603 0.6064894199371338
0.6107651591300964 0.5975034832954407
0.5930359959602356 0.5782683491706848
0.5757794380187988 0.5490747690200806
0.551186203956604 0.5682364106178284
0.5295493602752686 0.5379320383071899
0.5022860765457153 0.5729007124900818
0.47857701778411865 0.4571042060852051
0.45501136779785156 0.6145313382148743
0.4380102753639221 0.43660056591033936
0.42336443066596985 0.4113505780696869
0.41715770959854126 0.4084157645702362
0.41002464294433594 0.4558112621307373
0.405978798866272 0.42108604311943054
0.39776667952537537 0.40985289216041565
0.39287614822387695 0.40251079201698303
0.3857724368572235 0.3811054825782776
0.38201719522476196 0.3815346360206604
0.37978479266166687 0.37895745038986206
0.37641388177871704 0.3776739537715912
0.37531179189682007 0.37876278162002563
0.3726067543029785 0.37106409668922424
0.3686528503894806 0.39405834674835205
0.36624670028686523 0.3579062521457672
0.3658488690853119 0.4063769578933716
0.36539795994758606 0.3504568040370941
0.3645755648612976 0.38768354058265686
0.360393226146698 0.37420594692230225
0.359701544046402 0.37543657422065735
0.3589138686656952 0.3501836657524109
0.3576977849006653 0.3565097749233246
0.3557669520378113 0.38173285126686096
0.35477906465530396 0.4023396968841553
0.3565952479839325 0.3633269965648651
0.35406842827796936 0.3616022765636444
0.35097387433052063 0.3720848858356476
0.3496827185153961 0.3403301239013672
0.3525165915489197 0.3438679873943329
0.348967045545578 0.3495122194290161
0.34932902455329895 0.36307427287101746
0.3477672040462494 0.359773188829422
0.3489539921283722 0.4001837968826294
0.3461826741695404 0.4713687300682068
0.34605810046195984 0.36693277955055237
0.34733089804649353 0.38090217113494873
0.3458910882472992 0.39938458800315857
0.34263598918914795 0.35175642371177673
0.3428651988506317 0.3462565839290619
0.344462513923645 0.37723156809806824
0.34116455912590027 0.32712477445602417
0.3423873484134674 0.36315998435020447
0.3433702886104584 0.3499677777290344
0.34019237756729126 0.37098076939582825
0.3377344310283661 0.3454549312591553
0.3394406735897064 0.3535148501396179
0.33705028891563416 0.3423420488834381
0.33723515272140503 0.32972508668899536
0.335874080657959 0.34191322326660156
0.33483558893203735 0.33270126581192017
0.33560898900032043 0.3693408966064453
0.3321113586425781 0.3899141252040863
0.3360631763935089 0.3414567708969116
0.33352169394493103 0.3251517415046692
0.332697331905365 0.32585084438323975
0.3312755823135376 0.3510230779647827
0.33126959204673767 0.3305909037590027
0.3309258818626404 0.4100765883922577
0.32976076006889343 0.32561978697776794
0.3296975791454315 0.3226211369037628
0.3308674097061157 0.33143407106399536
0.32935431599617004 0.33267444372177124
0.3279975652694702 0.3257332742214203
0.3282315731048584 0.3707123100757599
0.32969969511032104 0.32043808698654175
0.3265039026737213 0.34630152583122253
0.32726719975471497 0.48888516426086426
0.32593196630477905 0.31550589203834534
0.32791203260421753 0.337969571352005
0.32539358735084534 0.3333008587360382
0.3250603973865509 0.33422452211380005
0.32571256160736084 0.3206244111061096
0.3226628601551056 0.32319676876068115
0.32477426528930664 0.3138628304004669
0.32376885414123535 0.316974401473999
0.3233579993247986 0.31454703211784363
0.3217637240886688 0.31268373131752014
0.3235011398792267 0.31893157958984375
0.32327428460121155 0.3329463303089142
0.3225545287132263 0.31831949949264526
0.3193354904651642 0.3437337279319763
0.319548100233078 0.31896618008613586
0.3195834457874298 0.32141220569610596
0.31884217262268066 0.3166787028312683
0.31857162714004517 0.3065206706523895
0.31911617517471313 0.3173382878303528
0.31859681010246277 0.31211861968040466
0.3182303011417389 0.35333821177482605
0.3181524872779846 0.3186446726322174
0.3181218206882477 0.3212079703807831
0.3174220323562622 0.3328171968460083
0.3172541856765747 0.34527549147605896
0.3166297674179077 0.3176317512989044
0.3160385489463806 0.315682053565979
0.31522831320762634 0.3322950005531311
0.31469812989234924 0.3144077956676483
0.31653186678886414 0.31901130080223083
0.316244512796402 0.3309202492237091
0.3145243525505066 0.3462035655975342
0.31527018547058105 0.3089710772037506
0.31489482522010803 0.31145694851875305
0.3128783404827118 0.31414735317230225
0.3139352798461914 0.31757479906082153
0.3160823881626129 0.31671807169914246
0.3135044276714325 0.3108154833316803
0.31294745206832886 0.3119582533836365
0.31195035576820374 0.3103577494621277
0.312397301197052 0.30748283863067627
0.3129165768623352 0.3138338327407837
0.31220975518226624 0.3126765787601471
0.3114778995513916 0.35956650972366333
0.3110819458961487 0.3241673409938812
0.3112313449382782 0.3230871856212616
0.3125638961791992 0.3188209533691406
0.3092620074748993 0.30600476264953613
0.31008851528167725 0.3145442306995392
0.3085448443889618 0.3272114396095276
0.3096793591976166 0.3121165931224823
0.30905744433403015 0.3066946566104889
0.31023815274238586 0.3246084749698639
0.3081076741218567 0.31325796246528625
0.3076113164424896 0.30522751808166504
0.3090006411075592 0.30444398522377014
0.3083818554878235 0.3355036675930023
0.3069005608558655 0.3006919324398041
0.30890360474586487 0.31275227665901184
0.30926623940467834 0.32848474383354187
0.3067673146724701 0.3071652054786682
0.30770227313041687 0.32847461104393005
0.30750343203544617 0.30736619234085083
0.30655068159103394 0.3122014105319977
0.30717766284942627 0.3074844181537628
0.30702629685401917 0.33643972873687744
0.3076256513595581 0.30948829650878906
0.30840978026390076 0.30022627115249634
0.30953583121299744 0.3062196969985962
0.30524390935897827 0.3167605698108673
0.30632591247558594 0.3088562488555908
0.3063158690929413 0.3034152388572693
0.3061653673648834 0.30568262934684753
0.3053755760192871 0.31033802032470703
0.3060782551765442 0.32366943359375
0.30605804920196533 0.3032255470752716
0.3053862154483795 0.3334033489227295
0.305233359336853 0.3004196286201477
0.3048708736896515 0.31329724192619324
0.30605486035346985 0.32387107610702515
0.3029431104660034 0.30494973063468933
0.3038817048072815 0.31705084443092346
0.30381399393081665 0.3391600549221039
0.30184417963027954 0.3088471293449402
0.30471736192703247 0.33015918731689453
0.30362334847450256 0.30762895941734314
0.3038281202316284 0.2985471487045288
0.30363285541534424 0.32408276200294495
0.30372506380081177 0.301973819732666
0.3033186197280884 0.3190818428993225
0.3034272789955139 0.3166823983192444
0.3025168478488922 0.32001152634620667
0.30346935987472534 0.3040185570716858
0.30167311429977417 0.3039216101169586
0.3020574748516083 0.3353223502635956
0.30297935009002686 0.3199034035205841
0.3018035292625427 0.3078917860984802
0.30091723799705505 0.327767550945282
0.30092376470565796 0.3014236390590668
0.30273494124412537 0.330299437046051
0.3016180694103241 0.29996830224990845
0.3011975884437561 0.3143608272075653
0.3019932806491852 0.30378276109695435
0.3006890118122101 0.3050268590450287
0.3018554449081421 0.2998688220977783
0.299616277217865 0.3328315317630768
0.3009820282459259 0.3070827126502991
0.3018367886543274 0.2985723316669464
0.30166786909103394 0.3001963198184967
0.3011917173862457 0.3316798508167267
0.29931753873825073 0.3478817343711853
0.3007758855819702 0.31516504287719727
0.29999738931655884 0.2993449866771698
0.30014315247535706 0.3232164680957794
0.29942017793655396 0.3248823583126068
0.30017679929733276 0.3198542594909668
0.299343079328537 0.3285827338695526
0.3001570403575897 0.29939496517181396
0.2989575266838074 0.3827914595603943
0.29968520998954773 0.3018615245819092
0.29981130361557007 0.31133827567100525
0.29849305748939514 0.3090125322341919
0.29865026473999023 0.3055489659309387
0.29884102940559387 0.301021546125412
0.299877405166626 0.3019886910915375
0.2997443675994873 0.2992819845676422
0.2992709279060364 0.32872164249420166
0.29986241459846497 0.31370288133621216
0.29944613575935364 0.3031504452228546
0.2999478876590729 0.3004697859287262
0.29945001006126404 0.2985210716724396
0.2987825870513916 0.2975691258907318
0.29793551564216614 0.30416029691696167
0.29962754249572754 0.3204670548439026
0.2982397973537445 0.3205726444721222
0.2974452078342438 0.2998543381690979
0.2979089021682739 0.3000966012477875
0.29869192838668823 0.32953593134880066
0.298869788646698 0.3143332600593567
0.29805606603622437 0.30721378326416016
0.2974260151386261 0.3110564351081848
0.2961057424545288 0.31668907403945923
0.2982413172721863 0.2996078133583069
0.297864705324173 0.3203730881214142
0.29582735896110535 0.30276793241500854
0.29696568846702576 0.3077948987483978
0.2981337010860443 0.3024210035800934
0.2964036166667938 0.3700205385684967
0.29547733068466187 0.31474485993385315
0.29667237401008606 0.29674839973449707
0.2952796518802643 0.293429970741272
0.2950352132320404 0.2954360842704773
0.29631876945495605 0.3025118410587311
0.29609215259552 0.30847546458244324
0.29709920287132263 0.3174741864204407
0.2957061529159546 0.30692070722579956
0.2955799996852875 0.3093504011631012
0.29554975032806396 0.29672959446907043
0.2953018844127655 0.29781970381736755
0.2947932779788971 0.35410621762275696
0.2946009337902069 0.2984474003314972
0.29545822739601135 0.30908071994781494
0.2955458462238312 0.2975880801677704
0.29556557536125183 0.3097313642501831
0.296181321144104 0.2981656491756439
0.29467320442199707 0.29948514699935913
0.29426905512809753 0.3016568422317505
0.29490581154823303 0.2979922592639923
0.2948203682899475 0.297995388507843
0.2951980233192444 0.2967219948768616
0.29377374053001404 0.2973731458187103
0.29506513476371765 0.30053722858428955
0.2951875925064087 0.2969707250595093
0.2949505150318146 0.2989533245563507
0.2967028319835663 0.3284257650375366
0.29495248198509216 0.3100329339504242
0.29449009895324707 0.36305081844329834
0.29574882984161377 0.3172134459018707
0.2935792803764343 0.2985790967941284
0.29379668831825256 0.29084089398384094
0.29490283131599426 0.29534992575645447
0.29328086972236633 0.2930569648742676
0.29384586215019226 0.30685415863990784
0.2938285171985626 0.29457157850265503
0.2931601405143738 0.3046601116657257
0.29292336106300354 0.3050045669078827
0.29335707426071167 0.3004906177520752
0.29251396656036377 0.30069977045059204
0.2926979064941406 0.3098553717136383
0.2932127118110657 0.3028329014778137
0.29328420758247375 0.30865663290023804
0.29333600401878357 0.29878154397010803
0.29235535860061646 0.34559327363967896
0.29220345616340637 0.2942352294921875
0.29197797179222107 0.3048339784145355
0.2912841737270355 0.29392898082733154
0.2923809289932251 0.30541080236434937
0.2927195429801941 0.3007490038871765
0.2919502258300781 0.306836873292923
0.29147085547447205 0.2919316589832306
0.29314830899238586 0.31567302346229553
0.291745662689209 0.30062493681907654
0.2910737693309784 0.2970676124095917
0.29174962639808655 0.31019487977027893
0.2917216718196869 0.30004942417144775
0.29081061482429504 0.30051058530807495
0.291991263628006 0.29682472348213196
0.29237252473831177 0.31398332118988037
0.291747123003006 0.29417023062705994
0.29262182116508484 0.29925093054771423
0.2926090955734253 0.29225248098373413
0.29270467162132263 0.2922799289226532
0.29098963737487793 0.3111339807510376
0.291619211435318 0.3069612383842468
0.2915939688682556 0.2977469265460968
0.2908993363380432 0.2994531989097595
0.29085010290145874 0.3025473654270172
0.2907613217830658 0.314811110496521
0.29082798957824707 0.3027282655239105
0.2907380163669586 0.2981376349925995
0.29078012704849243 0.32899370789527893
0.2917903661727905 0.3574076294898987
0.2896580994129181 0.2936640679836273
0.2905043065547943 0.3004228472709656
0.2896631956100464 0.29713812470436096
0.289949893951416 0.2978075444698334
0.290835976600647 0.29868850111961365
0.2901730239391327 0.31925034523010254
0.29003825783729553 0.2911686897277832
0.29031291604042053 0.3011273741722107
0.2895573079586029 0.2986472547054291
0.2897045910358429 0.3024783134460449
0.2906533181667328 0.2964865267276764
0.29019445180892944 0.31319597363471985
0.2898313105106354 0.3135620057582855
0.2895861268043518 0.29593050479888916
0.2896415889263153 0.3079414665699005
0.28982385993003845 0.3108375072479248
0.2898592948913574 0.3198300004005432
0.28996333479881287 0.31959471106529236
0.28925952315330505 0.3067234456539154
0.28931960463523865 0.2964767813682556
0.2903425693511963 0.2930696904659271
0.2892194986343384 0.3019416332244873
0.28988227248191833 0.29621750116348267
0.28938037157058716 0.2952011227607727
0.2899527847766876 0.29376813769340515
0.2901642322540283 0.3753349781036377
0.2894013226032257 0.29209983348846436
0.28933054208755493 0.3108782470226288
0.2890317142009735 0.3162870705127716
0.2897282540798187 0.30335861444473267
0.2881733775138855 0.31469857692718506
0.2878250479698181 0.3071991801261902
0.2890614867210388 0.3132913410663605
0.2880312204360962 0.30516013503074646
0.2888988256454468 0.2943419814109802
0.28787973523139954 0.29070332646369934
0.28840458393096924 0.29196396470069885
0.2883070409297943 0.2962194085121155
0.28702279925346375 0.2983713150024414
0.2877403199672699 0.2932314872741699
0.28788644075393677 0.29653221368789673
0.2886076271533966 0.29573115706443787
0.28748586773872375 0.30978846549987793
0.2874721884727478 0.2947990298271179
0.287281334400177 0.2947372794151306
0.2876189947128296 0.29266974329948425
0.2875244915485382 0.2960829734802246
0.28863051533699036 0.2991543114185333
0.28781577944755554 0.2997928261756897
0.28887230157852173 0.321795254945755
0.2875615954399109 0.3023085594177246
0.287161648273468 0.2927175462245941
0.28763869404792786 0.31475937366485596
0.2888389825820923 0.29489070177078247
0.28766340017318726 0.28957322239875793
0.2876848876476288 0.31386232376098633
0.2870224714279175 0.2952199876308441
0.28696566820144653 0.3263678252696991
0.288107693195343 0.29333797097206116
0.2876122295856476 0.36581382155418396
0.28726521134376526 0.2942945659160614
0.28632423281669617 0.29123756289482117
0.28665879368782043 0.319326251745224
0.2865426540374756 0.29430273175239563
0.28583014011383057 0.3050089180469513
0.28640496730804443 0.3081253468990326
0.2868674397468567 0.2944861948490143
0.2862846553325653 0.2874751389026642
0.285920113325119 0.3001282215118408
0.2860551178455353 0.2878648340702057
0.28560197353363037 0.29363173246383667
0.28609946370124817 0.2967727780342102
0.28614431619644165 0.2970115542411804
0.28656166791915894 0.2975887656211853
0.2855653166770935 0.30009108781814575
0.2853509485721588 0.2916967272758484
0.2856535017490387 0.2956649661064148
0.28596311807632446 0.29676157236099243
0.2862793207168579 0.2901584506034851
0.2861684560775757 0.28749436140060425
0.28582045435905457 0.3006003201007843
0.2854574918746948 0.2974000871181488
0.2861325144767761 0.29168668389320374
0.2855081558227539 0.32057687640190125
0.28623059391975403 0.2892524003982544
0.28624293208122253 0.2891230881214142
0.28650909662246704 0.29420316219329834
0.28542348742485046 0.28889980912208557
0.2855352461338043 0.2886870503425598
0.285460501909256 0.29764264822006226
0.2854509651660919 0.30324786901474
0.286496639251709 0.29588553309440613
0.28559884428977966 0.29333770275115967
0.28633546829223633 0.28851571679115295
0.2846335768699646 0.29157477617263794
0.2841804623603821 0.29865169525146484
0.2829795479774475 0.29199886322021484
0.28452324867248535 0.2985617220401764
0.2927433252334595 0.29335105419158936
0.28606632351875305 0.2975088059902191
0.2845054864883423 0.29447314143180847
0.2849292457103729 0.2969491481781006
0.2841053903102875 0.29863640666007996
0.2848703861236572 0.3098607063293457
0.28443554043769836 0.31471309065818787
0.2855505645275116 0.2907230257987976
0.28442636132240295 0.3052333891391754
0.28408083319664 0.30578529834747314
0.2845352590084076 0.2930019199848175
0.284776896238327 0.29437005519866943
0.284297913312912 0.2913612723350525
0.2845296561717987 0.2981497049331665
0.28431087732315063 0.3153257369995117
0.28383755683898926 0.29247066378593445
0.2841078042984009 0.2897894084453583
0.2842949628829956 0.29681292176246643
0.28400918841362 0.31879013776779175
0.28477856516838074 0.29597043991088867
0.2841818630695343 0.30564194917678833
0.28478437662124634 0.2945428192615509
0.2854626774787903 0.3046019971370697
0.2843257486820221 0.29812830686569214
0.2834034860134125 0.2891210913658142
0.28388163447380066 0.2934874892234802
0.2846602499485016 0.31442663073539734
0.28328394889831543 0.3160622715950012
0.2847403287887573 0.29097291827201843
0.2837509214878082 0.2922069728374481
0.28322547674179077 0.31511303782463074
0.28410470485687256 0.2927319407463074
0.28361666202545166 0.30052855610847473
0.2834656834602356 0.3038956820964813
0.2834082841873169 0.30432313680648804
0.28286460041999817 0.28800496459007263
0.2827596962451935 0.2913742959499359
0.28343579173088074 0.2900806963443756
0.28214073181152344 0.29767289757728577
0.28252851963043213 0.29219475388526917
0.28298914432525635 0.2948545813560486
0.2836405038833618 0.30022844672203064
0.2829456329345703 0.3041430711746216
0.2824009656906128 0.3115355670452118
0.2834221422672272 0.2884780764579773
0.28251007199287415 0.2963463068008423
0.28389978408813477 0.28827574849128723
0.2826564311981201 0.3033383786678314
0.28307488560676575 0.28903132677078247
0.28287556767463684 0.29363566637039185
0.28268131613731384 0.31056249141693115
0.2832435965538025 0.2914294898509979
0.28261974453926086 0.2904781401157379
0.28275978565216064 0.29095301032066345
0.282915323972702 0.32147306203842163
0.28300952911376953 0.28962835669517517
0.2814125120639801 0.30188465118408203
0.28188619017601013 0.2890017032623291
0.2826678156852722 0.28810685873031616
0.2822965383529663 0.2922900915145874
0.2823373079299927 0.2986571192741394
0.28265923261642456 0.28836435079574585
0.28294989466667175 0.29185014963150024
0.2812442183494568 0.29112493991851807
0.28172340989112854 0.3140064477920532
0.2818838357925415 0.2953624129295349
0.2810775637626648 0.28630518913269043
0.283032089471817 0.28815826773643494
0.2817952632904053 0.3029206097126007
0.28128939867019653 0.29800599813461304
0.28214365243911743 0.29761889576911926
0.28153738379478455 0.30381256341934204
0.28209757804870605 0.28722864389419556
0.2815362215042114 0.2970089912414551
0.2822633385658264 0.2905977666378021
0.28171899914741516 0.31489288806915283
0.28157925605773926 0.28774294257164
0.28119078278541565 0.2995036542415619
0.2813240885734558 0.2907879054546356
0.2814742624759674 0.29283231496810913
0.28111863136291504 0.3006252348423004
0.28153643012046814 0.28875723481178284
0.28105613589286804 0.2912142276763916
0.28141942620277405 0.2969152629375458
0.28164273500442505 0.2930345833301544
0.2818858027458191 0.2986794412136078
0.2813998758792877 0.31018444895744324
0.282074898481369 0.29136160016059875
0.2813095152378082 0.2969653606414795
0.2816077768802643 0.28977319598197937
0.2824430465698242 0.2881706953048706
0.28158456087112427 0.29954904317855835
0.2806960642337799 0.29249072074890137
0.28175345063209534 0.29078182578086853
0.28151842951774597 0.2903375029563904
0.2807758152484894 0.288184255361557
0.2806850075721741 0.2986341714859009
0.2805553078651428 0.29003849625587463
0.2804979681968689 0.2876184284687042
0.28112170100212097 0.30523887276649475
0.2808966636657715 0.29752835631370544
0.28001436591148376 0.2964448928833008
0.2804453670978546 0.2893567383289337
0.2805355489253998 0.290098637342453
0.28044575452804565 0.31503236293792725
0.28011253476142883 0.29289165139198303
0.2805299460887909 0.2905822992324829
0.2803409695625305 0.29539334774017334
0.280203253030777 0.2939557433128357
0.28057563304901123 0.30306488275527954
0.27994129061698914 0.295600563287735
0.2802049517631531 0.2935042977333069
0.28014686703681946 0.29580897092819214
0.27978235483169556 0.2859434187412262
0.2802231013774872 0.29246261715888977
0.2798735201358795 0.29604437947273254
0.2802489399909973 0.29289838671684265
0.2796693742275238 0.30872732400894165
0.2800791561603546 0.3176809251308441
0.2794983983039856 0.3073955178260803
0.2792743742465973 0.29065969586372375
0.28015291690826416 0.2914345860481262
0.2798386216163635 0.2914169430732727
0.279936283826828 0.2954597473144531
0.2798566222190857 0.29419946670532227
0.2801801264286041 0.2966104745864868
0.27943840622901917 0.2941904067993164
0.286469966173172 0.2852751314640045
0.28046053647994995 0.29039865732192993
0.28034892678260803 0.2921767830848694
0.2790944278240204 0.2874784767627716
0.2799660563468933 0.2934332489967346
0.27977898716926575 0.29669344425201416
0.27991095185279846 0.2883701026439667
0.27932676672935486 0.3040566146373749
0.2790538966655731 0.309639036655426
0.2787652313709259 0.28778406977653503
0.27910739183425903 0.2862449884414673
0.2795073390007019 0.289535254240036
0.2790275812149048 0.30684468150138855
0.27897533774375916 0.2966967821121216
0.2786351144313812 0.2900594472885132
0.2793506681919098 0.2875843942165375
0.27866923809051514 0.28766733407974243
0.2782950699329376 0.3020919859409332
0.2815017104148865 0.2897859215736389
0.2789088189601898 0.30631789565086365
0.2794248163700104 0.29176294803619385
0.2784718871116638 0.2889171540737152
0.27920737862586975 0.34548258781433105
0.2783261835575104 0.2947733700275421
0.2788337469100952 0.28961679339408875
0.2785482704639435 0.28623124957084656
0.2789571285247803 0.28698399662971497
0.2784416079521179 0.29608991742134094
0.2785319685935974 0.30222317576408386
0.2790275812149048 0.2924896478652954
0.2791438400745392 0.29060229659080505
0.2794475853443146 0.3001534938812256
0.27897822856903076 0.2959885895252228
0.2789384424686432 0.2898940145969391
0.27861180901527405 0.28950026631355286
0.2787086069583893 0.29159221053123474
0.2785853445529938 0.29004380106925964
0.2789207696914673 0.2879562973976135
0.27736401557922363 0.29860979318618774
0.278414785861969 0.2892802953720093
0.2788276970386505 0.29119521379470825
0.27768486738204956 0.2951928675174713
0.27878159284591675 0.2870565354824066
0.2773800194263458 0.28956279158592224
0.277258962392807 0.3199763596057892
0.27870404720306396 0.2870939075946808
0.2777547836303711 0.29029327630996704
0.2777249813079834 0.2878659665584564
0.27840009331703186 0.28724056482315063
0.27777722477912903 0.29049938917160034
0.27872809767723083 0.28960978984832764
0.27876442670822144 0.29623356461524963
0.2777329981327057 0.29209238290786743
0.2779694199562073 0.2981032431125641
0.27799662947654724 0.28628504276275635
0.2771316170692444 0.2958144247531891
0.27787670493125916 0.31834274530410767
0.2784007489681244 0.3028426170349121
0.2785945236682892 0.2871268391609192
0.2781854569911957 0.29104191064834595
0.278554230928421 0.3103140890598297
0.27799564599990845 0.3043496012687683
0.2774413824081421 0.29125887155532837
0.2779577970504761 0.30022966861724854
0.2776276171207428 0.3141326308250427
0.27829232811927795 0.2887462377548218
0.2778266370296478 0.29020586609840393
0.2769518494606018 0.31535542011260986
0.2781885266304016 0.2842039465904236
0.2782529890537262 0.2892249524593353
0.27762672305107117 0.29943186044692993
0.2776094377040863 0.302333801984787
0.2762823700904846 0.2901545763015747
0.27730536460876465 0.3004867732524872
0.27719423174858093 0.291841983795166
0.2770337760448456 0.2992340624332428
0.27725762128829956 0.2957725524902344
0.2771458029747009 0.3036298155784607
0.27724558115005493 0.2860757112503052
0.27734872698783875 0.3141231834888458
0.2907952666282654 0.3073577880859375
0.2767353057861328 0.29215729236602783
0.2763892710208893 0.2871778607368469
0.27631238102912903 0.2899412512779236
0.27732494473457336 0.2923184633255005
0.27673858404159546 0.2934624254703522
0.2766464650630951 0.28665298223495483
0.27684032917022705 0.29989945888519287
0.2774430811405182 0.29184290766716003
0.2758198380470276 0.2948625683784485
0.27647286653518677 0.3087172210216522
0.2773630917072296 0.29001566767692566
0.27741801738739014 0.30130863189697266
0.2770088016986847 0.2952047884464264
0.27802661061286926 0.29154136776924133
0.27657514810562134 0.2862935960292816
0.27779263257980347 0.2905482351779938
0.27696362137794495 0.2877594232559204
0.2771092653274536 0.2931537330150604
0.27671247720718384 0.2872484624385834
0.2768797278404236 0.3036591410636902
0.28533992171287537 0.2857586741447449
0.2781347632408142 0.30477240681648254
0.2769470512866974 0.28839075565338135
0.2767311632633209 0.2908335030078888
0.27659735083580017 0.28846657276153564
0.27673032879829407 0.28663232922554016
0.2764095366001129 0.28658929467201233
0.27578234672546387 0.29125088453292847
0.276153028011322 0.3047657012939453
0.27569979429244995 0.2934485673904419
0.2762010991573334 0.28752949833869934
0.27600446343421936 0.30220547318458557
0.27622854709625244 0.2899765074253082
0.27630141377449036 0.2854847311973572
0.27537810802459717 0.2929621934890747
0.27592235803604126 0.287799209356308
0.2763347625732422 0.2873263955116272
0.27565598487854004 0.2933545708656311
0.27630871534347534 0.2886141240596771
0.2754942774772644 0.2873341143131256
0.2753881514072418 0.29781875014305115
0.2766294777393341 0.28839659690856934
0.2754707336425781 0.2869684100151062
0.27574414014816284 0.3210429251194
0.27562469244003296 0.3136766850948334
0.27568116784095764 0.30588364601135254
0.27551543712615967 0.2979552149772644
0.2756147086620331 0.28722354769706726
0.27587077021598816 0.29815390706062317
0.27489086985588074 0.2891852855682373
0.2754131257534027 0.2873647212982178
0.27604609727859497 0.292537659406662
0.2756568193435669 0.2870837152004242
0.27558189630508423 0.30641165375709534
0.27527281641960144 0.2911786735057831
0.27553287148475647 0.2883559763431549
0.2757543921470642 0.2885894775390625
0.27485907077789307 0.2973429560661316
0.27514564990997314 0.29042869806289673
0.2744373679161072 0.28792110085487366
0.27486658096313477 0.28880003094673157
0.2748037278652191 0.28576064109802246
0.27526170015335083 0.29274794459342957
0.27534207701683044 0.29038330912590027
0.2749216556549072 0.291649729013443
0.2750035524368286 0.2903375029563904
0.2759093940258026 0.3190036118030548
0.2758713662624359 0.28693461418151855
0.2749861776828766 0.3030155599117279
0.2745918929576874 0.2936277389526367
0.27678564190864563 0.2951190173625946
0.2753819525241852 0.29157349467277527
0.27473634481430054 0.28725460171699524
0.27425363659858704 0.2862183451652527
0.2752918303012848 0.28498032689094543
0.2746531367301941 0.29184240102767944
0.2754325270652771 0.30198466777801514
0.2750520706176758 0.28799307346343994
0.2749567925930023 0.2962508499622345
0.27465856075286865 0.2891954183578491
0.27614861726760864 0.2916807532310486
0.274138867855072 0.2889057993888855
0.2745290994644165 0.2970207631587982
