1.2730519771575928 0.8796268701553345
0.8233535885810852 0.7923775315284729
0.7433778047561646 0.8087651133537292
0.7027194499969482 0.6925554871559143
0.6783141493797302 0.6367393732070923
0.6372995376586914 0.7080715298652649
0.5998669862747192 0.5612396597862244
0.5667461156845093 0.5814518332481384
0.5482831597328186 0.5064378976821899
0.5257698893547058 0.5069469213485718
0.5071571469306946 0.48518070578575134
0.49550771713256836 0.4732051491737366
0.48306670784950256 0.5173702239990234
0.4755159318447113 0.5396198630332947
0.4746277928352356 0.4532544016838074
0.46477192640304565 0.4955200254917145
0.45901498198509216 0.44613969326019287
0.45854347944259644 0.5309501886367798
0.45042723417282104 0.5194651484489441
0.44811272621154785 0.4306316673755646
0.44408077001571655 0.4295491576194763
0.44203317165374756 0.4551093578338623
0.43966448307037354 0.42136895656585693
0.4413233697414398 0.4343908131122589
0.4343065023422241 0.5782839059829712
0.43299439549446106 0.5177747011184692
0.4316926896572113 0.4367794692516327
0.4290858507156372 0.4011748731136322
0.42327407002449036 0.4725934863090515
0.4215508997440338 0.4053111970424652
0.41979357600212097 0.43689483404159546
0.41876521706581116 0.4688880443572998
0.4182862639427185 0.4394068419933319
0.4145946204662323 0.4081137478351593
0.417731374502182 0.40024861693382263
0.4127449691295624 0.415958434343338
0.41259053349494934 0.41232311725616455
0.41076889634132385 0.39111095666885376
0.4091362953186035 0.38967233896255493
0.4049586057662964 0.4037177562713623
0.4055687487125397 0.38494619727134705
0.4041721224784851 0.45410650968551636
0.4024087190628052 0.39266929030418396
0.4009552597999573 0.3972422480583191
0.40159672498703003 0.40036699175834656
0.40178683400154114 0.39727866649627686
0.39590558409690857 0.39389359951019287
0.3985499143600464 0.3758015036582947
0.3989790976047516 0.38783904910087585
0.39451518654823303 0.4330647885799408
0.3945631980895996 0.4859771728515625
0.39459532499313354 0.4044759273529053
0.3923354744911194 0.3836624324321747
0.3907637596130371 0.4513935148715973
0.3879956007003784 0.3907215893268585
0.3910847306251526 0.4637588858604431
0.38678184151649475 0.4854346513748169
0.3851488530635834 0.39339083433151245
0.3859070837497711 0.3937608003616333
0.3839746117591858 0.38011711835861206
0.3840038478374481 0.36804187297821045
0.3796311914920807 0.4124242961406708
0.3832176625728607 0.3644045293331146
0.3810550272464752 0.3842219412326813
0.38228005170822144 0.3757304847240448
0.37853240966796875 0.38321295380592346
0.3799239695072174 0.37025532126426697
0.3747131824493408 0.36018985509872437
0.3751791715621948 0.36984607577323914
0.37781548500061035 0.4167821407318115
0.37730246782302856 0.3624327778816223
0.3752504289150238 0.3617078363895416
0.3721980154514313 0.36152559518814087
0.37127089500427246 0.39594319462776184
0.371533066034317 0.3667958676815033
0.37095025181770325 0.36044764518737793
0.37197795510292053 0.3573611080646515
0.3674566149711609 0.37564530968666077
0.3649848401546478 0.36368417739868164
0.36463409662246704 0.38761094212532043
0.3637602925300598 0.356903076171875
0.360395222902298 0.3520388901233673
0.3624939024448395 0.3874509632587433
0.3588980436325073 0.3841712772846222
0.36084187030792236 0.3692845404148102
0.3584207594394684 0.363321989774704
0.3573194146156311 0.34760069847106934
0.3556984066963196 0.3552250862121582
0.35572537779808044 0.3967183530330658
0.35498589277267456 0.3684203028678894
0.3551912009716034 0.3487017750740051
0.3553919792175293 0.35401904582977295
0.3518989384174347 0.3851214647293091
0.35125529766082764 0.3409304618835449
0.3494283854961395 0.3540940582752228
0.3475702702999115 0.33651450276374817
0.3477356433868408 0.34903594851493835
0.3456850051879883 0.3368384838104248
0.3473683297634125 0.3379341959953308
0.3444514274597168 0.3891754746437073
0.3438006043434143 0.33674541115760803
0.3433522582054138 0.34392786026000977
0.34297412633895874 0.3705553114414215
0.343466192483902 0.3836933970451355
0.34095051884651184 0.33009105920791626
0.3416491150856018 0.3511679470539093
0.34121161699295044 0.3548378050327301
0.33795037865638733 0.33505547046661377
0.3355574607849121 0.3456898033618927
0.33882758021354675 0.33392974734306335
0.33683478832244873 0.3971635103225708
0.33503854274749756 0.3241003155708313
0.3353964388370514 0.36238348484039307
0.3346465826034546 0.3664017915725708
0.3329819142818451 0.3234912157058716
0.3323608934879303 0.3345724046230316
0.3317467272281647 0.36384379863739014
0.3333317041397095 0.3274678885936737
0.3309203088283539 0.33018478751182556
0.3322114646434784 0.32196709513664246
0.33010435104370117 0.3595093786716461
0.33027929067611694 0.33060595393180847
0.3287937343120575 0.3195311725139618
0.3283125162124634 0.33898261189460754
0.3270547091960907 0.3296012282371521
0.3267733156681061 0.346407949924469
0.3252217471599579 0.3297594487667084
0.32780247926712036 0.3229463994503021
0.3262498676776886 0.3958772122859955
0.3280092477798462 0.3442348837852478
0.3247365951538086 0.3239251971244812
0.325987309217453 0.3305816352367401
0.32415059208869934 0.3341173827648163
0.32354968786239624 0.32881373167037964
0.32364362478256226 0.31411176919937134
0.32395169138908386 0.34495070576667786
0.323620080947876 0.31473925709724426
0.32355985045433044 0.3278070390224457
0.3231196403503418 0.3229597210884094
0.3224346339702606 0.3268650472164154
0.32242444157600403 0.32483693957328796
0.3219693601131439 0.32892465591430664
0.3223458230495453 0.3379226624965668
0.3195246756076813 0.3546008765697479
0.3207581341266632 0.35821533203125
0.3190886378288269 0.32187530398368835
0.31980541348457336 0.3362176716327667
0.3202001750469208 0.3607855439186096
0.319755494594574 0.34332481026649475
0.3197695314884186 0.31141600012779236
0.3195509910583496 0.34636950492858887
0.31791821122169495 0.3368804156780243
0.316753089427948 0.31635627150535583
0.317411869764328 0.3285098075866699
0.3199200928211212 0.35184991359710693
0.31648528575897217 0.3260132968425751
0.31677669286727905 0.3162723183631897
0.31673577427864075 0.328989714384079
0.316850483417511 0.33517009019851685
0.31896448135375977 0.33072617650032043
0.3179968297481537 0.3187861442565918
0.31624162197113037 0.3190767467021942
0.31773364543914795 0.3347542881965637
0.31533318758010864 0.3089340925216675
0.31465351581573486 0.3296785056591034
0.3140280246734619 0.3166935443878174
0.31580203771591187 0.3183836340904236
0.3155290484428406 0.31719812750816345
0.314875990152359 0.3209151327610016
0.31388595700263977 0.3145909309387207
0.31373539566993713 0.319715678691864
0.3132532835006714 0.3162311911582947
0.31340426206588745 0.31616735458374023
0.312754362821579 0.3191850781440735
0.31264951825141907 0.3225131034851074
0.3136639893054962 0.3196912705898285
0.31099462509155273 0.3251967430114746
0.31289228796958923 0.308413028717041
0.31164026260375977 0.31403613090515137
0.312637597322464 0.32297295331954956
0.31233641505241394 0.3086633086204529
0.31118500232696533 0.3183777630329132
0.31056132912635803 0.33162716031074524
0.31115469336509705 0.3134647309780121
0.31149446964263916 0.3114907443523407
0.30867910385131836 0.31770727038383484
0.31143462657928467 0.3245161771774292
0.31065377593040466 0.30923470854759216
0.309927761554718 0.33290672302246094
0.3099099099636078 0.3096851408481598
0.3088625371456146 0.3078993856906891
0.3098437488079071 0.3134820759296417
0.3080015480518341 0.31110092997550964
0.3090970814228058 0.30574271082878113
0.3104895353317261 0.31305816769599915
0.30928561091423035 0.33360376954078674
0.3083926737308502 0.3111843466758728
0.3092587888240814 0.32644128799438477
0.3079344928264618 0.3235267102718353
0.30748045444488525 0.314726322889328
0.3096461892127991 0.3092741072177887
0.3075233995914459 0.3146565556526184
0.30801671743392944 0.3132511377334595
0.3069801926612854 0.3274654746055603
0.30832573771476746 0.31732726097106934
0.30608004331588745 0.32265663146972656
0.3075370490550995 0.3042955994606018
0.307132750749588 0.33429914712905884
0.30668842792510986 0.3200152516365051
0.3073423504829407 0.313190758228302
0.3072296679019928 0.3041479289531708
0.3056699335575104 0.308989018201828
0.30728721618652344 0.30976009368896484
0.30528753995895386 0.3081665635108948
0.3057401478290558 0.30933836102485657
0.30561563372612 0.308998167514801
0.30506080389022827 0.3052089810371399
0.3057332932949066 0.3275507986545563
0.3054724931716919 0.32619205117225647
0.30625656247138977 0.33235007524490356
0.3050263524055481 0.3046019673347473
0.30612713098526 0.3129828870296478
0.30642399191856384 0.3454052805900574
0.30521684885025024 0.3636997640132904
0.3042055070400238 0.3402581810951233
0.304033488035202 0.3085014820098877
0.30439871549606323 0.3160676658153534
0.3033488988876343 0.311616986989975
0.30352938175201416 0.36246103048324585
0.30330726504325867 0.30215245485305786
0.302924245595932 0.31681323051452637
0.3044765889644623 0.30509427189826965
0.30259162187576294 0.32197895646095276
0.3029991090297699 0.3157563805580139
0.30299532413482666 0.3667779564857483
0.30501049757003784 0.332438588142395
0.3031509816646576 0.31865084171295166
0.3018953502178192 0.32078617811203003
0.3026098310947418 0.3207906484603882
0.30230337381362915 0.3011021018028259
0.30185163021087646 0.3259137272834778
0.3018968105316162 0.3475511372089386
0.30128735303878784 0.3037806749343872
0.30080646276474 0.31961870193481445
0.3010968267917633 0.30317744612693787
0.30113232135772705 0.3018631339073181
0.30124473571777344 0.314840704202652
0.3019542098045349 0.30840355157852173
0.3018355071544647 0.306204617023468
0.3028712868690491 0.31457823514938354
0.3000510632991791 0.32587242126464844
0.3009120523929596 0.3121049404144287
0.3004426658153534 0.29982781410217285
0.29980704188346863 0.30141955614089966
0.30081114172935486 0.3142687678337097
0.2989911437034607 0.33965304493904114
0.29939812421798706 0.30384451150894165
0.2989095449447632 0.36115366220474243
0.30157557129859924 0.3068819046020508
0.2986793518066406 0.31898918747901917
0.2992575466632843 0.3153536915779114
0.29855087399482727 0.30135396122932434
0.2993163466453552 0.30628958344459534
0.29993727803230286 0.30766892433166504
0.30019184947013855 0.30791306495666504
0.29835525155067444 0.29978299140930176
0.29843974113464355 0.2973925769329071
0.296785444021225 0.32358822226524353
0.2981862425804138 0.2975488305091858
0.2968473732471466 0.3019615709781647
0.29765450954437256 0.35347622632980347
0.2994055449962616 0.3188154101371765
0.29723823070526123 0.297130823135376
0.2987228035926819 0.3155452609062195
0.29868486523628235 0.30456268787384033
0.29831263422966003 0.3215557336807251
0.29776859283447266 0.29890546202659607
0.2964576780796051 0.3037063181400299
0.29651156067848206 0.3353464603424072
0.295928418636322 0.30257099866867065
0.2970947027206421 0.29441508650779724
0.29754123091697693 0.3159675896167755
0.2967856824398041 0.34588831663131714
0.2972656786441803 0.3061136305332184
0.2978281080722809 0.2994544506072998
0.2967875003814697 0.3088807761669159
0.29579150676727295 0.310356080532074
0.2959557771682739 0.29569172859191895
0.29558491706848145 0.31833600997924805
0.2957238554954529 0.3006931245326996
0.2958521246910095 0.3066354990005493
0.29658177495002747 0.31189435720443726
0.29655036330223083 0.30948400497436523
0.297214150428772 0.30532148480415344
0.2955108880996704 0.29716968536376953
0.2947843074798584 0.2990184724330902
0.29515689611434937 0.311819463968277
0.2946518063545227 0.29733967781066895
0.29567623138427734 0.30184826254844666
0.2939276695251465 0.347106009721756
0.2959309220314026 0.3821026682853699
0.2972561717033386 0.30204981565475464
0.2952209413051605 0.29969149827957153
0.29593178629875183 0.32713985443115234
0.29528212547302246 0.38974735140800476
0.29594850540161133 0.3032088875770569
0.29423609375953674 0.3365999758243561
0.29489433765411377 0.34354153275489807
0.29440605640411377 0.30597159266471863
0.29505714774131775 0.29579994082450867
0.2939402163028717 0.370495468378067
0.2954898476600647 0.30071038007736206
0.29424527287483215 0.30435261130332947
0.2953566908836365 0.30426025390625
0.2941220700740814 0.3208498954772949
0.29284751415252686 0.30989494919776917
0.294039249420166 0.3045787513256073
0.29431310296058655 0.321047842502594
0.29355940222740173 0.3500668704509735
0.29396116733551025 0.2983095347881317
0.29277753829956055 0.31659045815467834
0.2922847867012024 0.31611597537994385
0.29389819502830505 0.3066938817501068
0.2935912311077118 0.30579209327697754
0.2941836416721344 0.3377951979637146
0.29370492696762085 0.31187430024147034
0.2931351065635681 0.29865339398384094
0.2918795347213745 0.3199790120124817
0.2927674353122711 0.2953226566314697
0.29370713233947754 0.2992570698261261
0.29209065437316895 0.3214472234249115
0.2924098074436188 0.2987637221813202
0.29175227880477905 0.29892483353614807
0.29221272468566895 0.3069412112236023
0.2927672266960144 0.30469244718551636
0.2912959158420563 0.30089661478996277
0.2933328449726105 0.31063610315322876
0.2913639545440674 0.3109821379184723
0.292468786239624 0.2949197292327881
0.29204222559928894 0.3013705909252167
0.29168808460235596 0.31890198588371277
0.2929811179637909 0.3126373589038849
0.29132217168807983 0.3385469615459442
0.2929394245147705 0.3467232584953308
0.2911500632762909 0.297437459230423
0.29216036200523376 0.3207343518733978
0.29322370886802673 0.2986903190612793
0.29274746775627136 0.30645984411239624
0.2912622094154358 0.3020102083683014
0.2917940318584442 0.312288373708725
0.29139211773872375 0.3285851776599884
0.2901875674724579 0.30244848132133484
0.29030847549438477 0.29470914602279663
0.29066070914268494 0.33963146805763245
0.29162535071372986 0.29282277822494507
0.29209256172180176 0.2959928512573242
0.2908957600593567 0.3001730144023895
0.29264575242996216 0.3011340796947479
0.29017531871795654 0.301783949136734
0.2914371192455292 0.32676950097084045
0.29125916957855225 0.2990032732486725
0.28958383202552795 0.3039589524269104
0.29062697291374207 0.2987750470638275
0.29105719923973083 0.29396432638168335
0.2907244861125946 0.30038660764694214
0.2902340590953827 0.3072250485420227
0.29168689250946045 0.3248960077762604
0.29025939106941223 0.3205963969230652
0.29007822275161743 0.30047109723091125
0.2895730435848236 0.3258131444454193
0.2907631993293762 0.3031112849712372
0.2911129295825958 0.2966082990169525
0.2897007167339325 0.30071812868118286
0.2896234393119812 0.2947245240211487
0.28992873430252075 0.316739946603775
0.29037219285964966 0.2904331386089325
0.2892569601535797 0.3101181387901306
0.2897622585296631 0.31481701135635376
0.2888471186161041 0.30888044834136963
0.29078733921051025 0.3051966726779938
0.28922733664512634 0.30719470977783203
0.28943875432014465 0.312005877494812
0.2894994020462036 0.31554412841796875
0.2895424962043762 0.308948278427124
0.2891758680343628 0.2986608147621155
0.2907537817955017 0.31133541464805603
0.28799736499786377 0.29786357283592224
0.2895453870296478 0.294041246175766
0.2885289788246155 0.3300716280937195
0.2890811562538147 0.2957758903503418
0.2875176668167114 0.30328279733657837
0.2897586524486542 0.30248159170150757
0.28940457105636597 0.29513639211654663
0.2885184586048126 0.3376061022281647
0.2897047996520996 0.29854005575180054
0.28904396295547485 0.29550638794898987
0.2895006537437439 0.29712530970573425
0.2886766493320465 0.3129369914531708
0.2897215783596039 0.3137679994106293
0.28874844312667847 0.3090694844722748
0.2885054647922516 0.296827495098114
0.28629761934280396 0.3064461052417755
0.2877565622329712 0.3113551139831543
0.28918448090553284 0.30239468812942505
0.28854313492774963 0.29515740275382996
0.28862807154655457 0.29644855856895447
0.28827527165412903 0.323141872882843
0.2893432080745697 0.3013462424278259
0.2877598702907562 0.3340514898300171
0.2882634401321411 0.3149392306804657
0.2885220944881439 0.30073460936546326
0.28901952505111694 0.2939984202384949
0.2877931594848633 0.30318379402160645
0.2881483733654022 0.305469274520874
0.28810885548591614 0.30941706895828247
0.28753072023391724 0.33937206864356995
0.28850263357162476 0.3046111464500427
0.2879829704761505 0.2999323010444641
0.2877308130264282 0.30253854393959045
0.28890278935432434 0.30430158972740173
0.28757742047309875 0.29548051953315735
0.2873421907424927 0.3314090073108673
0.28764286637306213 0.2921515107154846
0.2861194312572479 0.31769824028015137
0.28664588928222656 0.3092838525772095
0.28817427158355713 0.31000664830207825
0.28725665807724 0.2931075692176819
0.28738659620285034 0.2991044223308563
0.28666865825653076 0.2926611304283142
0.2856665849685669 0.30666404962539673
0.28744012117385864 0.29615041613578796
0.2876054346561432 0.30040544271469116
0.2865446209907532 0.3018195331096649
0.285783052444458 0.3026731312274933
0.28692883253097534 0.29965314269065857
0.28547123074531555 0.2982535660266876
0.2874252200126648 0.3088262677192688
0.28715482354164124 0.3024088442325592
0.2864195704460144 0.3111986517906189
0.28813445568084717 0.3560856878757477
0.28635793924331665 0.3041739761829376
0.28783681988716125 0.29435524344444275
0.2871686816215515 0.2911836504936218
0.28605902194976807 0.29238367080688477
0.2860681414604187 0.3081894516944885
0.28519654273986816 0.3079562187194824
0.2863522469997406 0.3067481219768524
0.28587111830711365 0.31471455097198486
0.28572261333465576 0.29160788655281067
0.2861805558204651 0.297776460647583
0.28661760687828064 0.3043839633464813
0.2863920331001282 0.30191758275032043
0.2866172790527344 0.31238266825675964
0.2849087715148926 0.3208368420600891
0.28630030155181885 0.3088385760784149
0.2863689064979553 0.3027646541595459
0.28686627745628357 0.2909969985485077
0.2848944664001465 0.3120265603065491
0.2864680886268616 0.2952198386192322
0.2843109369277954 0.31115901470184326
0.2853164076805115 0.29729944467544556
0.2854374945163727 0.29878127574920654
0.2861141264438629 0.314949631690979
0.2859150469303131 0.2932687997817993
0.2865712344646454 0.30267879366874695
0.2860424518585205 0.30069929361343384
0.2846878170967102 0.2965506315231323
0.2851525545120239 0.2928899824619293
0.2842526137828827 0.2934102416038513
0.28398633003234863 0.3093089163303375
0.28444433212280273 0.30243703722953796
0.28500017523765564 0.3360729217529297
0.2841798663139343 0.2994564175605774
0.2860013246536255 0.2967025339603424
0.28442081809043884 0.30066949129104614
0.28556060791015625 0.29572540521621704
0.285631388425827 0.29840055108070374
0.28550249338150024 0.3516448736190796
0.2839345335960388 0.29002508521080017
0.2860080301761627 0.3023007810115814
0.2861095070838928 0.3376919627189636
0.28530487418174744 0.29008999466896057
0.28476396203041077 0.3034203350543976
0.2846027910709381 0.3134324252605438
0.2861805856227875 0.2983848750591278
0.28544455766677856 0.30180132389068604
0.28527921438217163 0.3004736602306366
0.28446438908576965 0.30022841691970825
0.2845115661621094 0.3010272979736328
0.2841548025608063 0.2969653010368347
0.2854321300983429 0.2949531078338623
0.2832736372947693 0.3559183180332184
0.28342291712760925 0.3020184338092804
0.2852165102958679 0.3038065433502197
0.2851526737213135 0.28874170780181885
0.2845187485218048 0.335890531539917
0.28425103425979614 0.3059728145599365
0.2844265401363373 0.30024972558021545
0.2839094400405884 0.2978653907775879
0.28449195623397827 0.2977570593357086
