1.4993844032287598 1.504578948020935
1.4807655811309814 1.4997457265853882
1.47916841506958 1.5231503248214722
1.4765397310256958 1.5266597270965576
1.4755326509475708 1.4997769594192505
1.4756354093551636 1.5008885860443115
1.4753021001815796 1.5066767930984497
1.474821925163269 1.5059674978256226
1.4745982885360718 1.5142477750778198
1.4747018814086914 1.498384714126587
1.4740779399871826 1.510225772857666
1.4523377418518066 1.453580617904663
1.3507106304168701 1.145266056060791
0.7576018571853638 0.5707936882972717
0.5063192248344421 0.4950513243675232
0.4100637435913086 0.38912728428840637
0.41783595085144043 0.4369494318962097
0.3894273340702057 0.39517536759376526
0.3742539882659912 0.39692580699920654
0.36451199650764465 0.3622639775276184
0.35266682505607605 0.342713326215744
0.3446812331676483 0.3401896357536316
0.34192579984664917 0.33597758412361145
0.33576762676239014 0.3469560742378235
0.3318907618522644 0.330009788274765
0.3277705907821655 0.3251354396343231
0.3242461383342743 0.31677013635635376
0.3207288980484009 0.3151034414768219
0.3192926347255707 0.31978341937065125
0.3181374669075012 0.31273436546325684
0.3167921304702759 0.3247227966785431
0.3171422779560089 0.3917020261287689
0.312552273273468 0.3415500521659851
0.3121648132801056 0.30757129192352295
0.31211644411087036 0.35876306891441345
0.3099336326122284 0.318525105714798
0.3092557489871979 0.3207607865333557
0.3077503740787506 0.3101520538330078
0.3080284595489502 0.3255542516708374
0.3068372309207916 0.3056822717189789
0.30841246247291565 0.3014238476753235
0.30697330832481384 0.31540390849113464
0.30514875054359436 0.3270954191684723
0.30557093024253845 0.317791223526001
0.3048851490020752 0.2987540662288666
0.3036481738090515 0.3099171221256256
0.3031470477581024 0.3124541938304901
0.303336501121521 0.3121185004711151
0.30342063307762146 0.3337356746196747
0.30273738503456116 0.30622750520706177
0.30115336179733276 0.3242323100566864
0.30223336815834045 0.3053649365901947
0.30049049854278564 0.29739779233932495
0.30010420083999634 0.29612842202186584
0.2991885542869568 0.306318461894989
0.2992461025714874 0.30483925342559814
0.30027633905410767 0.3041629493236542
0.29855719208717346 0.2930525839328766
0.29768651723861694 0.29847297072410583
0.29841628670692444 0.30961132049560547
0.2970043122768402 0.3115444481372833
0.2981191873550415 0.3021140992641449
0.298166960477829 0.31257951259613037
0.29741108417510986 0.325539767742157
0.29732146859169006 0.30004626512527466
0.29553255438804626 0.29444676637649536
0.2960374355316162 0.30992934107780457
0.2952423393726349 0.29346731305122375
0.29578280448913574 0.2917896807193756
0.2954435646533966 0.29616719484329224
0.2959405779838562 0.2949833273887634
0.2967260181903839 0.30167248845100403
0.29401499032974243 0.29539597034454346
0.2939736247062683 0.30793970823287964
0.2937704026699066 0.29244810342788696
0.29291144013404846 0.31636369228363037
0.29320764541625977 0.29257529973983765
0.2928446829319 0.29478198289871216
0.29256385564804077 0.30229824781417847
0.29154905676841736 0.28905773162841797
0.2915119528770447 0.30234798789024353
0.29187196493148804 0.286129891872406
0.2930172383785248 0.2889983654022217
0.2917768061161041 0.300478458404541
0.2912282943725586 0.2872619330883026
0.2920510172843933 0.29012933373451233
0.2911275029182434 0.30067679286003113
0.2911105751991272 0.29423198103904724
0.2902173399925232 0.30892032384872437
0.29116401076316833 0.29879534244537354
0.2898869514465332 0.28994080424308777
0.290056437253952 0.31689244508743286
0.2889901399612427 0.29805848002433777
0.28913259506225586 0.29360219836235046
0.29066818952560425 0.2878016233444214
0.28895705938339233 0.2897495627403259
0.28825685381889343 0.30836090445518494
0.28891119360923767 0.29093417525291443
0.2874656319618225 0.2937835454940796
0.2887868881225586 0.31045687198638916
0.2877122163772583 0.3156558871269226
0.28641486167907715 0.3016692101955414
0.28690212965011597 0.30159515142440796
0.2875111699104309 0.3162412643432617
0.2863542139530182 0.30007097125053406
0.2864744961261749 0.28752413392066956
0.28672608733177185 0.2926782965660095
0.2854370176792145 0.2924990653991699
0.2848249077796936 0.28799617290496826
0.28651711344718933 0.2851811945438385
0.28579509258270264 0.2887493669986725
0.2845589220523834 0.304025799036026
0.28563380241394043 0.2892872095108032
0.28482094407081604 0.31895139813423157
0.2847736179828644 0.2862342894077301
0.2849484980106354 0.29169923067092896
0.28491702675819397 0.290934681892395
0.28444528579711914 0.2848956882953644
0.2857871949672699 0.28642725944519043
0.28551483154296875 0.2905362546443939
0.28536221385002136 0.29717782139778137
0.28425130248069763 0.29855722188949585
0.2837526500225067 0.2905493676662445
0.2834794223308563 0.2916169762611389
0.2844066023826599 0.28230148553848267
0.28430405259132385 0.2979962229728699
0.28309276700019836 0.28493720293045044
0.284325510263443 0.2859818637371063
0.2824696898460388 0.32779625058174133
0.2842656970024109 0.2962965965270996
0.2841414511203766 0.28341996669769287
0.283528596162796 0.3063047528266907
0.2818816602230072 0.2860260307788849
0.28299394249916077 0.30476823449134827
0.2826082408428192 0.2879742383956909
0.2838340103626251 0.2873573899269104
0.28243833780288696 0.28432056307792664
0.2839285433292389 0.30317988991737366
0.283013254404068 0.2851265072822571
0.28225985169410706 0.28562992811203003
0.2832232415676117 0.32901373505592346
0.28198736906051636 0.2897663414478302
0.2829674482345581 0.2875320613384247
0.2825887203216553 0.33016249537467957
0.2825791835784912 0.3139871060848236
0.28137150406837463 0.33803075551986694
0.2818520963191986 0.28527647256851196
0.2828683853149414 0.2892826795578003
0.28208136558532715 0.2808859348297119
0.28192198276519775 0.29480597376823425
0.28137320280075073 0.2917092442512512
0.28208085894584656 0.2834506034851074
0.2813026010990143 0.29561200737953186
0.280465304851532 0.28342869877815247
0.2809186577796936 0.32351619005203247
0.28256747126579285 0.2861414849758148
0.28101831674575806 0.29953962564468384
0.2811398506164551 0.29850056767463684
0.2806946039199829 0.2947767674922943
0.28185349702835083 0.29187268018722534
0.2808866798877716 0.3112748861312866
0.28123900294303894 0.28785771131515503
0.280200719833374 0.3288176357746124
0.2809877097606659 0.284071147441864
0.28060173988342285 0.2813345491886139
0.28032708168029785 0.28323614597320557
0.2813877463340759 0.28182992339134216
0.27994194626808167 0.2870875597000122
0.2797865569591522 0.29199689626693726
0.27933573722839355 0.2819126546382904
0.28052473068237305 0.2989144027233124
0.2809278070926666 0.2918086349964142
0.27920734882354736 0.2847832143306732
0.2807714343070984 0.2910585403442383
0.27875638008117676 0.28165265917778015
0.2811439037322998 0.289080947637558
0.2805282771587372 0.2818390429019928
0.2793981730937958 0.2863217294216156
0.2801673114299774 0.2981540858745575
0.2802698612213135 0.2850067615509033
0.2808707654476166 0.2838166356086731
0.27948758006095886 0.28165242075920105
0.28065112233161926 0.28344109654426575
0.27896133065223694 0.29699474573135376
0.27906548976898193 0.2942657768726349
0.27905821800231934 0.28049424290657043
0.27908220887184143 0.2824981212615967
0.27899616956710815 0.28931522369384766
0.2782321870326996 0.30857107043266296
0.2790684700012207 0.28047579526901245
0.2785578668117523 0.285807728767395
0.2786865532398224 0.2828378975391388
0.2776811718940735 0.28903263807296753
0.278209924697876 0.2873443365097046
0.27837440371513367 0.288682222366333
0.27937158942222595 0.28944313526153564
0.2781899869441986 0.2955189645290375
0.279049813747406 0.2916826009750366
0.2789364755153656 0.2796757221221924
0.27807360887527466 0.3164311647415161
0.2792915999889374 0.29291200637817383
0.27828192710876465 0.2842346429824829
0.27744272351264954 0.28855347633361816
0.27833837270736694 0.29719293117523193
0.2782101333141327 0.2825854420661926
0.2780067026615143 0.2836062014102936
0.2783892750740051 0.29053911566734314
0.27805882692337036 0.3020128011703491
0.2782403528690338 0.28044989705085754
0.2784787714481354 0.2866569757461548
0.27814650535583496 0.2826034128665924
0.27738869190216064 0.29127007722854614
0.27840983867645264 0.2812403738498688
0.277281254529953 0.29765430092811584
0.2775328755378723 0.30517613887786865
0.277731716632843 0.2986677885055542
0.2769112288951874 0.2865407466888428
0.27825015783309937 0.2909664809703827
0.27683284878730774 0.2840128540992737
0.2784620225429535 0.2946432828903198
0.2776353657245636 0.2848314046859741
0.277188241481781 0.31974220275878906
0.2758474349975586 0.287624716758728
0.27701932191848755 0.2826763987541199
0.2765881419181824 0.29034167528152466
0.276303231716156 0.3126624822616577
0.27687472105026245 0.2950819432735443
0.27734488248825073 0.29479479789733887
0.2769218385219574 0.29282063245773315
0.27785685658454895 0.2997133731842041
0.27623409032821655 0.2870146334171295
0.2776784598827362 0.29199904203414917
0.2756109833717346 0.3242485225200653
0.2762416899204254 0.28649795055389404
0.27542829513549805 0.2805440425872803
0.27622270584106445 0.2795144021511078
0.2761070430278778 0.2822549641132355
0.27699708938598633 0.29162269830703735
0.27553391456604004 0.28898516297340393
0.2752798795700073 0.3046124577522278
0.27676448225975037 0.2882085144519806
0.27626317739486694 0.2953062653541565
0.27626579999923706 0.28824251890182495
0.276322603225708 0.2867567837238312
0.2759624421596527 0.28987038135528564
0.27522939443588257 0.28340262174606323
0.27602189779281616 0.29112935066223145
0.2755357325077057 0.28864845633506775
0.2755969166755676 0.28245455026626587
0.27569082379341125 0.28704720735549927
0.27594009041786194 0.2861706614494324
0.275555819272995 0.279514878988266
0.2756864130496979 0.2945979833602905
0.2758334279060364 0.2903504967689514
0.2759297490119934 0.28601396083831787
0.2749749720096588 0.2948019504547119
0.2752035856246948 0.29088982939720154
0.2753540575504303 0.28835761547088623
0.27593863010406494 0.2899496853351593
0.27494391798973083 0.29326552152633667
0.275333046913147 0.2975059449672699
0.2755815088748932 0.28444522619247437
0.27628132700920105 0.28427043557167053
0.2748064398765564 0.2887883484363556
0.275674045085907 0.2807141840457916
0.27552053332328796 0.2844250500202179
0.27581289410591125 0.31061074137687683
0.27478715777397156 0.28534725308418274
0.27439525723457336 0.304659903049469
0.27422627806663513 0.2933007776737213
0.2750887870788574 0.28160086274147034
0.2743949890136719 0.29740944504737854
0.2754502296447754 0.288504034280777
0.2746891677379608 0.3057820796966553
0.27379176020622253 0.29213282465934753
0.2758866846561432 0.2931075096130371
0.2755165100097656 0.2918558120727539
0.2745610773563385 0.30304646492004395
0.274225115776062 0.28517112135887146
0.2747575044631958 0.2826458811759949
0.27431339025497437 0.29714247584342957
0.2741549015045166 0.2830240726470947
0.27395957708358765 0.2809430658817291
0.2749571204185486 0.27910903096199036
0.27444252371788025 0.29136034846305847
0.27488642930984497 0.2825860381126404
0.27451014518737793 0.2820430099964142
0.27520495653152466 0.27957165241241455
0.2739483714103699 0.30696532130241394
0.273973673582077 0.30264779925346375
0.2730899751186371 0.30029094219207764
0.27364838123321533 0.2924908697605133
0.27365216612815857 0.2832789719104767
0.2750508189201355 0.2817263901233673
0.27365368604660034 0.28870347142219543
0.2747707664966583 0.29194366931915283
0.27270281314849854 0.2999386787414551
0.2733224630355835 0.3135641813278198
0.27420535683631897 0.2874692380428314
0.27406132221221924 0.2948912978172302
0.27407023310661316 0.2887382209300995
0.2732640206813812 0.2852078676223755
0.27370506525039673 0.29196885228157043
0.27363598346710205 0.3014899790287018
0.2735302448272705 0.28941717743873596
0.2735680043697357 0.2796776294708252
0.27392926812171936 0.28298091888427734
0.27338674664497375 0.3167753517627716
0.2742154896259308 0.2819906771183014
0.27304381132125854 0.3063250482082367
0.2732236087322235 0.2953576445579529
0.2738282084465027 0.2893742024898529
0.27247342467308044 0.2861883342266083
0.2731877267360687 0.27951595187187195
0.27293702960014343 0.2937496304512024
0.2732287347316742 0.29249390959739685
0.2731330096721649 0.28321173787117004
0.27386119961738586 0.2899108827114105
0.27291569113731384 0.3008507490158081
0.27324938774108887 0.28610503673553467
0.27174389362335205 0.31434381008148193
0.27196094393730164 0.2834645211696625
0.272903710603714 0.28331729769706726
0.2731659710407257 0.2809557318687439
0.27208298444747925 0.2895590662956238
0.27330154180526733 0.2983054220676422
0.27263566851615906 0.29813268780708313
0.2725234627723694 0.2800852358341217
0.27295300364494324 0.287553995847702
0.2722443640232086 0.28495317697525024
0.273092657327652 0.2818934917449951
0.2727099657058716 0.2832695245742798
0.27287405729293823 0.30049610137939453
0.27276793122291565 0.28477978706359863
0.27371618151664734 0.28379660844802856
0.27307355403900146 0.2973954677581787
0.2719174027442932 0.28637170791625977
0.27300646901130676 0.28055089712142944
0.27270424365997314 0.28593987226486206
0.27223384380340576 0.278308629989624
0.27202850580215454 0.2901659905910492
0.27181270718574524 0.28854304552078247
0.2724337577819824 0.28044599294662476
0.272090345621109 0.2857164740562439
0.27263930439949036 0.2941087782382965
0.2720664441585541 0.28370243310928345
0.27171048521995544 0.3216525912284851
0.2719813585281372 0.2829552888870239
0.2725062966346741 0.2799546718597412
0.27263951301574707 0.28986141085624695
0.27224406599998474 0.30180123448371887
0.2726675570011139 0.29979270696640015
0.27219709753990173 0.29069000482559204
0.2714948058128357 0.29493433237075806
0.2721777856349945 0.2835293114185333
0.2713649570941925 0.30583271384239197
0.2718459367752075 0.31372949481010437
0.2719317078590393 0.28422263264656067
0.27215802669525146 0.27990198135375977
0.27174532413482666 0.2904375493526459
0.2714478075504303 0.30077850818634033
0.2719143331050873 0.29199329018592834
0.27246880531311035 0.28233081102371216
0.2718331217765808 0.3019733726978302
0.271412193775177 0.27951663732528687
0.27176183462142944 0.2874135375022888
0.27274376153945923 0.28307369351387024
0.2705717384815216 0.28387948870658875
0.27146920561790466 0.2912015914916992
0.27148765325546265 0.2825802266597748
0.2707408666610718 0.2858924865722656
0.2714124023914337 0.2788071930408478
0.27094927430152893 0.28774121403694153
0.2715040445327759 0.2912154495716095
0.27209609746932983 0.2994886040687561
0.2711773216724396 0.28434187173843384
0.2712860107421875 0.2868415117263794
0.27062031626701355 0.30422139167785645
0.27146199345588684 0.28653204441070557
0.27122819423675537 0.2916027903556824
0.2708450257778168 0.3208007514476776
0.27141696214675903 0.2811475694179535
0.2705002725124359 0.28275376558303833
0.27049750089645386 0.2822045385837555
0.27087557315826416 0.3125123381614685
0.2715982496738434 0.28185710310935974
0.2711946666240692 0.28639402985572815
0.2705923616886139 0.3163701593875885
0.27031540870666504 0.2808644771575928
0.271737664937973 0.2844517230987549
0.2714909613132477 0.28580302000045776
0.27084270119667053 0.3077869713306427
0.2707863748073578 0.292208194732666
0.2701888084411621 0.28473106026649475
0.27036598324775696 0.28570428490638733
0.27052733302116394 0.28473904728889465
0.27123501896858215 0.29055318236351013
0.2699775993824005 0.2883675694465637
0.2695486545562744 0.2999245226383209
0.2717682719230652 0.2940499186515808
0.27036216855049133 0.2825460433959961
0.2707520127296448 0.28655341267585754
0.2707339823246002 0.2899623215198517
0.270987868309021 0.28783777356147766
0.2707952857017517 0.31692126393318176
0.27025148272514343 0.286929190158844
0.269887775182724 0.2840200960636139
0.27052953839302063 0.28276151418685913
0.270459920167923 0.28419753909111023
0.2706010341644287 0.28801947832107544
0.27013906836509705 0.2820538878440857
0.27031874656677246 0.2796863913536072
0.2710694670677185 0.28469523787498474
0.26992788910865784 0.286590039730072
0.27038946747779846 0.29929235577583313
0.2702121436595917 0.2821289896965027
0.26995691657066345 0.28814518451690674
0.27061793208122253 0.28144538402557373
0.26962020993232727 0.2846808433532715
0.2700454592704773 0.29126664996147156
0.27034372091293335 0.289019376039505
0.2700144052505493 0.27896443009376526
0.2704068124294281 0.2862694263458252
0.2689054608345032 0.29144421219825745
0.2709822952747345 0.2812630832195282
0.27051112055778503 0.2937241196632385
0.2702007591724396 0.31355020403862
0.2695279121398926 0.2939503490924835
0.268562376499176 0.28377363085746765
0.2700222134590149 0.28245213627815247
0.26961421966552734 0.3272298574447632
0.2698797881603241 0.3141402304172516
0.26934003829956055 0.28810441493988037
0.269873708486557 0.2841825485229492
0.26998114585876465 0.28414472937583923
0.269106388092041 0.2785773277282715
0.2698254883289337 0.2920689880847931
0.2694026231765747 0.2799695134162903
0.26925578713417053 0.3097979724407196
0.26898592710494995 0.2882409393787384
0.269618421792984 0.28201669454574585
0.27002862095832825 0.28854912519454956
0.2701031267642975 0.28570258617401123
0.26915442943573 0.2836162745952606
0.26934412121772766 0.280563086271286
0.26938238739967346 0.2960166931152344
0.27031588554382324 0.2814963459968567
0.2694759666919708 0.31875014305114746
0.2692388594150543 0.32606855034828186
0.2698226571083069 0.28640782833099365
0.2699860632419586 0.28589603304862976
0.26968416571617126 0.29484251141548157
0.2691824436187744 0.28558340668678284
0.26878759264945984 0.28475016355514526
0.26957109570503235 0.2870466709136963
0.2696029543876648 0.28163954615592957
0.2694866955280304 0.29940053820610046
0.269327849149704 0.2831461429595947
0.2695406675338745 0.2982121706008911
0.26874157786369324 0.28948289155960083
0.2689214050769806 0.28130900859832764
0.26813897490501404 0.28481781482696533
0.2683970034122467 0.2991624176502228
0.26888394355773926 0.3096371293067932
0.2683694064617157 0.3011070787906647
0.26874497532844543 0.281650573015213
0.26920127868652344 0.2895045876502991
0.26863574981689453 0.2943044602870941
0.26936641335487366 0.28628212213516235
0.2684459686279297 0.28097233176231384
0.26918020844459534 0.28894534707069397
0.2694236636161804 0.2810121476650238
0.26807013154029846 0.2860969603061676
0.2686143219470978 0.28436365723609924
0.26815053820610046 0.28024154901504517
0.2689184546470642 0.28005582094192505
0.26888352632522583 0.28568753600120544
0.2680911719799042 0.2823105454444885
0.2684500515460968 0.29342323541641235
0.26895469427108765 0.29757001996040344
0.26888689398765564 0.29485729336738586
0.26838284730911255 0.2877097427845001
0.26892077922821045 0.28468969464302063
0.26890408992767334 0.29049214720726013
0.2686825096607208 0.28529372811317444
0.2694523334503174 0.28970038890838623
0.26905980706214905 0.28218555450439453
0.2692747414112091 0.2879820764064789
0.26890209317207336 0.30289167165756226
0.2684689462184906 0.29351359605789185
0.2688124179840088 0.29142796993255615
0.2680431306362152 0.29148969054222107
0.26815637946128845 0.2866506278514862
0.26902416348457336 0.27956506609916687
0.26868686079978943 0.31834301352500916
0.2687787115573883 0.28518030047416687
0.26919227838516235 0.2850407063961029
0.26789113879203796 0.2853326201438904
0.2682971954345703 0.2773187458515167
0.26827242970466614 0.27959704399108887
