1.496673822402954 1.535025954246521
1.4817126989364624 1.503210186958313
1.4197250604629517 1.3897734880447388
1.2831796407699585 1.0999969244003296
0.8190418481826782 0.6424177885055542
0.5706287026405334 0.5165557861328125
0.487703412771225 0.44795677065849304
0.45028191804885864 0.4328073561191559
0.41985026001930237 0.4416516125202179
0.40933936834335327 0.4248431324958801
0.3993711471557617 0.40265440940856934
0.3932678997516632 0.3941120505332947
0.38628488779067993 0.3969578146934509
0.38259389996528625 0.36651939153671265
0.3752700984477997 0.3746873438358307
0.37472471594810486 0.3640390932559967
0.36878645420074463 0.36092689633369446
0.36625856161117554 0.3730487823486328
0.3613639175891876 0.4196160137653351
0.3583097457885742 0.35310956835746765
0.35837334394454956 0.35270845890045166
0.35569170117378235 0.341489315032959
0.3580835461616516 0.3481862246990204
0.3548579812049866 0.34191104769706726
0.3551657795906067 0.3589779734611511
0.35060495138168335 0.36367204785346985
0.3492739796638489 0.35995036363601685
0.3478986620903015 0.37011101841926575
0.34840136766433716 0.3466840386390686
0.34829142689704895 0.3497825264930725
0.34426480531692505 0.5089156627655029
0.3427090048789978 0.3382503390312195
0.34330809116363525 0.3338562846183777
0.3396030068397522 0.33312100172042847
0.3385741412639618 0.3298686146736145
0.3390263617038727 0.3380811810493469
0.33549678325653076 0.36003366112709045
0.33625298738479614 0.38173338770866394
0.336520791053772 0.41720449924468994
0.3333157002925873 0.34576416015625
0.33333951234817505 0.33900880813598633
0.33320197463035583 0.3325507938861847
0.33057117462158203 0.32728102803230286
0.33188867568969727 0.3405953049659729
0.3292737901210785 0.3897560238838196
0.3291706442832947 0.32259252667427063
0.327844500541687 0.358877032995224
0.3286036252975464 0.31801509857177734
0.327591210603714 0.33224886655807495
0.3283211290836334 0.3575381338596344
0.32834678888320923 0.32959651947021484
0.3247532546520233 0.32138189673423767
0.32584482431411743 0.34515181183815
0.32220572233200073 0.3297862112522125
0.32490068674087524 0.34427013993263245
0.3229997456073761 0.42050907015800476
0.32274794578552246 0.3180764615535736
0.32264256477355957 0.3173834979534149
0.32350993156433105 0.3285311162471771
0.3219631314277649 0.3579391539096832
0.3242533206939697 0.3278355300426483
0.32046034932136536 0.31983160972595215
0.3218698799610138 0.31399086117744446
0.31988397240638733 0.35039573907852173
0.31921717524528503 0.32918429374694824
0.32061105966567993 0.3195020854473114
0.3176281750202179 0.3166503608226776
0.31538674235343933 0.31738466024398804
0.3165109157562256 0.311288058757782
0.31615525484085083 0.3104620575904846
0.3165082633495331 0.3151671886444092
0.3168926537036896 0.3181782364845276
0.31613507866859436 0.30526718497276306
0.3159315288066864 0.3088850677013397
0.31748858094215393 0.3149367570877075
0.3172149360179901 0.3062739968299866
0.31356117129325867 0.3505134582519531
0.31435084342956543 0.35768231749534607
0.3169308304786682 0.3209661841392517
0.3119809925556183 0.3110511302947998
0.313018798828125 0.3108377456665039
0.3122416138648987 0.3726796805858612
0.312522292137146 0.30466732382774353
0.3145325481891632 0.33716702461242676
0.3121142089366913 0.332078218460083
0.31170761585235596 0.3214570879936218
0.3118993639945984 0.3138180077075958
0.31106263399124146 0.32254430651664734
0.31133899092674255 0.3328934609889984
0.3110654652118683 0.3024998605251312
0.3114086985588074 0.3813602328300476
0.3113012909889221 0.3563811480998993
0.3102593719959259 0.3045353889465332
0.3127724528312683 0.329441636800766
0.30989378690719604 0.36425334215164185
0.30962666869163513 0.30263006687164307
0.31027230620384216 0.3206552267074585
0.31006768345832825 0.32842209935188293
0.3081541955471039 0.31285330653190613
0.31016674637794495 0.3080974519252777
0.30962061882019043 0.34824755787849426
0.30717024207115173 0.3241463899612427
0.30727270245552063 0.30640166997909546
0.30534401535987854 0.39016658067703247
0.30787450075149536 0.3495310842990875
0.30645912885665894 0.357180655002594
0.30516842007637024 0.3254721760749817
0.3066568076610565 0.3124053478240967
0.30356264114379883 0.30358877778053284
0.30422115325927734 0.30618733167648315
0.30499809980392456 0.34196415543556213
0.30560603737831116 0.31070059537887573
0.304362028837204 0.3033982515335083
0.30500468611717224 0.298403799533844
0.3053181767463684 0.29904288053512573
0.3031265437602997 0.30189061164855957
0.30532705783843994 0.33558860421180725
0.3030334413051605 0.33588120341300964
0.30348771810531616 0.3055960237979889
0.30193641781806946 0.29252925515174866
0.30433937907218933 0.32923391461372375
0.3025371730327606 0.30883416533470154
0.30259647965431213 0.3013925850391388
0.3023816645145416 0.3458784222602844
0.3017409145832062 0.2949157953262329
0.30273863673210144 0.3467656970024109
0.3033919334411621 0.31369805335998535
0.3030439019203186 0.31192895770072937
0.30202654004096985 0.3202694356441498
0.30173778533935547 0.3182915151119232
0.29979076981544495 0.29529643058776855
0.3023199439048767 0.3160458207130432
0.3008052408695221 0.30606868863105774
0.30230391025543213 0.30420079827308655
0.2997985780239105 0.294825941324234
0.30018332600593567 0.32230547070503235
0.30078768730163574 0.31177034974098206
0.30058154463768005 0.29483672976493835
0.2979859411716461 0.328348845243454
0.29962044954299927 0.3001440167427063
0.2983769178390503 0.31907933950424194
0.29932427406311035 0.3071424961090088
0.2998883128166199 0.29503294825553894
0.29715147614479065 0.3040616810321808
0.2982666492462158 0.28933483362197876
0.297456294298172 0.2951408922672272
0.2969542443752289 0.29706284403800964
0.29747462272644043 0.30809399485588074
0.2984939217567444 0.30830371379852295
0.2974891662597656 0.30398187041282654
0.29700902104377747 0.2994024455547333
0.297036349773407 0.34894654154777527
0.2967204749584198 0.3388703465461731
0.29784920811653137 0.2963411211967468
0.2949827015399933 0.29964786767959595
0.2960313856601715 0.29733404517173767
0.29702550172805786 0.3063795864582062
0.2953498661518097 0.3108173906803131
0.2957208752632141 0.30339813232421875
0.2961171567440033 0.3394142985343933
0.2952152192592621 0.31919166445732117
0.29502999782562256 0.30872347950935364
0.2940516769886017 0.2947009205818176
0.2949826121330261 0.32882750034332275
0.29428723454475403 0.3237032890319824
0.2944621443748474 0.2951599061489105
0.2965972125530243 0.3413071036338806
0.29639920592308044 0.3056102395057678
0.2944621443748474 0.2909606993198395
0.29200881719589233 0.2934277057647705
0.2941620349884033 0.28987404704093933
0.29228803515434265 0.29417064785957336
0.29393768310546875 0.29236188530921936
0.29302340745925903 0.33821457624435425
0.29403138160705566 0.29431211948394775
0.2916218936443329 0.2939206063747406
0.29268622398376465 0.29059645533561707
0.29246437549591064 0.30702611804008484
0.2909998595714569 0.29312750697135925
0.2925480008125305 0.374286949634552
0.2932390868663788 0.29896384477615356
0.29136893153190613 0.29586538672447205
0.291608601808548 0.3122973144054413
0.2928186357021332 0.29945364594459534
0.331350177526474 0.44928982853889465
0.37540319561958313 0.3457643985748291
0.3462861180305481 0.3449227511882782
0.33785223960876465 0.3742159307003021
0.33376821875572205 0.3263779580593109
0.4042794406414032 0.4542178809642792
0.41215774416923523 0.4110621213912964
0.37741386890411377 0.3802952170372009
0.3660232722759247 0.358773797750473
0.35754483938217163 0.4027790427207947
0.3532960116863251 0.3871743381023407
0.34737902879714966 0.398237407207489
0.3442768454551697 0.38684535026550293
0.3413298428058624 0.3341364562511444
0.3385651111602783 0.34875449538230896
0.3367035388946533 0.33240950107574463
0.33392226696014404 0.3263537883758545
0.33132949471473694 0.32690370082855225
0.3279428780078888 0.3461490571498871
0.3292030990123749 0.3182402551174164
0.32629573345184326 0.3296809792518616
0.32601630687713623 0.3320184350013733
0.3248600959777832 0.31928759813308716
0.3237655758857727 0.32420608401298523
0.3251892924308777 0.3303636312484741
0.32059478759765625 0.3248915672302246
0.32144230604171753 0.32410919666290283
0.3202442228794098 0.32473111152648926
0.3188844919204712 0.31543463468551636
0.32020533084869385 0.3161705434322357
0.3189847767353058 0.34132471680641174
0.31850120425224304 0.3161482512950897
0.3191854655742645 0.337751567363739
0.3166159987449646 0.37320685386657715
0.3170873522758484 0.31353306770324707
0.3160209059715271 0.3149228096008301
0.31421348452568054 0.32196199893951416
0.3159639835357666 0.3212660849094391
0.31448647379875183 0.3468717336654663
0.3124031126499176 0.3192044496536255
0.31134238839149475 0.3116699755191803
0.3141469955444336 0.31873780488967896
0.3130188584327698 0.30889058113098145
0.3125178813934326 0.3028663098812103
0.311408132314682 0.3117317259311676
0.3117676377296448 0.3043312132358551
0.31077301502227783 0.32691752910614014
0.3109164237976074 0.3064776360988617
0.3110036551952362 0.3139532506465912
0.3087828755378723 0.3117116391658783
0.3109145760536194 0.3217211067676544
0.307643324136734 0.3050066828727722
0.3064827024936676 0.31539154052734375
0.3072313666343689 0.32639479637145996
0.3074435591697693 0.3115045726299286
0.30747395753860474 0.3110868036746979
0.3072407841682434 0.31461605429649353
0.30540934205055237 0.29887688159942627
0.3055040240287781 0.303398072719574
0.30582472681999207 0.31528058648109436
0.3047052025794983 0.3095961809158325
0.30565381050109863 0.3269585072994232
0.30583059787750244 0.31187811493873596
0.3068998456001282 0.3087709844112396
0.3045370578765869 0.3203258514404297
0.30439290404319763 0.3273497521877289
0.30452656745910645 0.3214476704597473
0.3034738600254059 0.3072110712528229
0.3032788634300232 0.31109899282455444
0.30292069911956787 0.30638694763183594
0.3034980595111847 0.30405667424201965
0.30345046520233154 0.29873499274253845
0.302484393119812 0.30601367354393005
0.30394333600997925 0.30669930577278137
0.3031281530857086 0.3027876615524292
0.30224812030792236 0.31735357642173767
0.30234968662261963 0.312801718711853
0.3019128143787384 0.3189293444156647
0.30162814259529114 0.2992861568927765
0.3015064001083374 0.29656359553337097
0.3027028441429138 0.299272358417511
0.3016064763069153 0.3029274344444275
0.3002046048641205 0.3257818818092346
0.30082812905311584 0.3160209655761719
0.3014398217201233 0.30024102330207825
0.29927515983581543 0.3072132170200348
0.2994622588157654 0.3003799021244049
0.2988816499710083 0.31546926498413086
0.30105748772621155 0.3187657296657562
0.30026960372924805 0.31863346695899963
0.29974934458732605 0.30079954862594604
0.2979809641838074 0.3038642704486847
0.29820677638053894 0.3433755040168762
0.29788997769355774 0.31960123777389526
0.29914429783821106 0.3091401159763336
0.2977999746799469 0.30027058720588684
0.3004353940486908 0.31865236163139343
0.29861584305763245 0.3099859654903412
0.29784709215164185 0.2968410849571228
0.29671552777290344 0.33331528306007385
0.29704517126083374 0.2973633408546448
0.297671377658844 0.31203120946884155
0.29663214087486267 0.3132372498512268
0.29734885692596436 0.2999180555343628
0.29662850499153137 0.2997884750366211
0.2959013879299164 0.3010069727897644
0.2947081923484802 0.30711159110069275
0.2966000735759735 0.31306785345077515
0.2974703013896942 0.29489415884017944
0.29837149381637573 0.3139670491218567
0.29755714535713196 0.31403908133506775
0.29570990800857544 0.3293478488922119
0.29790109395980835 0.3187430500984192
0.294975608587265 0.3016873002052307
0.2956432104110718 0.29940491914749146
0.2961830794811249 0.32227587699890137
0.295758455991745 0.2928225100040436
0.2955017685890198 0.30107006430625916
0.29484638571739197 0.29386916756629944
0.29514965415000916 0.2901000380516052
0.2942146360874176 0.2975345253944397
0.2950443625450134 0.30167946219444275
0.29314035177230835 0.3044714629650116
0.29292652010917664 0.29294559359550476
0.294004887342453 0.3003180921077728
0.29367804527282715 0.3037242293357849
0.2923896610736847 0.3137402832508087
0.292542040348053 0.30382025241851807
0.2929988503456116 0.29464635252952576
0.2947444021701813 0.3001120686531067
0.29347485303878784 0.2975071370601654
0.2924503684043884 0.2879040539264679
0.2950519323348999 0.30234697461128235
0.29313990473747253 0.2921648919582367
0.29549726843833923 0.3130316436290741
0.29418808221817017 0.3317916989326477
0.2912324070930481 0.31326034665107727
0.2941446900367737 0.292032927274704
0.2921544909477234 0.3066381812095642
0.2924220860004425 0.300128698348999
0.2915135324001312 0.32465726137161255
0.2926090359687805 0.30154579877853394
0.2913413941860199 0.33779776096343994
0.29162460565567017 0.29616203904151917
0.29163673520088196 0.29772019386291504
0.2919290363788605 0.29160434007644653
0.2908329665660858 0.29566460847854614
0.291246622800827 0.29280778765678406
0.2904081344604492 0.3170466125011444
0.29248180985450745 0.31338420510292053
0.2911536991596222 0.30513107776641846
0.2912728786468506 0.2943042814731598
0.291012167930603 0.2900295555591583
0.28995364904403687 0.32569804787635803
0.2902405261993408 0.3003650903701782
0.2893218994140625 0.3062227964401245
0.2912689745426178 0.30405962467193604
0.29002201557159424 0.3058508634567261
0.2899928689002991 0.29068830609321594
0.28967276215553284 0.2999297082424164
0.29044583439826965 0.2897070050239563
0.28915536403656006 0.2963023781776428
0.28961941599845886 0.29204732179641724
0.2895614802837372 0.32338574528694153
0.28967294096946716 0.32303279638290405
0.28962045907974243 0.29362985491752625
0.2897402048110962 0.2898082435131073
0.28902000188827515 0.30322256684303284
0.29028478264808655 0.29072144627571106
0.2881678342819214 0.30022212862968445
0.28984418511390686 0.30947914719581604
0.28958967328071594 0.29064929485321045
0.2886613607406616 0.2914445400238037
0.2891574203968048 0.3002687692642212
0.28950658440589905 0.30096039175987244
0.28797996044158936 0.2942781448364258
0.2888239324092865 0.29392924904823303
0.28846049308776855 0.3445222079753876
0.28855055570602417 0.2907968759536743
0.2881288230419159 0.33145007491111755
0.288282573223114 0.30934572219848633
0.28813180327415466 0.28729140758514404
0.289055734872818 0.33680251240730286
0.28807517886161804 0.29440441727638245
0.2882613241672516 0.2873469591140747
0.2877708971500397 0.28808557987213135
0.2869419455528259 0.30032777786254883
0.2873618006706238 0.2967449724674225
0.28664615750312805 0.32288917899131775
0.2874649465084076 0.29395923018455505
0.28780612349510193 0.31788039207458496
0.28673452138900757 0.2937730550765991
0.28740376234054565 0.28941985964775085
0.2854767143726349 0.2968793511390686
0.2864440679550171 0.32465630769729614
0.28767824172973633 0.29314011335372925
0.2861216366291046 0.2858457565307617
0.28597062826156616 0.3063724935054779
0.28694775700569153 0.3071161210536957
0.28596216440200806 0.3127380907535553
0.2879314422607422 0.29025495052337646
0.28708615899086 0.30693408846855164
0.28640398383140564 0.2991524934768677
0.28655552864074707 0.2898165285587311
0.2860351800918579 0.30269718170166016
0.2860684096813202 0.29712817072868347
0.285728394985199 0.3210996687412262
0.28629690408706665 0.2934580147266388
0.28464871644973755 0.2920377254486084
0.285254567861557 0.28467947244644165
0.2857453227043152 0.3069888651371002
0.285598486661911 0.2989705502986908
0.28533193469047546 0.2894991934299469
0.2857353985309601 0.28811997175216675
0.2863599956035614 0.28701069951057434
0.28708329796791077 0.28884705901145935
0.2859169542789459 0.30905306339263916
0.2857491075992584 0.2888531982898712
0.28617459535598755 0.29040390253067017
0.28481054306030273 0.29593780636787415
0.2844945192337036 0.3191799223423004
0.2848326563835144 0.28703373670578003
0.2842656970024109 0.2955830693244934
0.2846212387084961 0.2898639440536499
0.2847365438938141 0.2907465398311615
0.28371378779411316 0.29840585589408875
0.28360486030578613 0.2940043807029724
0.28350117802619934 0.30595681071281433
0.28493642807006836 0.30674466490745544
0.28340938687324524 0.2833576500415802
0.2845882773399353 0.2873780131340027
0.28557342290878296 0.2983497381210327
0.28290992975234985 0.30394452810287476
0.2836972773075104 0.2912336587905884
0.28490063548088074 0.2983267307281494
0.2830409109592438 0.29301580786705017
0.28288185596466064 0.2882094979286194
0.28430259227752686 0.3017486035823822
0.2826593220233917 0.29513874650001526
0.2845688760280609 0.2988635301589966
0.28406524658203125 0.28838279843330383
0.2846965789794922 0.3200443685054779
0.2838050127029419 0.2835627794265747
0.28333809971809387 0.288522869348526
0.2840898036956787 0.3019963800907135
0.28337061405181885 0.33500826358795166
0.2826800048351288 0.29286569356918335
0.28345489501953125 0.2888837158679962
0.28395959734916687 0.29025140404701233
0.2823871970176697 0.2873021066188812
0.28296586871147156 0.2967788279056549
0.282910019159317 0.30075228214263916
0.28240087628364563 0.29606905579566956
0.2820984125137329 0.2837773859500885
0.2831440269947052 0.2996008098125458
0.28212103247642517 0.2901116907596588
0.28253644704818726 0.28859665989875793
0.28231826424598694 0.2850338816642761
0.28225457668304443 0.28699594736099243
0.281341016292572 0.2940499186515808
0.28222453594207764 0.32694002985954285
0.2821892201900482 0.2858092188835144
0.28169772028923035 0.2834341526031494
0.2826341390609741 0.30151277780532837
0.2818745970726013 0.2956531047821045
0.28170520067214966 0.2992521822452545
0.2816392481327057 0.2891150414943695
0.28183087706565857 0.30325591564178467
0.2831847369670868 0.2909321188926697
0.28060176968574524 0.2837293744087219
0.28219643235206604 0.2970290184020996
0.2810576558113098 0.2868598997592926
0.28238847851753235 0.289262980222702
0.28148090839385986 0.28474316000938416
0.2816459834575653 0.2924988865852356
0.28138086199760437 0.29212579131126404
0.2815336287021637 0.2945878505706787
0.28091001510620117 0.28751295804977417
0.2804768979549408 0.30933016538619995
0.2808084189891815 0.29450222849845886
0.2813118100166321 0.28419631719589233
0.280935138463974 0.28221264481544495
0.2810552418231964 0.30593952536582947
0.2812388837337494 0.3086443841457367
0.2817460894584656 0.30363598465919495
0.28010717034339905 0.3002101480960846
0.2804786264896393 0.29085573554039
0.2816060483455658 0.29228082299232483
0.2803499400615692 0.28771141171455383
0.27932941913604736 0.29076796770095825
0.28019049763679504 0.29350316524505615
0.2794822156429291 0.28968527913093567
0.2811703085899353 0.2891065180301666
0.2793867886066437 0.29510003328323364
0.2805982232093811 0.28922325372695923
0.2801153063774109 0.2904413342475891
0.2806284427642822 0.29441970586776733
0.27925705909729004 0.30985045433044434
0.28006744384765625 0.2936161160469055
0.27985507249832153 0.28584375977516174
0.279102087020874 0.29153212904930115
0.27897465229034424 0.28604447841644287
0.2796141803264618 0.28926846385002136
0.2804226279258728 0.30136838555336
0.27996063232421875 0.28667181730270386
0.27991536259651184 0.2873929440975189
0.2790141701698303 0.28957390785217285
0.2801634669303894 0.2877136766910553
0.28014183044433594 0.2982466518878937
0.28024032711982727 0.28276702761650085
0.27998173236846924 0.29120326042175293
0.2792486846446991 0.30103346705436707
0.2786353826522827 0.2804906964302063
0.280085951089859 0.286512553691864
0.28035876154899597 0.2834485173225403
0.27930790185928345 0.2948777377605438
0.2790294289588928 0.2904757559299469
0.2784363329410553 0.2851676046848297
0.27908363938331604 0.2918473780155182
0.27790337800979614 0.28045183420181274
0.27879980206489563 0.2936204969882965
0.2792021334171295 0.29716911911964417
0.27870357036590576 0.2891893982887268
0.2783364951610565 0.29537472128868103
0.2778034806251526 0.28275066614151
0.27790573239326477 0.28670600056648254
0.2774573266506195 0.2857693135738373
0.2776883542537689 0.2883028984069824
0.2785067558288574 0.31092995405197144
0.279283344745636 0.28305262327194214
0.2779439687728882 0.28431767225265503
0.2778850495815277 0.2868262827396393
0.27771133184432983 0.2851446270942688
0.2783251404762268 0.28916919231414795
0.27803751826286316 0.2821527421474457
0.27898108959198 0.2859782874584198
0.2777288258075714 0.28207942843437195
0.2766292989253998 0.2788717746734619
0.27902302145957947 0.2942274212837219
0.27730593085289 0.2911689281463623
0.27786070108413696 0.2885068953037262
0.2788636088371277 0.293753981590271
0.2772688567638397 0.28179746866226196
0.27803099155426025 0.2830558121204376
0.2766580879688263 0.3095971643924713
0.27822595834732056 0.28330087661743164
0.27705714106559753 0.2832565903663635
0.2779472768306732 0.28936752676963806
0.278228223323822 0.2945645749568939
0.27766382694244385 0.28767168521881104
0.2778273820877075 0.28493058681488037
0.2777014672756195 0.3260078728199005
0.2766925096511841 0.27897292375564575
0.27658703923225403 0.28229784965515137
0.2772573232650757 0.28899630904197693
0.2761666476726532 0.28410419821739197
0.27650365233421326 0.2872898578643799
0.27715691924095154 0.28107503056526184
0.2771221101284027 0.29835498332977295
0.27752721309661865 0.3044549822807312
0.27667245268821716 0.2810212969779968
0.2766135036945343 0.2879742980003357
0.2768121659755707 0.2862522006034851
0.2759537398815155 0.2829606831073761
0.2771078944206238 0.2903880178928375
0.27715736627578735 0.2956713140010834
0.2751832902431488 0.2846396267414093
0.27741068601608276 0.2874020040035248
0.2757841646671295 0.29363030195236206
0.27573123574256897 0.28307220339775085
0.2764296531677246 0.3298053443431854
0.2758473753929138 0.28732120990753174
0.2760903537273407 0.2989194095134735
0.2754524350166321 0.2820786237716675
0.2776602804660797 0.2908552587032318
0.27615484595298767 0.33044159412384033
0.27680251002311707 0.29512685537338257
0.27619680762290955 0.28856995701789856
0.27632245421409607 0.3018829822540283
0.27615612745285034 0.297795832157135
0.2772393524646759 0.29039913415908813
0.2767120897769928 0.29029494524002075
0.27571845054626465 0.2974448800086975
0.2762705087661743 0.29492735862731934
0.27579736709594727 0.292309045791626
0.27493855357170105 0.2907085418701172
0.2752496004104614 0.2837145924568176
0.27514177560806274 0.2824755609035492
0.2758347988128662 0.29145747423171997
0.2750055193901062 0.3261644244194031
0.27417802810668945 0.28192785382270813
0.27637457847595215 0.32688072323799133
0.27582621574401855 0.2815909683704376
0.275198370218277 0.28259894251823425
0.2754198908805847 0.2984757721424103
0.2747921645641327 0.28794848918914795
0.27530235052108765 0.2815716862678528
0.275351881980896 0.28590914607048035
0.27491846680641174 0.2892381548881531
0.273942232131958 0.28850263357162476
0.27436673641204834 0.29497289657592773
0.2747742831707001 0.289814293384552
0.2748277187347412 0.28128260374069214
0.27408406138420105 0.287616491317749
0.275329053401947 0.2916371822357178
0.27560344338417053 0.2857709527015686
0.27469512820243835 0.2846311926841736
0.2755071222782135 0.28102272748947144
0.27439895272254944 0.2947790026664734
0.27456554770469666 0.294095903635025
0.27357447147369385 0.27849072217941284
0.27421754598617554 0.2901979088783264
0.2736831307411194 0.2812037169933319
0.2747736871242523 0.31402280926704407
0.27490758895874023 0.28818395733833313
0.2745808959007263 0.292680561542511
0.27462267875671387 0.28612232208251953
0.2743169069290161 0.28125646710395813
0.2740364074707031 0.28923270106315613
0.27420657873153687 0.2806690037250519
0.2739200294017792 0.2845829427242279
0.27449312806129456 0.28662288188934326
0.27357226610183716 0.2804831862449646
0.2734650671482086 0.305038720369339
0.2743716537952423 0.29462698101997375
0.2740228474140167 0.2814489006996155
0.2733202278614044 0.2971667945384979
0.27447637915611267 0.2876759171485901
0.27397993206977844 0.2850164473056793
0.27298641204833984 0.2809619605541229
0.27407020330429077 0.2883513569831848
0.27354416251182556 0.28681451082229614
0.2731243371963501 0.2798936069011688
0.27321138978004456 0.2989239990711212
0.2737811505794525 0.2856035530567169
0.27360257506370544 0.28441038727760315
0.274095743894577 0.28273987770080566
0.2729029953479767 0.28215497732162476
0.2727617621421814 0.27877700328826904
0.2732783257961273 0.28434547781944275
0.27338093519210815 0.2846277058124542
0.2727202773094177 0.28023236989974976
0.271959125995636 0.29382994771003723
0.27253443002700806 0.2960588335990906
0.27323514223098755 0.2777922749519348
0.2720673978328705 0.2823294997215271
0.2732442319393158 0.27841970324516296
0.27275925874710083 0.2779538631439209
0.2737868130207062 0.28861182928085327
0.2725309133529663 0.2920951545238495
0.272612065076828 0.28331315517425537
0.2725168764591217 0.2839817404747009
0.27239111065864563 0.3071915805339813
0.27304601669311523 0.29648348689079285
0.27312323451042175 0.28769949078559875
0.272177517414093 0.2875436544418335
0.27254319190979004 0.2867854833602905
0.2728528678417206 0.28220078349113464
0.2718125879764557 0.2860032021999359
0.2735055088996887 0.30686303973197937
0.27174150943756104 0.2832986116409302
0.2722609341144562 0.28376370668411255
0.27181264758110046 0.27957022190093994
0.27161261439323425 0.2933674454689026
0.27163565158843994 0.296894371509552
0.2717912197113037 0.2807495892047882
0.2714614272117615 0.2803231477737427
0.27196022868156433 0.30310896039009094
0.2721293568611145 0.2840524911880493
0.2722223401069641 0.29434382915496826
0.27136433124542236 0.2815009355545044
0.2716772258281708 0.2917202413082123
0.27129927277565 0.29250800609588623
0.2717421054840088 0.27962732315063477
0.272576242685318 0.2800959646701813
0.27131491899490356 0.28768017888069153
0.27175888419151306 0.28507131338119507
0.27115219831466675 0.2845076024532318
0.27190926671028137 0.28529033064842224
0.27197733521461487 0.28719791769981384
0.27158620953559875 0.2989199459552765
0.27026069164276123 0.27852344512939453
0.27212628722190857 0.2896713316440582
0.27230143547058105 0.2863869369029999
0.2720269560813904 0.2829663157463074
0.2714988887310028 0.2808641791343689
0.27168533205986023 0.2826089560985565
0.2720084488391876 0.28469741344451904
0.2708418369293213 0.279069721698761
0.27118319272994995 0.2818778455257416
0.2702016830444336 0.2792247533798218
0.27061814069747925 0.28357991576194763
0.27150383591651917 0.2831791937351227
0.2706161439418793 0.281167596578598
0.27121832966804504 0.28133130073547363
0.27064746618270874 0.2926945388317108
0.27125194668769836 0.28796857595443726
0.2701674699783325 0.28117820620536804
0.2703687846660614 0.27782967686653137
0.27075377106666565 0.3126542270183563
0.26977524161338806 0.29111117124557495
0.27110448479652405 0.29607445001602173
0.27031150460243225 0.28930673003196716
0.2699214816093445 0.2778138816356659
0.27065935730934143 0.2832683026790619
0.2709261476993561 0.28212276101112366
0.27129435539245605 0.2780228555202484
0.2700392007827759 0.278403103351593
0.2695716321468353 0.2794838547706604
0.27191057801246643 0.2875661551952362
0.2707454562187195 0.28026995062828064
0.27035290002822876 0.282718300819397
0.26995986700057983 0.2783590853214264
0.2707466781139374 0.2799839675426483
0.27023375034332275 0.2800041139125824
0.27116188406944275 0.28556203842163086
0.27016258239746094 0.28869497776031494
0.2701573371887207 0.278364896774292
0.27070286870002747 0.2804139256477356
0.2701798379421234 0.2819772958755493
0.2708413302898407 0.2764994204044342
0.27014172077178955 0.27623888850212097
0.2708688974380493 0.27768591046333313
0.26934486627578735 0.2859654724597931
0.27004170417785645 0.2790467441082001
0.27006301283836365 0.28263330459594727
0.26941731572151184 0.282930463552475
0.26989561319351196 0.28248676657676697
0.26912739872932434 0.2837286591529846
0.26924869418144226 0.28967711329460144
0.26990073919296265 0.28090864419937134
0.2697385847568512 0.2870578169822693
0.2691718339920044 0.2852012515068054
0.27011266350746155 0.2790408432483673
0.2688906788825989 0.2903884947299957
0.26960647106170654 0.28462523221969604
0.26902976632118225 0.2781040370464325
0.268910676240921 0.2843458950519562
0.2693304419517517 0.29080021381378174
0.2695574462413788 0.29164689779281616
0.2702707350254059 0.28948959708213806
0.26826369762420654 0.27807462215423584
0.2696477472782135 0.2888162136077881
0.26909342408180237 0.2879655063152313
0.26951470971107483 0.2993509769439697
0.27031174302101135 0.28971511125564575
0.2694719135761261 0.2832377552986145
0.26954278349876404 0.29287147521972656
0.26980432868003845 0.28665730357170105
0.2694821059703827 0.278269499540329
0.26938027143478394 0.27724698185920715
0.2694694399833679 0.2907457947731018
0.268754780292511 0.2833987772464752
0.26897209882736206 0.28827327489852905
0.2691085636615753 0.28032946586608887
0.26914864778518677 0.28060004115104675
0.26857319474220276 0.2777452766895294
0.2687472105026245 0.29377561807632446
0.2691799998283386 0.2963729202747345
0.26770439743995667 0.2813429832458496
0.2681102454662323 0.27818557620048523
0.2682715356349945 0.2790597975254059
0.26787951588630676 0.28541842103004456
0.2679963707923889 0.2802105247974396
0.2680799961090088 0.2817022204399109
0.2676796615123749 0.2774233818054199
0.26867273449897766 0.2925777733325958
0.2686607837677002 0.27995648980140686
0.26837652921676636 0.2853635847568512
0.26852938532829285 0.281544953584671
0.2683548033237457 0.28767430782318115
0.2689312696456909 0.29254552721977234
0.2681749165058136 0.2759592533111572
0.2690354883670807 0.2944851815700531
0.26857447624206543 0.28455036878585815
0.26803746819496155 0.27824994921684265
0.2677672803401947 0.28140777349472046
0.26819244027137756 0.27656692266464233
0.2682688534259796 0.2782326936721802
0.2676388621330261 0.2853645086288452
0.2689266502857208 0.280269056558609
0.2684091031551361 0.3113599121570587
0.26844891905784607 0.28501346707344055
0.2677956521511078 0.28040841221809387
0.2685483694076538 0.296048104763031
0.2680881917476654 0.28010639548301697
0.26872697472572327 0.29038968682289124
0.2681838274002075 0.31261125206947327
0.26896578073501587 0.2779587209224701
0.26785388588905334 0.285813570022583
0.26731544733047485 0.2874094843864441
0.2670818567276001 0.31457287073135376
0.26840123534202576 0.2749815285205841
0.2673688232898712 0.28083327412605286
0.26662248373031616 0.287885844707489
0.26826149225234985 0.27673792839050293
0.26638203859329224 0.28232911229133606
0.26729822158813477 0.277007132768631
0.2675219476222992 0.28313255310058594
0.26723524928092957 0.27785709500312805
0.2672574520111084 0.2793053686618805
0.2680615782737732 0.2791413366794586
0.26796233654022217 0.2755604684352875
0.2667784094810486 0.27728208899497986
0.26751673221588135 0.27626827359199524
0.26700469851493835 0.2835961878299713
0.26777076721191406 0.2848527133464813
0.2668238580226898 0.3037700951099396
0.26836729049682617 0.2826692759990692
0.26705682277679443 0.31660395860671997
0.2666139304637909 0.2758345901966095
0.2663990259170532 0.2953512966632843
0.2669356167316437 0.2749193012714386
0.2665322422981262 0.29194024205207825
0.2675292193889618 0.2773585319519043
0.2667067348957062 0.2804158926010132
