1.493823528289795 1.5159776210784912
1.4817858934402466 1.5021748542785645
1.4788599014282227 1.5016521215438843
1.4782352447509766 1.5272125005722046
1.4754210710525513 1.5026202201843262
1.4744954109191895 1.5005455017089844
1.474452257156372 1.5240825414657593
1.4738579988479614 1.5118775367736816
1.4741088151931763 1.5118436813354492
1.4738529920578003 1.506482720375061
1.474100947380066 1.4999381303787231
1.473814606666565 1.4987910985946655
1.4737179279327393 1.5083345174789429
1.4739012718200684 1.5069849491119385
1.4738191366195679 1.50248384475708
1.4736586809158325 1.5051512718200684
1.473851203918457 1.5050479173660278
1.4737244844436646 1.5083675384521484
1.473740816116333 1.5001935958862305
1.4736226797103882 1.5046112537384033
1.4737095832824707 1.5078295469284058
1.473584532737732 1.507682204246521
1.4735242128372192 1.5036952495574951
1.4738364219665527 1.5076757669448853
1.4737366437911987 1.5037301778793335
1.4735496044158936 1.5023318529129028
1.4735372066497803 1.5075792074203491
1.473529577255249 1.5044327974319458
1.4738065004348755 1.5053614377975464
1.4735538959503174 1.5015500783920288
1.473712682723999 1.5037014484405518
1.473574161529541 1.5035120248794556
1.4735445976257324 1.5001730918884277
1.4735705852508545 1.5033193826675415
1.473624348640442 1.5017451047897339
1.4735627174377441 1.5085116624832153
1.4734680652618408 1.4997724294662476
1.473465919494629 1.5066064596176147
1.4734894037246704 1.5005656480789185
1.4733102321624756 1.5002331733703613
1.4733545780181885 1.5027704238891602
1.4733926057815552 1.5047801733016968
1.4735136032104492 1.5067132711410522
1.4735488891601562 1.506737232208252
1.473261833190918 1.510151743888855
1.473506212234497 1.5035918951034546
1.4732946157455444 1.501804232597351
1.4733768701553345 1.5093275308609009
1.4728081226348877 1.517717957496643
1.4721438884735107 1.5010426044464111
1.4682283401489258 1.4886305332183838
1.4473278522491455 1.4592736959457397
1.425296664237976 1.456711769104004
1.4136213064193726 1.4324431419372559
1.4058372974395752 1.4299297332763672
1.401344656944275 1.427886962890625
1.3970588445663452 1.4147154092788696
1.3926596641540527 1.4228465557098389
1.3899837732315063 1.4258852005004883
1.3885763883590698 1.4063217639923096
1.3867439031600952 1.4238089323043823
1.384382963180542 1.416692852973938
1.3834021091461182 1.403484582901001
1.381874918937683 1.4088362455368042
1.3807704448699951 1.4386541843414307
1.3799535036087036 1.4033138751983643
1.3794149160385132 1.4071556329727173
1.3785299062728882 1.399864673614502
1.376753330230713 1.3969154357910156
1.37587308883667 1.4059478044509888
1.3750251531600952 1.3939929008483887
1.3724191188812256 1.4033091068267822
1.3669347763061523 1.3882293701171875
1.3488622903823853 1.332945466041565
1.226854920387268 1.0710346698760986
0.8462404012680054 0.867631733417511
0.6863071918487549 0.6560632586479187
0.6181188821792603 0.6339561343193054
0.5870084762573242 0.6094626784324646
0.5663980841636658 0.5650718808174133
0.5532826781272888 0.5520700812339783
0.5465037822723389 0.5728281736373901
0.5379638671875 0.5534599423408508
0.5336524844169617 0.5515474081039429
0.5276827216148376 0.532110333442688
0.5182065963745117 0.5233949422836304
0.5075768828392029 0.5274633169174194
0.4995983839035034 0.5380831360816956
0.4905683696269989 0.5152961015701294
0.4769226312637329 0.5067579746246338
0.46523383259773254 0.4812905788421631
0.4549764394760132 0.4638696312904358
0.44359371066093445 0.4404526352882385
0.4369925856590271 0.4625086188316345
0.4328809082508087 0.439771831035614
0.4252413809299469 0.4386204481124878
0.4235348701477051 0.39917099475860596
0.41063281893730164 0.39864856004714966
0.41324061155319214 0.439534455537796
0.4132695198059082 0.3931937515735626
0.4030352234840393 0.38406652212142944
0.39954185485839844 0.4152928590774536
0.40067416429519653 0.36784234642982483
0.39090660214424133 0.4138874411582947
0.39370641112327576 0.3924539387226105
0.39324575662612915 0.36998897790908813
0.3927205801010132 0.38499507308006287
0.38974329829216003 0.37855851650238037
0.3927522599697113 0.38539034128189087
0.3920741379261017 0.37977150082588196
0.3874915540218353 0.37657254934310913
0.38912320137023926 0.4323683977127075
0.3891381621360779 0.3632718026638031
0.38341081142425537 0.40568530559539795
0.38235265016555786 0.38883185386657715
0.38402608036994934 0.4018610119819641
0.3793264329433441 0.3680325746536255
0.3809635043144226 0.3733627200126648
0.3797883093357086 0.39364510774612427
0.3819572627544403 0.3713967800140381
0.37342962622642517 0.3614225685596466
0.374388724565506 0.3829980790615082
0.37667223811149597 0.41617104411125183
0.37609943747520447 0.36496931314468384
0.3760019540786743 0.4763811230659485
0.3743506968021393 0.3915311396121979
0.3756045997142792 0.353413462638855
0.374679833650589 0.42173755168914795
0.37150901556015015 0.42019176483154297
0.3712175786495209 0.43584901094436646
0.37055858969688416 0.36723700165748596
0.3678685426712036 0.35549619793891907
0.36866405606269836 0.3511439859867096
0.36656349897384644 0.369386225938797
0.3710760772228241 0.4173397719860077
0.36658263206481934 0.38793259859085083
0.3608132302761078 0.34621942043304443
0.36522790789604187 0.3465889096260071
0.36521729826927185 0.3755252957344055
0.3664295971393585 0.37481585144996643
0.36552828550338745 0.3914743661880493
0.3633470833301544 0.3511781394481659
0.3624323904514313 0.3834993541240692
0.36017724871635437 0.466900110244751
0.3619009256362915 0.35735177993774414
0.3607538044452667 0.40776222944259644
0.3602483868598938 0.3517172932624817
0.36258167028427124 0.45674604177474976
0.36191317439079285 0.3750576376914978
0.3592417240142822 0.35081425309181213
0.3601798713207245 0.3727818727493286
0.3585023880004883 0.355219304561615
0.3590832054615021 0.3420524001121521
0.35781699419021606 0.4175770878791809
0.35928723216056824 0.3761709928512573
0.3565782904624939 0.35044392943382263
0.3557252287864685 0.3589244782924652
0.35766124725341797 0.34980517625808716
0.35670211911201477 0.4218416213989258
0.35829293727874756 0.4405231177806854
0.35558363795280457 0.3514465093612671
0.35832756757736206 0.3552297055721283
0.3546445965766907 0.3476788401603699
0.3559226095676422 0.3381824493408203
0.3532223701477051 0.39936158061027527
0.35703083872795105 0.34234338998794556
0.35191109776496887 0.3587833642959595
0.3548682630062103 0.4008809030056
0.3534225821495056 0.36408531665802
0.3515782356262207 0.35724759101867676
0.3523190915584564 0.46056050062179565
0.3526928126811981 0.47889819741249084
0.3503456711769104 0.33760377764701843
0.34997910261154175 0.3428265452384949
0.34971195459365845 0.35696297883987427
0.3499450385570526 0.40689894556999207
0.3499448597431183 0.3568228483200073
0.34862369298934937 0.33668994903564453
0.3468153774738312 0.37725359201431274
0.3466867506504059 0.35033226013183594
0.34437093138694763 0.3421572744846344
0.34866100549697876 0.3369235098361969
0.3483705520629883 0.35165494680404663
0.34520548582077026 0.33241555094718933
0.3457976281642914 0.3379424810409546
0.34642332792282104 0.33245915174484253
0.34722575545310974 0.3631577491760254
0.3456992506980896 0.3624799847602844
0.3465023338794708 0.35471704602241516
0.3413950800895691 0.3646738529205322
0.3431914746761322 0.3389872610569
0.3435176908969879 0.336346834897995
0.3435010313987732 0.33125779032707214
0.3442543148994446 0.33872002363204956
0.3441174030303955 0.34651389718055725
0.34237635135650635 0.35066547989845276
0.3421112298965454 0.33409249782562256
0.3445841372013092 0.3317607045173645
0.3435712456703186 0.3272319436073303
0.3427204191684723 0.32871249318122864
0.34263625741004944 0.33738622069358826
0.341829389333725 0.3347923159599304
0.34181955456733704 0.38482293486595154
0.3409630060195923 0.35187116265296936
0.3398248255252838 0.34092164039611816
0.3404494524002075 0.34236210584640503
0.3390965461730957 0.3291337788105011
0.3382464051246643 0.33840039372444153
0.33797428011894226 0.3675643801689148
0.3387931287288666 0.3469254672527313
0.3363266885280609 0.3274342715740204
0.3404828906059265 0.38130542635917664
0.3400813341140747 0.3262985348701477
0.3359392583370209 0.33120089769363403
0.33663561940193176 0.3434544503688812
0.33574002981185913 0.3454816937446594
0.33672183752059937 0.3315858244895935
0.3381862938404083 0.3557265102863312
0.33585357666015625 0.33605509996414185
0.33771562576293945 0.334123432636261
0.3361576497554779 0.3504487872123718
0.33674392104148865 0.33757469058036804
0.33563587069511414 0.33348318934440613
0.33822938799858093 0.3306347727775574
0.33711108565330505 0.33187156915664673
0.3366750180721283 0.4170069694519043
0.33531075716018677 0.3315223157405853
0.3328883647918701 0.3276011347770691
0.3334801495075226 0.4042412042617798
0.3343028426170349 0.325837641954422
0.33328452706336975 0.34952878952026367
0.3337528705596924 0.34766361117362976
0.3330175578594208 0.36989206075668335
0.3335742950439453 0.32428014278411865
0.33377736806869507 0.3335241377353668
0.33081430196762085 0.37249428033828735
0.3309285342693329 0.3619404435157776
0.3309853971004486 0.3295162618160248
0.328300803899765 0.34138354659080505
0.3304999768733978 0.3360408544540405
0.32719987630844116 0.32303133606910706
0.32929670810699463 0.376049280166626
0.329501748085022 0.32345786690711975
0.32769134640693665 0.33930325508117676
0.32811617851257324 0.34818050265312195
0.33016303181648254 0.3735639750957489
0.3267723321914673 0.32669752836227417
0.32730376720428467 0.3208467662334442
0.32744771242141724 0.3353901505470276
0.32874634861946106 0.32702022790908813
0.32524678111076355 0.32861045002937317
0.3263215720653534 0.3549833297729492
0.3256542980670929 0.3145084083080292
0.3257415294647217 0.3377303183078766
0.3300342261791229 0.34140604734420776
0.32675325870513916 0.3207741975784302
0.32516083121299744 0.34461721777915955
0.32554078102111816 0.3337872326374054
0.3261534869670868 0.3176853358745575
0.32658979296684265 0.3297003209590912
0.32470330595970154 0.3335214853286743
0.325087308883667 0.34058380126953125
0.32527241110801697 0.3323054611682892
0.32583513855934143 0.3176511228084564
0.32587939500808716 0.3230430483818054
0.32358065247535706 0.3292851448059082
0.3251603841781616 0.4220523238182068
0.3247721493244171 0.32990410923957825
0.3228394389152527 0.3776242434978485
0.3244335651397705 0.3426138162612915
0.32323363423347473 0.35069119930267334
0.32205286622047424 0.32477834820747375
0.32086700201034546 0.3335270881652832
0.32115185260772705 0.331270694732666
0.3210875988006592 0.3273424506187439
0.32185253500938416 0.32744482159614563
0.32207298278808594 0.3190349340438843
0.32156801223754883 0.32324257493019104
0.32140958309173584 0.319333553314209
0.32003891468048096 0.32236841320991516
0.3225696086883545 0.316832959651947
0.3218473792076111 0.32451656460762024
0.3182874917984009 0.3168259561061859
0.32062163949012756 0.32594236731529236
0.3200140595436096 0.3188498616218567
0.3218092620372772 0.3238521218299866
0.31882810592651367 0.3327534794807434
0.31777966022491455 0.3162181079387665
0.32041633129119873 0.32007166743278503
0.32011982798576355 0.35308194160461426
0.31887173652648926 0.31924012303352356
0.3187200725078583 0.32935819029808044
0.3193441927433014 0.3150500953197479
0.3186318576335907 0.38059157133102417
0.31962060928344727 0.31476643681526184
0.3191421329975128 0.31816843152046204
0.3186728358268738 0.3676314949989319
0.317611962556839 0.3317197859287262
0.3164912462234497 0.3161250054836273
0.31522247195243835 0.33002427220344543
0.32071858644485474 0.32145434617996216
0.31821343302726746 0.3347248136997223
0.3165305554866791 0.31955352425575256
0.31536734104156494 0.3112182319164276
0.31567925214767456 0.3164835572242737
0.31517019867897034 0.31200110912323
0.31582656502723694 0.3550890386104584
0.31569546461105347 0.3312961757183075
0.3149363100528717 0.33412545919418335
0.3171493709087372 0.3093346953392029
0.31530725955963135 0.3199906349182129
0.3149429261684418 0.31179770827293396
0.3169695734977722 0.34603413939476013
0.31438174843788147 0.3592882752418518
0.3145233392715454 0.3150075376033783
0.31365272402763367 0.3114200830459595
0.31402477622032166 0.3920269012451172
0.31603607535362244 0.3480165898799896
0.31211769580841064 0.32710400223731995
0.31486186385154724 0.3113636076450348
0.31510910391807556 0.33568939566612244
0.3155580461025238 0.3248577415943146
0.3153930604457855 0.32613691687583923
0.3155117332935333 0.3209417462348938
0.3143543004989624 0.31802722811698914
0.3135712742805481 0.31044602394104004
0.3133048713207245 0.31222403049468994
0.31189674139022827 0.31836313009262085
0.31209516525268555 0.32448655366897583
0.3125500977039337 0.3150048553943634
0.31170451641082764 0.30748581886291504
0.31191781163215637 0.3068649172782898
0.31343361735343933 0.3218216896057129
0.31202441453933716 0.31731608510017395
0.31178852915763855 0.3133612871170044
0.3130226731300354 0.3194674849510193
0.31047821044921875 0.31252747774124146
0.31207555532455444 0.314301997423172
0.3114120662212372 0.3355949819087982
0.3116489350795746 0.31427857279777527
0.3100598454475403 0.3265913426876068
0.3107995092868805 0.32203206419944763
0.3098735809326172 0.31404808163642883
0.3100433051586151 0.3145291209220886
0.3108348250389099 0.3202746510505676
0.31173408031463623 0.3266390264034271
0.3103124499320984 0.31664353609085083
0.3099520802497864 0.36934030055999756
0.31015685200691223 0.3171119689941406
0.31004559993743896 0.31522125005722046
0.31007301807403564 0.31409120559692383
0.3105185627937317 0.30830034613609314
0.3086467683315277 0.30435609817504883
0.31031179428100586 0.33390700817108154
0.3087420165538788 0.3473883271217346
0.3064059317111969 0.34275588393211365
0.3092624247074127 0.3358762562274933
0.30698251724243164 0.31292590498924255
0.30711644887924194 0.33037257194519043
0.3079092800617218 0.32530394196510315
0.3104115426540375 0.3124042749404907
0.30652862787246704 0.31958112120628357
0.3088300824165344 0.35668081045150757
0.30803418159484863 0.3795360028743744
0.30649328231811523 0.34912416338920593
0.3085632920265198 0.3416830897331238
0.30878347158432007 0.3081677258014679
0.3054772615432739 0.308525413274765
0.30614805221557617 0.30708444118499756
0.30607980489730835 0.3171151876449585
0.30556437373161316 0.3114989697933197
0.3067299723625183 0.3243432343006134
0.30598992109298706 0.3495326340198517
0.3052961826324463 0.3107156753540039
0.30627530813217163 0.36841776967048645
0.3044312298297882 0.30493390560150146
0.30500951409339905 0.31916165351867676
0.3050195276737213 0.3081943690776825
0.3039804697036743 0.30816131830215454
0.3052331805229187 0.3115966022014618
0.3061717450618744 0.31926894187927246
0.3070693612098694 0.30342501401901245
0.3042696416378021 0.3065272569656372
0.30467239022254944 0.3165150582790375
0.3050956428050995 0.30475741624832153
0.3063991367816925 0.3334478437900543
0.3058626353740692 0.31328845024108887
0.3039986491203308 0.3053458631038666
0.3040497601032257 0.32952722907066345
0.3045779764652252 0.3104453682899475
0.3032875061035156 0.31692951917648315
0.3026859760284424 0.32597050070762634
0.30311134457588196 0.3053256869316101
0.30395206809043884 0.30754050612449646
0.30404800176620483 0.32755693793296814
0.3030122220516205 0.30605077743530273
0.3026966154575348 0.4434525966644287
0.3042014241218567 0.30132922530174255
0.30328112840652466 0.3038805425167084
0.30320534110069275 0.31276050209999084
0.30285027623176575 0.3474179208278656
0.3018210232257843 0.3336675465106964
0.30406078696250916 0.3371116518974304
0.30236509442329407 0.32340312004089355
0.30202099680900574 0.3029094338417053
0.30232033133506775 0.3016848564147949
0.3016425371170044 0.3250300884246826
0.3033622205257416 0.33195579051971436
0.3005223870277405 0.3244841694831848
0.3016674518585205 0.321451336145401
0.30092936754226685 0.30720195174217224
0.30184316635131836 0.3351624011993408
0.30093228816986084 0.30110791325569153
0.30218368768692017 0.31654828786849976
0.29987531900405884 0.3084449768066406
0.30027443170547485 0.3044129014015198
0.29968753457069397 0.3502260744571686
0.2997605800628662 0.30304160714149475
0.30046409368515015 0.2989286780357361
0.30091723799705505 0.3142280578613281
0.29964715242385864 0.2993198335170746
0.29904717206954956 0.30982211232185364
0.3006601929664612 0.3250747621059418
0.29964736104011536 0.3124813139438629
0.29960763454437256 0.30229437351226807
0.2990022301673889 0.30895495414733887
0.29933595657348633 0.3089432120323181
0.29960089921951294 0.34148693084716797
0.30035749077796936 0.3190031051635742
0.3004123866558075 0.30188223719596863
0.2988995611667633 0.3532823920249939
0.2997561991214752 0.2989579439163208
0.2991394102573395 0.3221226632595062
0.2975075840950012 0.30129531025886536
0.2994060218334198 0.3074128329753876
0.2982010245323181 0.30149850249290466
0.2991802394390106 0.3149718940258026
0.29936861991882324 0.29709890484809875
0.29859644174575806 0.32450753450393677
0.2984166741371155 0.3158000707626343
0.2989046275615692 0.30017271637916565
0.29776182770729065 0.3106383979320526
0.29725784063339233 0.3037959039211273
0.298274427652359 0.3041316270828247
0.29756778478622437 0.30158302187919617
0.2979261875152588 0.29767367243766785
0.2971607446670532 0.32226571440696716
0.29754742980003357 0.34131142497062683
0.2984013557434082 0.3137418329715729
0.29659536480903625 0.29962319135665894
0.2983030080795288 0.29947200417518616
0.2962231934070587 0.30546554923057556
0.29702305793762207 0.3063182532787323
0.2971155345439911 0.305286705493927
0.296579509973526 0.2988277077674866
0.2969690263271332 0.3110523521900177
0.29715627431869507 0.2974773943424225
0.2964217960834503 0.29915300011634827
0.29659727215766907 0.3000487983226776
0.2977537214756012 0.3036462962627411
0.29548048973083496 0.3101731240749359
0.2960320711135864 0.31121212244033813
0.2971556484699249 0.3187659978866577
0.29520857334136963 0.3026723563671112
0.2951267659664154 0.3160421848297119
0.2959175109863281 0.30584970116615295
0.2952018678188324 0.3008434772491455
0.2964010536670685 0.3063679039478302
0.2962404191493988 0.30121541023254395
0.2952137589454651 0.29838377237319946
0.29601338505744934 0.3028675615787506
0.29610303044319153 0.29935920238494873
0.2952916920185089 0.29681098461151123
0.29333189129829407 0.3044435381889343
0.29525211453437805 0.3095046579837799
0.2944560647010803 0.3061921298503876
0.2936365604400635 0.29582929611206055
0.2943470776081085 0.29923349618911743
0.29429081082344055 0.31894925236701965
0.29467689990997314 0.2971619665622711
0.2927461266517639 0.371236115694046
0.29372236132621765 0.2985914647579193
0.29336676001548767 0.3201456665992737
0.29453402757644653 0.29541826248168945
0.2932322919368744 0.3058381676673889
0.2944345474243164 0.3142007887363434
0.2937625050544739 0.3298119008541107
0.29307428002357483 0.29549333453178406
0.2944268584251404 0.312910795211792
0.2935226261615753 0.3071292042732239
0.29377132654190063 0.3059203624725342
0.2945269048213959 0.2961682379245758
0.29307711124420166 0.30044716596603394
0.29354092478752136 0.3109821379184723
0.294391006231308 0.391277939081192
0.29388463497161865 0.3032163977622986
0.2930275797843933 0.29848936200141907
0.2927832007408142 0.3013232350349426
0.29303616285324097 0.30989524722099304
0.29281678795814514 0.29455867409706116
0.29377517104148865 0.2963705360889435
0.29333752393722534 0.3089570105075836
0.2934522330760956 0.3025141954421997
0.2943041920661926 0.29699885845184326
0.2934550344944 0.29984980821609497
0.3168564736843109 0.2999259829521179
0.2928812801837921 0.3161128759384155
0.2918420433998108 0.31007009744644165
0.29223063588142395 0.2962628901004791
0.292113333940506 0.2978757619857788
0.29330915212631226 0.2973243296146393
0.29310280084609985 0.31892409920692444
0.2917987108230591 0.2953876852989197
0.29265034198760986 0.29547059535980225
0.29185712337493896 0.3147437572479248
0.29342955350875854 0.29636698961257935
0.2906867265701294 0.2997698187828064
0.2915857136249542 0.29845455288887024
0.29170674085617065 0.2934918999671936
0.29218176007270813 0.3012351095676422
0.29166552424430847 0.30111366510391235
0.2912721633911133 0.29759904742240906
0.2915191948413849 0.31113043427467346
0.2927781939506531 0.3260737657546997
0.2919740080833435 0.29264387488365173
0.2919265627861023 0.29299917817115784
0.2909139096736908 0.2952810823917389
0.2909281551837921 0.29517826437950134
0.29053473472595215 0.31248149275779724
0.29056641459465027 0.3068128228187561
0.29112499952316284 0.3233067989349365
0.29051461815834045 0.29451072216033936
0.29130396246910095 0.2928805351257324
0.29053133726119995 0.29964491724967957
0.29130157828330994 0.2996894419193268
0.2913329303264618 0.29526767134666443
0.29007798433303833 0.30585557222366333
0.29040753841400146 0.29721367359161377
0.29172009229660034 0.30670133233070374
0.2901970446109772 0.2937524914741516
0.29098063707351685 0.2939853370189667
0.29011401534080505 0.3080553412437439
0.2894710302352905 0.3140615224838257
0.28990787267684937 0.29713284969329834
0.2892361581325531 0.32093313336372375
0.289577841758728 0.2945709526538849
0.29006579518318176 0.3082166612148285
0.2898923456668854 0.2950981557369232
0.2904718220233917 0.29759061336517334
0.28944000601768494 0.31435370445251465
0.2894614636898041 0.31458213925361633
0.28959921002388 0.29961633682250977
0.2889218032360077 0.2909517288208008
0.28943026065826416 0.3043336272239685
0.28844210505485535 0.2965414822101593
0.2900897264480591 0.2929355502128601
0.2886805832386017 0.32575440406799316
0.2894001007080078 0.2913297116756439
0.29025477170944214 0.32214921712875366
0.2892051339149475 0.29397323727607727
0.2897433638572693 0.2921257019042969
0.2889619767665863 0.3016987442970276
0.2884233593940735 0.2954883873462677
0.28977125883102417 0.2923179864883423
0.2888270914554596 0.30358752608299255
0.29035043716430664 0.31982389092445374
0.2888874113559723 0.29468274116516113
0.28855326771736145 0.2937815487384796
0.290179044008255 0.30557671189308167
0.28876423835754395 0.2953084409236908
0.2895145118236542 0.3361067473888397
0.28821220993995667 0.2993510961532593
0.288854718208313 0.3000502288341522
0.28875333070755005 0.3484634757041931
0.2877110540866852 0.31988200545310974
0.2875370681285858 0.2939291298389435
0.28849878907203674 0.29388657212257385
0.2882188558578491 0.29317206144332886
0.2881834805011749 0.29553547501564026
0.2889072000980377 0.29431092739105225
0.28683486580848694 0.29983046650886536
0.2872004210948944 0.29077664017677307
0.28829967975616455 0.31148743629455566
0.2882624864578247 0.2960571050643921
0.2882700562477112 0.3064211308956146
0.28761452436447144 0.3043649196624756
0.28818243741989136 0.2968127131462097
0.2880661189556122 0.2942507863044739
0.28814032673835754 0.2945786118507385
0.2883646488189697 0.2915944755077362
0.2869473695755005 0.29595908522605896
0.28751498460769653 0.2990986704826355
0.2879217565059662 0.3087596893310547
0.2870173454284668 0.2952497899532318
0.2880561351776123 0.2984485626220703
0.2877974510192871 0.3222463130950928
0.2869514524936676 0.2932398021221161
0.2885279059410095 0.29867371916770935
0.2883796989917755 0.29631614685058594
0.28655022382736206 0.2911786139011383
0.2884495258331299 0.29702040553092957
0.2877631187438965 0.3215000033378601
0.2876742482185364 0.2898663580417633
0.2878934442996979 0.29606500267982483
0.28616613149642944 0.2972470223903656
0.2894560992717743 0.29589325189590454
0.2865697741508484 0.30123305320739746
0.28720682859420776 0.30968016386032104
0.28732040524482727 0.312417596578598
0.2857966125011444 0.29558661580085754
0.2867628037929535 0.3043217360973358
0.28702571988105774 0.3124317228794098
0.28639480471611023 0.3058090806007385
0.285357803106308 0.2895079255104065
0.28648993372917175 0.30204829573631287
0.28511691093444824 0.29081910848617554
0.2876632809638977 0.31713730096817017
0.2855066955089569 0.29580727219581604
0.28642207384109497 0.2954533100128174
0.28618323802948 0.3016390800476074
0.28543567657470703 0.2951511740684509
0.28589707612991333 0.29412904381752014
0.2864564061164856 0.2995835840702057
0.28601717948913574 0.2990999221801758
0.28619658946990967 0.2932763695716858
0.28556057810783386 0.29069751501083374
0.28587326407432556 0.29613733291625977
0.2861007750034332 0.2901414930820465
0.2854876220226288 0.30283063650131226
0.2856643497943878 0.2944886088371277
0.2855936884880066 0.2931670844554901
0.28580594062805176 0.2889871299266815
0.28628018498420715 0.2914632558822632
0.2869732081890106 0.30008620023727417
0.2852919101715088 0.3069919943809509
0.2855784595012665 0.2969605028629303
0.2855658233165741 0.29509374499320984
0.2853758633136749 0.29133811593055725
0.2865584194660187 0.30731409788131714
0.28626126050949097 0.2969777584075928
0.2844444513320923 0.2908483147621155
0.2847052216529846 0.2911195755004883
0.2848997712135315 0.29181233048439026
0.28519803285598755 0.31711748242378235
0.2851693630218506 0.29204243421554565
0.28424108028411865 0.3003266155719757
0.2867948114871979 0.2900138795375824
0.2848563492298126 0.34954124689102173
0.285503089427948 0.30653414130210876
0.284833699464798 0.2960808575153351
0.28457534313201904 0.2908836901187897
0.2847921550273895 0.30897992849349976
0.2845286726951599 0.30500859022140503
0.2861366868019104 0.30672764778137207
0.284551739692688 0.28864216804504395
0.2854701280593872 0.2918804883956909
0.28411605954170227 0.3066405951976776
0.28505221009254456 0.2903922200202942
0.2842569053173065 0.3282746374607086
0.283783882856369 0.3602438271045685
0.2854936122894287 0.2983485758304596
0.2851821184158325 0.28818565607070923
0.2854216396808624 0.30298492312431335
0.28437960147857666 0.30005842447280884
0.28425726294517517 0.29263609647750854
0.28518468141555786 0.2995505928993225
0.28382933139801025 0.2940843999385834
0.2848246991634369 0.31869563460350037
0.2835049629211426 0.34192293882369995
0.284166544675827 0.336466908454895
0.2846088409423828 0.34179094433784485
0.2839406728744507 0.3072933852672577
0.28544798493385315 0.28982141613960266
0.2843936085700989 0.2915789484977722
0.2835272252559662 0.3017643392086029
0.28447937965393066 0.2938177287578583
0.28309276700019836 0.3247888684272766
0.28380075097084045 0.2935413718223572
0.28401005268096924 0.2916116714477539
0.2832871973514557 0.2926691472530365
0.2838636040687561 0.30954909324645996
0.28396716713905334 0.296041876077652
0.28428226709365845 0.29007822275161743
0.2839401662349701 0.302748441696167
0.2829340696334839 0.29310503602027893
0.28369027376174927 0.2991165220737457
0.2837398648262024 0.3291350305080414
0.2841506600379944 0.29048195481300354
0.2837982773780823 0.28965479135513306
0.2838870882987976 0.29383036494255066
0.2829894721508026 0.2894898056983948
0.2832186222076416 0.3173993229866028
0.2832229435443878 0.2926273047924042
0.2832491397857666 0.2907642126083374
0.28296276926994324 0.3102298974990845
0.28431323170661926 0.29128238558769226
0.28352683782577515 0.2929823398590088
0.2832707464694977 0.3000319004058838
0.2827736437320709 0.2930096983909607
0.2828527092933655 0.2901594936847687
0.28313571214675903 0.2893955707550049
0.28273600339889526 0.2977156937122345
0.2824305593967438 0.29602596163749695
0.28286507725715637 0.3043019473552704
0.2844449579715729 0.30728504061698914
0.2834892272949219 0.29199913144111633
0.2823251485824585 0.3009060323238373
0.28282496333122253 0.3062821626663208
0.283039391040802 0.28677618503570557
0.2830509841442108 0.29340609908103943
0.287689208984375 0.2922045588493347
0.2818391025066376 0.29243385791778564
0.28251200914382935 0.29932674765586853
0.28177571296691895 0.292711079120636
0.28255730867385864 0.29287952184677124
0.28233250975608826 0.2936728596687317
0.28199464082717896 0.286469966173172
0.28336167335510254 0.29557815194129944
0.28184303641319275 0.2877846360206604
0.2820451855659485 0.2898886799812317
0.28234216570854187 0.2974572777748108
0.28143739700317383 0.2930278778076172
0.2813461720943451 0.29307836294174194
0.2816290855407715 0.2910192012786865
0.28209057450294495 0.2907356023788452
0.2823460102081299 0.2993074059486389
0.28243619203567505 0.29270902276039124
0.2841716706752777 0.29557734727859497
0.2820715308189392 0.28823330998420715
0.28281375765800476 0.29884403944015503
0.28244614601135254 0.2982880473136902
0.2823471426963806 0.29058337211608887
0.28267595171928406 0.29945939779281616
0.282232403755188 0.3023822009563446
0.28237348794937134 0.29057207703590393
0.2816033959388733 0.29750797152519226
0.2814518213272095 0.3031198978424072
0.282238632440567 0.29111602902412415
0.28258225321769714 0.3077702522277832
0.2813612222671509 0.3123449981212616
0.28098490834236145 0.28994354605674744
0.2814660966396332 0.29737338423728943
0.2817959189414978 0.29337912797927856
0.28201425075531006 0.2928982973098755
0.281060129404068 0.3100110590457916
0.2806839644908905 0.2905259132385254
0.2822277247905731 0.2908765375614166
0.2812100052833557 0.2885470986366272
0.2824997305870056 0.2895510196685791
0.2816658020019531 0.29318636655807495
0.28159090876579285 0.2893223464488983
0.28186649084091187 0.29894545674324036
0.2803758978843689 0.29036903381347656
0.281141072511673 0.2905332148075104
0.2803049683570862 0.29861533641815186
0.28072571754455566 0.2999286651611328
0.2810256779193878 0.2884925305843353
0.2804189622402191 0.3255583345890045
0.2810803949832916 0.2959723174571991
0.28048476576805115 0.29543444514274597
0.28045913577079773 0.29003292322158813
0.28053048253059387 0.30026257038116455
0.2807181775569916 0.28990527987480164
0.28063052892684937 0.28789275884628296
0.2812037467956543 0.29191121459007263
0.2802583575248718 0.3267378509044647
0.28055042028427124 0.32572177052497864
0.2808179557323456 0.29080930352211
0.28184494376182556 0.3012782335281372
0.28148725628852844 0.2987007796764374
0.28143545985221863 0.2893686890602112
0.28044822812080383 0.2895563244819641
0.2809823751449585 0.3005794286727905
0.2806403338909149 0.2880823612213135
0.28069692850112915 0.2927629053592682
0.2797558009624481 0.2884977459907532
0.28052809834480286 0.289467990398407
0.280718058347702 0.2911691665649414
0.27972832322120667 0.28792986273765564
0.2803269326686859 0.3031306564807892
0.2803373634815216 0.29194018244743347
0.2802112102508545 0.2868668735027313
0.2801664173603058 0.2875540852546692
0.27927014231681824 0.2893697917461395
0.27976149320602417 0.2970355153083801
0.2802397310733795 0.29038006067276
0.2797096371650696 0.2870548963546753
0.27975133061408997 0.28686827421188354
0.27994900941848755 0.29616111516952515
0.2800469994544983 0.28802064061164856
0.27982112765312195 0.2889723479747772
0.27943310141563416 0.2912159264087677
0.27993008494377136 0.2885926365852356
0.27881890535354614 0.2866984009742737
0.28014707565307617 0.29449746012687683
0.280138224363327 0.2908002436161041
0.2794337272644043 0.2957744002342224
0.2800976634025574 0.28980425000190735
0.27924761176109314 0.2949545085430145
0.27992135286331177 0.28669771552085876
