1.4937242269515991 1.6874444484710693
1.476131558418274 1.641375184059143
1.4747869968414307 1.6408623456954956
1.473083257675171 1.6315492391586304
1.3957180976867676 1.2310919761657715
0.9744476079940796 0.9200147390365601
0.800441324710846 0.7884812951087952
0.7369513511657715 0.7558450102806091
0.7029545307159424 0.7285994291305542
0.6803134083747864 0.7612804174423218
0.6614284515380859 0.7100196480751038
0.6443599462509155 0.6828481554985046
0.6253561973571777 0.6577407121658325
0.6091362237930298 0.623316764831543
0.5903963446617126 0.6207979917526245
0.5766211152076721 0.6038504242897034
0.5645125508308411 0.5877464413642883
0.5514193177223206 0.5860377550125122
0.5415899157524109 0.569445788860321
0.526390790939331 0.567258358001709
0.5153709650039673 0.5433633327484131
0.5050175786018372 0.5681478381156921
0.49600696563720703 0.5129958391189575
0.4837419092655182 0.49766117334365845
0.47589728236198425 0.5002762079238892
0.46795177459716797 0.49566352367401123
0.46224844455718994 0.5397968292236328
0.45784181356430054 0.46803176403045654
0.45166993141174316 0.4660777151584625
0.44908562302589417 0.49440091848373413
0.4537404775619507 0.5257053375244141
0.4479233920574188 0.4814118444919586
0.44356226921081543 0.5014033913612366
0.4379884600639343 0.4554094970226288
0.4311354458332062 0.44835349917411804
0.4265456795692444 0.44976213574409485
0.4262336492538452 0.4672659933567047
0.418707937002182 0.4347291886806488
0.41254761815071106 0.4238862693309784
0.40893474221229553 0.42896825075149536
0.4000295400619507 0.4292762875556946
0.39692145586013794 0.41045013070106506
0.3936268091201782 0.4257478415966034
0.3897015154361725 0.3953452408313751
0.38728827238082886 0.4039895236492157
0.3847063183784485 0.3979712128639221
0.3797692358493805 0.4018004238605499
0.38123035430908203 0.39297860860824585
0.37587910890579224 0.44396066665649414
0.3746471107006073 0.3844448924064636
0.37200239300727844 0.4055693447589874
0.3714248836040497 0.3799782693386078
0.4096132516860962 0.3745546340942383
0.3654680550098419 0.3877635896205902
0.3650430142879486 0.4089382290840149
0.36392056941986084 0.374016135931015
0.3587135672569275 0.3845495581626892
0.358761727809906 0.40645259618759155
0.35560888051986694 0.3840343654155731
0.3553987145423889 0.38585519790649414
0.3516165316104889 0.3707737922668457
0.35130786895751953 0.3744664490222931
0.34423592686653137 0.35541045665740967
0.3399670124053955 0.37173980474472046
0.33947673439979553 0.3442484438419342
0.33255624771118164 0.35549604892730713
0.3361661434173584 0.3559032380580902
0.6481336355209351 0.5101638436317444
0.41851213574409485 0.3868892788887024
0.3698144555091858 0.36514830589294434
0.3577035069465637 0.36460986733436584
0.3538852035999298 0.390511155128479
0.3451535701751709 0.3606654703617096
0.34167176485061646 0.36165839433670044
0.34387505054473877 0.3496168851852417
0.3382655680179596 0.3770267069339752
0.33023953437805176 0.3425370156764984
0.3292907178401947 0.33712196350097656
0.3301139175891876 0.3396473228931427
0.3231404423713684 0.32794374227523804
0.3215024173259735 0.3277527689933777
0.3173615336418152 0.3316006064414978
0.31487512588500977 0.3274053633213043
0.3127560019493103 0.3640035092830658
0.31310245394706726 0.3156225085258484
0.3102051615715027 0.3208087086677551
0.30619165301322937 0.3418891131877899
0.30571866035461426 0.32262399792671204
0.30382755398750305 0.3137546181678772
0.3027327060699463 0.32438987493515015
0.2998213469982147 0.3204619288444519
0.29677721858024597 0.30657121539115906
0.2949005365371704 0.3055473864078522
0.2951512336730957 0.31221482157707214
0.29353609681129456 0.319185733795166
0.2969546318054199 0.31498005986213684
0.28902050852775574 0.3233697712421417
0.2937641739845276 0.3031679689884186
0.2887880206108093 0.35851773619651794
0.2890397608280182 0.3080754280090332
0.28650999069213867 0.29664620757102966
0.28766804933547974 0.29261666536331177
0.2900962829589844 0.2955380976200104
0.28353047370910645 0.3116309344768524
0.29075437784194946 0.29024961590766907
0.28188836574554443 0.30214619636535645
0.28107017278671265 0.2968375086784363
0.28096914291381836 0.2899344861507416
0.28236252069473267 0.30133748054504395
0.28133514523506165 0.31891244649887085
0.28567394614219666 0.30232951045036316
0.2788412570953369 0.28415319323539734
0.2788061797618866 0.2863861620426178
0.28228867053985596 0.2907370626926422
0.2751361131668091 0.29190656542778015
0.2764405906200409 0.2972652018070221
0.2744816541671753 0.2824549973011017
0.27589312195777893 0.2862369418144226
0.27719274163246155 0.28526872396469116
0.2742418348789215 0.28751814365386963
0.2715248763561249 0.2815806269645691
0.2742212414741516 0.2850360870361328
0.2707531750202179 0.2872363328933716
0.40241268277168274 0.9494125247001648
0.43835851550102234 0.33186283707618713
0.29301878809928894 0.2940536141395569
0.28765588998794556 0.3220396935939789
0.2811616361141205 0.29309797286987305
0.28040340542793274 0.2889532446861267
0.27902162075042725 0.30801326036453247
0.2768990099430084 0.29680636525154114
0.2748757004737854 0.29783785343170166
0.27423420548439026 0.2808592617511749
0.2744045853614807 0.2884351313114166
0.2720860242843628 0.2879660427570343
0.27203407883644104 0.27573513984680176
0.27074089646339417 0.288494348526001
0.2685575783252716 0.2856488525867462
0.2714276611804962 0.28371527791023254
0.26762351393699646 0.279815673828125
0.26816532015800476 0.28446152806282043
0.26680251955986023 0.2736677825450897
0.2647430896759033 0.293040931224823
0.2656964063644409 0.29796263575553894
0.26465052366256714 0.2742219567298889
0.2636561691761017 0.2792920172214508
0.2660841643810272 0.2745743989944458
0.26308271288871765 0.27401864528656006
0.2617183327674866 0.2717547118663788
0.262777715921402 0.2887772023677826
0.2621306777000427 0.3030077815055847
0.2618197500705719 0.27301812171936035
0.2600861191749573 0.27721863985061646
0.26004695892333984 0.3042655885219574
0.2599852979183197 0.2671376168727875
0.2588469088077545 0.28732648491859436
0.25923171639442444 0.268116295337677
0.25919708609580994 0.2623664438724518
0.25795263051986694 0.2743028700351715
0.2574003338813782 0.28565335273742676
0.2575981914997101 0.27380499243736267
0.25691527128219604 0.2671160101890564
0.2566303312778473 0.26646995544433594
0.25540807843208313 0.2824544906616211
0.2559307813644409 0.2675430476665497
0.2556212544441223 0.27655112743377686
0.25422757863998413 0.273465096950531
0.25448498129844666 0.2659260928630829
0.25433388352394104 0.2757035791873932
0.254429429769516 0.2632890045642853
0.253863662481308 0.30238282680511475
0.25573617219924927 0.26479411125183105
0.25269177556037903 0.27663809061050415
0.2539188861846924 0.26484349370002747
0.2532466650009155 0.2838832437992096
0.25315478444099426 0.2629272937774658
0.2523896098136902 0.27365338802337646
0.2517837584018707 0.25881427526474
0.25170794129371643 0.25730422139167786
0.25208038091659546 0.26394009590148926
0.2520348131656647 0.2622143030166626
0.2525351941585541 0.268524706363678
0.2505700886249542 0.2715734839439392
0.2518731355667114 0.25956958532333374
0.25082927942276 0.2567105293273926
0.25126200914382935 0.2614234983921051
0.25063785910606384 0.26066774129867554
0.34340226650238037 0.29792940616607666
0.25892388820648193 0.275365948677063
0.24862150847911835 0.2636103928089142
0.2480582743883133 0.2552671730518341
0.24849435687065125 0.2633485198020935
0.2491150051355362 0.26351994276046753
0.2490852028131485 0.2536356747150421
0.24797706305980682 0.2632748484611511
0.24853898584842682 0.2793693542480469
0.2493876814842224 0.2749793827533722
0.24865825474262238 0.2617229223251343
0.24880805611610413 0.2650482654571533
0.24732667207717896 0.25750842690467834
0.24639132618904114 0.26208868622779846
0.24721500277519226 0.2685864269733429
0.24575144052505493 0.25525999069213867
0.24777893722057343 0.2537469267845154
0.24544592201709747 0.25837770104408264
0.24623335897922516 0.25966936349868774
0.24633105099201202 0.2570513188838959
0.24569302797317505 0.2619496285915375
0.24490542709827423 0.2594680190086365
0.24567188322544098 0.2873019576072693
0.2450520396232605 0.2573763430118561
0.24431733787059784 0.2583533525466919
0.24716922640800476 0.265356183052063
0.24390633404254913 0.2629567086696625
0.244932159781456 0.25774773955345154
0.2433318793773651 0.2864058017730713
0.24348768591880798 0.27414870262145996
0.24339962005615234 0.27976131439208984
0.24428360164165497 0.31118059158325195
0.2434387356042862 0.26378342509269714
0.2419697642326355 0.3107023239135742
0.24198009073734283 0.2626641094684601
0.24101966619491577 0.25609174370765686
0.24184149503707886 0.2556668519973755
0.24053427577018738 0.2711632251739502
0.2412966787815094 0.2588253915309906
0.24033933877944946 0.2574577331542969
0.2405318319797516 0.2681860029697418
0.2401653677225113 0.25079020857810974
0.24014867842197418 0.24705325067043304
0.24555489420890808 0.2847827672958374
0.24746385216712952 0.24705421924591064
0.23768693208694458 0.25220760703086853
0.23979972302913666 0.24767233431339264
0.23738917708396912 0.2637934982776642
0.237079456448555 0.2620803117752075
0.26136356592178345 0.2863052487373352
0.23579272627830505 0.24597539007663727
0.23540203273296356 0.24751169979572296
0.23672370612621307 0.25884079933166504
0.2362155318260193 0.242184579372406
0.23610365390777588 0.25372135639190674
0.235205739736557 0.2485952377319336
0.23564288020133972 0.24785253405570984
0.23441913723945618 0.2448132187128067
0.23491045832633972 0.2537265121936798
0.23320205509662628 0.25159382820129395
0.23443998396396637 0.2594141662120819
0.23694854974746704 0.35075607895851135
0.25088465213775635 0.25785210728645325
0.2447059154510498 0.27199050784111023
0.23934680223464966 0.2444310337305069
0.23198749125003815 0.24562041461467743
0.46484750509262085 1.115939736366272
0.8393605351448059 0.8679436445236206
0.7633872032165527 0.7723526358604431
0.7384766936302185 0.7612074613571167
0.7230750322341919 0.7169654369354248
0.7070847153663635 0.7490482926368713
0.6937951445579529 0.7084590196609497
0.680232048034668 0.698819637298584
0.6605097651481628 0.6774734854698181
0.6346475481987 0.7187630534172058
0.5984566807746887 0.5811010003089905
0.5597882866859436 0.5347758531570435
0.5312349200248718 0.5276595950126648
0.5009269714355469 0.5756728053092957
0.4820384681224823 0.4614483416080475
0.46029672026634216 0.48078688979148865
0.4396458864212036 0.4190594255924225
0.42351749539375305 0.39802271127700806
0.41122445464134216 0.38740718364715576
0.4003024995326996 0.3978000581264496
0.38891100883483887 0.47459647059440613
0.38741418719291687 0.3803187906742096
0.37959811091423035 0.4196633994579315
0.3755286633968353 0.36464300751686096
0.3713934123516083 0.35960695147514343
0.36559465527534485 0.4026232957839966
0.35937052965164185 0.48023658990859985
0.3555549085140228 0.36582082509994507
0.3527440130710602 0.36861473321914673
0.3469012379646301 0.33259451389312744
0.34438955783843994 0.336581289768219
0.33805400133132935 0.34490957856178284
0.33413857221603394 0.37921714782714844
0.33361878991127014 0.32772302627563477
0.3287140429019928 0.33158963918685913
0.3274906873703003 0.34023576974868774
0.322775274515152 0.33875370025634766
0.32328587770462036 0.35432758927345276
0.322143018245697 0.3659684658050537
0.31733083724975586 0.3263518214225769
0.3148920238018036 0.3557462692260742
0.3179149031639099 0.309716135263443
0.3136768639087677 0.3899933695793152
0.312398225069046 0.31475356221199036
0.307885080575943 0.314674437046051
0.31174686551094055 0.3241914212703705
0.3040943443775177 0.34058210253715515
0.302731990814209 0.4399563670158386
0.30366623401641846 0.30054962635040283
0.3018883168697357 0.29608798027038574
0.3028998374938965 0.46581339836120605
0.2991654574871063 0.3257101774215698
0.29898300766944885 0.2939780652523041
0.296901673078537 0.3009902536869049
0.29876506328582764 0.33729928731918335
0.29692187905311584 0.28808775544166565
0.2979552745819092 0.2931804060935974
0.29578959941864014 0.32345980405807495
0.29494333267211914 0.30905330181121826
0.2919032871723175 0.3009680211544037
0.2909424602985382 0.3094704747200012
0.2930769920349121 0.3160272240638733
0.2904614806175232 0.3328113257884979
0.2893228828907013 0.3274995684623718
0.2889111340045929 0.3176739513874054
0.2891979217529297 0.3125529885292053
0.28740063309669495 0.3099057674407959
0.28587302565574646 0.3133750259876251
0.28811949491500854 0.349823534488678
0.2878483533859253 0.286821573972702
0.2840648889541626 0.3771464228630066
0.28227704763412476 0.3679795563220978
0.28280216455459595 0.28334295749664307
0.2836489677429199 0.3125472962856293
0.2824552059173584 0.29269927740097046
0.2840692698955536 0.28935882449150085
0.28316983580589294 0.28412723541259766
0.2798454761505127 0.31501340866088867
0.28312939405441284 0.29230940341949463
0.2798219919204712 0.30817562341690063
0.2777177095413208 0.30865994095802307
0.2778690755367279 0.29967623949050903
0.27813515067100525 0.27703022956848145
0.2782723903656006 0.28071731328964233
0.2772858440876007 0.28994059562683105
0.27753978967666626 0.2843601703643799
0.27651575207710266 0.2853550612926483
0.2759617567062378 0.3008521795272827
0.27620893716812134 0.3071790337562561
0.27393800020217896 0.2816251814365387
0.27367085218429565 0.30041560530662537
0.27297842502593994 0.31501448154449463
0.2727198004722595 0.3096204698085785
0.2767855226993561 0.26531028747558594
0.27170616388320923 0.294365793466568
0.27267223596572876 0.275599867105484
0.2695942521095276 0.2918066084384918
0.2716807723045349 0.287693589925766
0.2690463662147522 0.29013726115226746
0.2721480429172516 0.32992222905158997
0.27070352435112 0.33157244324684143
0.2671751379966736 0.3355393707752228
0.26975709199905396 0.3203394412994385
0.2659098207950592 0.2699078917503357
0.26738280057907104 0.2843431532382965
0.26624491810798645 0.33963605761528015
0.27102595567703247 0.2812099754810333
0.2672349214553833 0.30674436688423157
0.26651886105537415 0.27617472410202026
0.2671552896499634 0.2685987949371338
0.2646118700504303 0.26730024814605713
0.266821026802063 0.3072618246078491
0.26472941040992737 0.27346718311309814
0.26488760113716125 0.3640327453613281
0.26393911242485046 0.26779690384864807
0.26297298073768616 0.30121898651123047
0.26524990797042847 0.2836264371871948
0.26284244656562805 0.26273488998413086
0.26324543356895447 0.29385265707969666
0.262459397315979 0.32320281863212585
0.26177820563316345 0.2684626579284668
0.26288503408432007 0.27819347381591797
0.2615141272544861 0.26377278566360474
0.2591261863708496 0.36289265751838684
0.26003003120422363 0.2880057394504547
0.2600055932998657 0.2911607027053833
0.2595021724700928 0.26991212368011475
0.25855329632759094 0.3231409192085266
0.26046010851860046 0.30547034740448
0.25684764981269836 0.2618822455406189
0.25973713397979736 0.25765708088874817
0.257557213306427 0.27405714988708496
0.2578619420528412 0.28562039136886597
0.25997334718704224 0.2909793555736542
0.2559604346752167 0.29013630747795105
0.25844886898994446 0.2787812054157257
0.25656795501708984 0.33502197265625
0.2555825412273407 0.2883659899234772
0.25300395488739014 0.2965804636478424
0.2529311776161194 0.26743632555007935
0.2524421811103821 0.2700935900211334
0.25520727038383484 0.28306829929351807
0.2520895302295685 0.2662712037563324
0.2525121867656708 0.3251023590564728
0.25076305866241455 0.2567632496356964
0.2500169277191162 0.27630242705345154
0.2497626543045044 0.32155582308769226
0.2511012554168701 0.2934420108795166
0.2499348223209381 0.2705640196800232
0.25032690167427063 0.2594662308692932
0.24802011251449585 0.26615333557128906
0.24750882387161255 0.27495357394218445
0.24793769419193268 0.2776413559913635
0.25224748253822327 0.2602662146091461
0.24561478197574615 0.2651028633117676
0.24729828536510468 0.2836156487464905
0.2467598170042038 0.24876929819583893
0.24685849249362946 0.27004683017730713
0.24555690586566925 0.3163563311100006
0.24578379094600677 0.2507355511188507
0.24676305055618286 0.25809967517852783
0.24694174528121948 0.3143574297428131
0.24792109429836273 0.24777600169181824
0.24371668696403503 0.248981311917305
0.24202682077884674 0.2613447606563568
0.2445722222328186 0.2542738914489746
0.24023370444774628 0.26210883259773254
0.2434433400630951 0.2744186520576477
0.2425307184457779 0.293138325214386
0.24281667172908783 0.24464629590511322
0.2393263429403305 0.24496132135391235
0.24262286722660065 0.2511776089668274
0.23940786719322205 0.24741381406784058
0.24264593422412872 0.25416135787963867
0.2399127334356308 0.26430368423461914
0.23945853114128113 0.3834347128868103
0.23912249505519867 0.2870166301727295
0.24005992710590363 0.2837144732475281
0.23938269913196564 0.24521209299564362
0.2382993996143341 0.24282900989055634
0.2386663556098938 0.25628969073295593
0.2372101992368698 0.2528877258300781
0.23788723349571228 0.288161963224411
0.23851659893989563 0.2659740149974823
0.23637698590755463 0.2688007652759552
0.23878619074821472 0.2612452208995819
0.23445135354995728 0.2840558588504791
0.23645424842834473 0.2690560519695282
0.2366018444299698 0.30275484919548035
0.23647049069404602 0.25483477115631104
0.23801036179065704 0.33856919407844543
0.23907668888568878 0.3491588532924652
0.23494787514209747 0.246965229511261
0.23381011188030243 0.2520979344844818
0.23385444283485413 0.2525333762168884
0.236556738615036 0.2444402128458023
0.23359116911888123 0.2574758231639862
0.23639081418514252 0.2595427632331848
0.2325112521648407 0.25092411041259766
0.23256291449069977 0.23731710016727448
0.23194968700408936 0.2567715644836426
0.2315763235092163 0.2374337911605835
0.232572540640831 0.24183793365955353
0.2326423078775406 0.23993609845638275
0.23281514644622803 0.2655983567237854
0.23241344094276428 0.24796658754348755
0.22920045256614685 0.24039974808692932
0.2321261763572693 0.2550015151500702
0.23098377883434296 0.2475535124540329
0.2304612398147583 0.27622973918914795
0.23028363287448883 0.25495901703834534
0.23229631781578064 0.2899952530860901
0.22923022508621216 0.2480570375919342
0.2298441082239151 0.23996205627918243
0.2311321198940277 0.2914970815181732
0.22936083376407623 0.24241895973682404
0.22872711718082428 0.26056912541389465
0.23037874698638916 0.2599583566188812
0.22924676537513733 0.26497647166252136
0.2276369035243988 0.23893806338310242
0.22707462310791016 0.2421254813671112
0.22765356302261353 0.23916566371917725
0.22884464263916016 0.24614356458187103
0.22735321521759033 0.22975464165210724
0.22614695131778717 0.24992474913597107
0.22987760603427887 0.24959351122379303
0.22695975005626678 0.2412448227405548
0.2265692949295044 0.25595712661743164
0.2292410433292389 0.27739062905311584
0.22684352099895477 0.25428900122642517
0.22501613199710846 0.24126167595386505
0.22809691727161407 0.25677600502967834
0.2275611013174057 0.24311868846416473
0.22729717195034027 0.22851531207561493
0.226327046751976 0.23296122252941132
0.22777006030082703 0.24257878959178925
0.22722353041172028 0.24110907316207886
0.22462895512580872 0.24422964453697205
0.22692202031612396 0.2622722089290619
0.2272828221321106 0.23495617508888245
0.22596465051174164 0.2579366862773895
0.22612451016902924 0.2450435757637024
0.2237524390220642 0.2554069757461548
0.22702321410179138 0.3322063088417053
0.22578835487365723 0.2318740338087082
0.22530066967010498 0.22960501909255981
0.22356131672859192 0.23443156480789185
0.22598175704479218 0.24866069853305817
0.22455956041812897 0.23150764405727386
0.2240525335073471 0.267827570438385
0.22415472567081451 0.23951216042041779
0.22288301587104797 0.2790753245353699
0.22320210933685303 0.23628823459148407
0.22451117634773254 0.24178928136825562
0.2239251583814621 0.2307998090982437
0.22583329677581787 0.26627057790756226
0.22381873428821564 0.24448251724243164
0.22353588044643402 0.22545218467712402
0.2256166636943817 0.2606871426105499
0.2231966108083725 0.23014423251152039
0.22257228195667267 0.23292461037635803
0.22385786473751068 0.25062841176986694
0.223418727517128 0.24810658395290375
0.22120290994644165 0.23560763895511627
0.2230677455663681 0.2337389439344406
0.22103382647037506 0.22073383629322052
0.22245557606220245 0.2313651591539383
0.22075319290161133 0.2515641450881958
0.221636101603508 0.2657601833343506
0.22210484743118286 0.2505226135253906
0.22239641845226288 0.2316417545080185
0.22035042941570282 0.24774374067783356
0.22142735123634338 0.23089075088500977
0.22136317193508148 0.24987922608852386
0.2206784337759018 0.23123501241207123
0.22091013193130493 0.23545704782009125
0.22011569142341614 0.23043681681156158
0.2221681773662567 0.23324592411518097
0.2193070501089096 0.24636662006378174
0.21910348534584045 0.232840433716774
0.22026661038398743 0.30081117153167725
0.21959714591503143 0.23100528120994568
0.2214571088552475 0.24470967054367065
0.22039081156253815 0.2511196434497833
0.22032509744167328 0.23423299193382263
0.22031790018081665 0.2498525232076645
0.21876810491085052 0.23527303338050842
0.21900908648967743 0.23705440759658813
0.2190333753824234 0.26356324553489685
0.22028930485248566 0.2618017792701721
0.21879705786705017 0.2314002513885498
0.2187732458114624 0.2320803999900818
0.2170829027891159 0.2625364363193512
0.21955165266990662 0.24703000485897064
0.22209863364696503 0.22788284718990326
0.21857525408267975 0.22790928184986115
0.2191503345966339 0.24732822179794312
0.21970176696777344 0.23737840354442596
0.21865642070770264 0.24146310985088348
0.21869301795959473 0.2503155469894409
0.21840716898441315 0.26129916310310364
0.21721068024635315 0.2338314801454544
0.21866187453269958 0.23226715624332428
0.2177906483411789 0.2448391169309616
0.21817874908447266 0.24444124102592468
0.2170449197292328 0.23881644010543823
0.21875877678394318 0.24483442306518555
0.21645697951316833 0.23404590785503387
0.2174440622329712 0.2214825600385666
0.2186710238456726 0.23841601610183716
0.21695981919765472 0.23870967328548431
0.2184978574514389 0.23891636729240417
0.21751436591148376 0.2362227439880371
0.21771855652332306 0.23706601560115814
0.21721872687339783 0.23292702436447144
0.21686021983623505 0.28005725145339966
0.215534970164299 0.22167330980300903
0.21708308160305023 0.2429809421300888
0.21717317402362823 0.22538898885250092
0.21820616722106934 0.2357368916273117
0.21486635506153107 0.25500360131263733
0.21585842967033386 0.244756281375885
0.2148309350013733 0.2269984632730484
0.2158038318157196 0.23026655614376068
0.21500681340694427 0.21798191964626312
0.21817074716091156 0.27661314606666565
0.21927407383918762 0.21539436280727386
0.21762478351593018 0.22328199446201324
0.21395640075206757 0.24881097674369812
0.21556998789310455 0.22915799915790558
0.21464022994041443 0.2334766983985901
0.21502360701560974 0.23869143426418304
0.21562537550926208 0.2261630743741989
0.21585646271705627 0.2360784262418747
0.21524767577648163 0.2338806390762329
0.21533283591270447 0.23492690920829773
0.21587246656417847 0.22002315521240234
0.21483047306537628 0.22314898669719696
0.2159022092819214 0.2279682457447052
0.2140020877122879 0.22309349477291107
0.21400322020053864 0.23368453979492188
0.2148672342300415 0.24547496438026428
0.21262042224407196 0.22296234965324402
0.2128412276506424 0.23922356963157654
0.21350719034671783 0.2298572063446045
0.21217423677444458 0.23106999695301056
0.21595659852027893 0.22139199078083038
0.21362146735191345 0.25091075897216797
0.21459873020648956 0.23728880286216736
0.21401247382164001 0.2440701574087143
0.21246859431266785 0.23809204995632172
0.2143395096063614 0.2190321683883667
0.21193063259124756 0.2750384211540222
0.21397262811660767 0.21562804281711578
0.2142581343650818 0.25007164478302
0.21462354063987732 0.2430306375026703
0.21237431466579437 0.22752593457698822
0.21326224505901337 0.2191377729177475
0.21250542998313904 0.24241627752780914
0.2150208204984665 0.24502094089984894
0.21181587874889374 0.23097224533557892
0.214077427983284 0.2494266927242279
0.21245288848876953 0.2556537687778473
0.21528245508670807 0.23842687904834747
0.2126971185207367 0.22388775646686554
0.21375645697116852 0.22541303932666779
0.21297654509544373 0.23203971982002258
0.21179187297821045 0.24293014407157898
0.21259705722332 0.2224658727645874
0.21130666136741638 0.22318708896636963
0.21052497625350952 0.23378024995326996
0.2120586484670639 0.2415567934513092
0.21270807087421417 0.22915306687355042
0.21116966009140015 0.2216821312904358
0.21221975982189178 0.22054381668567657
0.21278122067451477 0.2314765453338623
0.2107323408126831 0.2363569438457489
0.21455027163028717 0.2622949779033661
0.21113988757133484 0.23460453748703003
0.2128317952156067 0.22659572958946228
0.2107887864112854 0.24056674540042877
0.21027879416942596 0.23187720775604248
0.21207880973815918 0.2186794877052307
0.210311621427536 0.26102444529533386
0.21081309020519257 0.2197112888097763
0.21068349480628967 0.23166371881961823
0.2139689177274704 0.2232629358768463
0.2106579691171646 0.23549480736255646
0.21211445331573486 0.23515585064888
0.2109891027212143 0.2150093913078308
0.20999035239219666 0.2193128764629364
0.20914936065673828 0.2340206354856491
0.2105894833803177 0.21807228028774261
0.21075983345508575 0.23024839162826538
0.209445059299469 0.24484260380268097
0.21019208431243896 0.23639799654483795
0.20900224149227142 0.22292359173297882
0.21035577356815338 0.2258962094783783
0.2109985053539276 0.22480390965938568
0.21158821880817413 0.22590647637844086
0.21001054346561432 0.23346053063869476
0.21070913970470428 0.22488296031951904
0.20995374023914337 0.25653722882270813
0.20819240808486938 0.2249341607093811
0.20814929902553558 0.23924554884433746
0.2091679871082306 0.2503392994403839
0.20703351497650146 0.25910869240760803
0.20982195436954498 0.2121041715145111
0.2074403464794159 0.21364270150661469
0.21010881662368774 0.2422862946987152
0.2091270387172699 0.2868104875087738
0.2098602056503296 0.2169843465089798
0.20958121120929718 0.22038140892982483
0.20890551805496216 0.23863272368907928
0.20934820175170898 0.22657963633537292
0.20957447588443756 0.2416660338640213
0.20765918493270874 0.22540822625160217
0.21014977991580963 0.25678205490112305
0.20627452433109283 0.21786083281040192
0.20788107812404633 0.22246205806732178
0.2084735929965973 0.2375182956457138
0.20605407655239105 0.22239407896995544
0.20894445478916168 0.22342216968536377
0.20875558257102966 0.22400407493114471
0.2065231204032898 0.23841463029384613
0.20860177278518677 0.2265043705701828
0.2104192078113556 0.22027577459812164
0.20572704076766968 0.21895502507686615
0.2080617994070053 0.2219735085964203
0.20637567341327667 0.24988223612308502
0.20645292103290558 0.21950995922088623
0.2082177847623825 0.24615618586540222
0.20498622953891754 0.2461598813533783
0.20638184249401093 0.22454066574573517
0.2073722779750824 0.22132083773612976
0.20762595534324646 0.26403480768203735
0.20577585697174072 0.2430819422006607
0.20605455338954926 0.25082680583000183
0.2062958925962448 0.22062289714813232
0.20557639002799988 0.26047971844673157
0.20729604363441467 0.21982744336128235
0.20493657886981964 0.2335268259048462
0.2057238519191742 0.2157905548810959
0.2063366025686264 0.2289678007364273
0.20460009574890137 0.2236914485692978
0.20703108608722687 0.2512468695640564
0.20541484653949738 0.24568119645118713
0.20547664165496826 0.22815364599227905
0.20593994855880737 0.2287152260541916
0.20562075078487396 0.2191324532032013
0.20619042217731476 0.22753003239631653
0.20484085381031036 0.24628673493862152
0.20416602492332458 0.21798716485500336
0.20678704977035522 0.22455677390098572
0.2049688696861267 0.23131927847862244
0.20457231998443604 0.22759570181369781
0.20552989840507507 0.22675944864749908
0.2051708996295929 0.21848587691783905
0.20395983755588531 0.2850511074066162
0.20518185198307037 0.22130514681339264
0.20670312643051147 0.24016332626342773
0.20562699437141418 0.22802814841270447
0.20410840213298798 0.25393426418304443
0.20561349391937256 0.21617664396762848
0.20420493185520172 0.2217976301908493
0.20504726469516754 0.24076876044273376
0.20625588297843933 0.24948205053806305
0.2069677710533142 0.293146550655365
0.2042277306318283 0.22439056634902954
0.20503221452236176 0.21956048905849457
0.20435459911823273 0.2222021520137787
0.20284011960029602 0.21760094165802002
0.2029455453157425 0.22464677691459656
0.20530620217323303 0.21850302815437317
0.20404988527297974 0.2113606333732605
0.2019355595111847 0.22122400999069214
0.2047869861125946 0.23276925086975098
0.20376642048358917 0.22791248559951782
0.2042204886674881 0.24896003305912018
0.20440886914730072 0.2189323753118515
0.20422667264938354 0.23154287040233612
0.2058938890695572 0.21519820392131805
0.20374256372451782 0.21222707629203796
0.2061065137386322 0.23687581717967987
0.2043381631374359 0.2121473103761673
0.2043774276971817 0.25270867347717285
0.20428885519504547 0.2359318733215332
0.203420028090477 0.21597498655319214
0.20381012558937073 0.21462906897068024
0.20327728986740112 0.2187839150428772
0.20394523441791534 0.2147306501865387
0.2034757435321808 0.22837528586387634
0.2042078673839569 0.2156236171722412
0.20194120705127716 0.23298625648021698
0.2012525498867035 0.22278031706809998
0.2014855146408081 0.2083979994058609
0.20272420346736908 0.22466892004013062
0.20231540501117706 0.22120380401611328
0.20355632901191711 0.2542053759098053
0.2043163776397705 0.2203698605298996
0.2018086463212967 0.2429373860359192
0.20219887793064117 0.22300615906715393
0.20186692476272583 0.2119385302066803
0.20387522876262665 0.26357680559158325
0.2028808444738388 0.21784277260303497
0.20275534689426422 0.21367043256759644
0.20449738204479218 0.21662485599517822
0.19929741322994232 0.217753604054451
0.2025536298751831 0.24264077842235565
0.20223723351955414 0.22588421404361725
0.20232221484184265 0.21804405748844147
0.20298364758491516 0.2282503843307495
0.20125111937522888 0.2142573744058609
0.20111805200576782 0.22746270895004272
0.2020440697669983 0.24889232218265533
0.2019241452217102 0.2155536711215973
0.20182907581329346 0.2495909184217453
0.20088864862918854 0.22077690064907074
0.19997142255306244 0.20929864048957825
0.20343832671642303 0.22412294149398804
0.2016439586877823 0.20792429149150848
0.20035912096500397 0.2182382494211197
0.20087429881095886 0.21366293728351593
0.20032916963100433 0.22839513421058655
0.2011801153421402 0.23396392166614532
0.20096540451049805 0.2539651691913605
0.201035276055336 0.21279387176036835
0.20017758011817932 0.2323698252439499
0.2009672224521637 0.22721083462238312
0.20254023373126984 0.21341870725154877
0.2027050405740738 0.21944637596607208
0.20069637894630432 0.2471463978290558
0.1998491734266281 0.21185995638370514
0.20105235278606415 0.20526698231697083
0.19979187846183777 0.21352232992649078
0.19933359324932098 0.26020514965057373
0.19947172701358795 0.2125897854566574
0.2000102400779724 0.2061568796634674
0.20009508728981018 0.21976785361766815
0.1999111771583557 0.21096472442150116
0.20298409461975098 0.21789997816085815
0.19999976456165314 0.20455560088157654
0.2007582038640976 0.20859281718730927
0.2028215378522873 0.22651530802249908
0.19871695339679718 0.2095470130443573
0.199878990650177 0.23600438237190247
0.1996268630027771 0.2074228823184967
0.20004795491695404 0.23029685020446777
0.20074404776096344 0.20397989451885223
0.20026366412639618 0.21635526418685913
0.19797036051750183 0.2153598517179489
0.20020106434822083 0.21172299981117249
0.19863179326057434 0.2538965940475464
0.19875763356685638 0.20306426286697388
0.19945624470710754 0.2912701666355133
0.19806620478630066 0.22050996124744415
0.19757908582687378 0.20753757655620575
0.19913512468338013 0.27196189761161804
0.1987544447183609 0.234563946723938
0.19852669537067413 0.2070062756538391
0.1963374763727188 0.2212757170200348
0.19779320061206818 0.21266953647136688
0.20012052357196808 0.21879296004772186
0.19936488568782806 0.20223824679851532
0.19894027709960938 0.22476886212825775
0.19912442564964294 0.21644152700901031
0.19839435815811157 0.21980389952659607
0.19925756752490997 0.21299190819263458
0.19791200757026672 0.21225830912590027
0.1992676854133606 0.20839428901672363
0.19815902411937714 0.22151830792427063
0.19974203407764435 0.2245035022497177
0.19932502508163452 0.2109888643026352
0.198185995221138 0.24923360347747803
0.19973185658454895 0.2052997350692749
0.19813667237758636 0.2535133361816406
0.19744808971881866 0.22435329854488373
0.1977996826171875 0.21147260069847107
0.19768062233924866 0.2029293328523636
0.19840577244758606 0.2325688749551773
0.1989322453737259 0.22915302217006683
0.19729237258434296 0.2158677875995636
0.1980038732290268 0.2154310792684555
0.19754727184772491 0.2046670764684677
0.19797447323799133 0.23246538639068604
0.19806386530399323 0.21567471325397491
0.19733470678329468 0.23510023951530457
0.1970674991607666 0.21971310675144196
0.20014820992946625 0.22386765480041504
0.1958993673324585 0.210011824965477
0.19774650037288666 0.2160571962594986
0.1987948715686798 0.24112781882286072
0.19739405810832977 0.2189379632472992
0.1966940015554428 0.2262953519821167
0.19624294340610504 0.2123294174671173
0.1964236944913864 0.24391022324562073
0.19787023961544037 0.20968595147132874
0.19796699285507202 0.24784310162067413
0.19645491242408752 0.20949578285217285
0.1959737241268158 0.20407050848007202
0.19737012684345245 0.2111680656671524
0.1963353157043457 0.21417510509490967
0.19643938541412354 0.21103787422180176
0.19736488163471222 0.21124374866485596
0.19715504348278046 0.2263735830783844
0.19564466178417206 0.21092084050178528
0.19729754328727722 0.28027310967445374
0.19612941145896912 0.21559317409992218
0.1977868527173996 0.22002823650836945
0.1974438577890396 0.2012094110250473
0.1955990493297577 0.20618034899234772
0.19763530790805817 0.21565766632556915
0.1953514963388443 0.21951012313365936
0.19654697179794312 0.23336416482925415
0.19673416018486023 0.2145177125930786
0.1956632286310196 0.20936818420886993
0.19584454596042633 0.217768132686615
0.19430221617221832 0.23338854312896729
0.1959451287984848 0.21180041134357452
0.19696012139320374 0.22789964079856873
0.19617663323879242 0.2331792116165161
0.19603027403354645 0.21253004670143127
0.19660620391368866 0.21077106893062592
0.1950724571943283 0.1995750516653061
0.1951073408126831 0.2274702936410904
0.19666805863380432 0.21898362040519714
0.1958327293395996 0.21439588069915771
0.19530564546585083 0.21688593924045563
0.19445450603961945 0.21588431298732758
0.19540952146053314 0.2109437882900238
0.19605685770511627 0.22853800654411316
0.1951703131198883 0.24801746010780334
0.19598343968391418 0.22694368660449982
0.195172980427742 0.20481263101100922
0.19605672359466553 0.20547308027744293
0.1952396035194397 0.20801791548728943
0.19504055380821228 0.21010494232177734
0.19547459483146667 0.2042117863893509
0.19542552530765533 0.2274797260761261
0.19391924142837524 0.20829592645168304
0.19570696353912354 0.2008523792028427
0.1949152797460556 0.22845743596553802
0.1949109584093094 0.21444663405418396
0.194830983877182 0.23218104243278503
0.1950303018093109 0.19916579127311707
0.19583554565906525 0.21598373353481293
0.19526846706867218 0.20181173086166382
0.19598671793937683 0.22175614535808563
0.1942855268716812 0.22588324546813965
0.1956903338432312 0.21003010869026184
0.19491630792617798 0.22005829215049744
0.19573837518692017 0.20940011739730835
0.19535620510578156 0.21844260394573212
0.19561830163002014 0.21783588826656342
0.19380618631839752 0.23105968534946442
0.19544784724712372 0.22682085633277893
0.1942542940378189 0.21714863181114197
0.19562503695487976 0.2123037725687027
0.19515344500541687 0.20676183700561523
0.19445393979549408 0.22058804333209991
0.19210347533226013 0.21411891281604767
0.193874791264534 0.20764818787574768
0.19462770223617554 0.2081315666437149
0.19585591554641724 0.2228224128484726
0.19460538029670715 0.21291951835155487
0.1952372044324875 0.21084780991077423
0.19582980871200562 0.2382616400718689
0.19330686330795288 0.2041589617729187
0.19453711807727814 0.2054554671049118
0.19503378868103027 0.2008058726787567
0.19563424587249756 0.24567563831806183
0.19437415897846222 0.20536090433597565
0.19464373588562012 0.250723272562027
0.1940649151802063 0.19904233515262604
0.19465398788452148 0.1977602243423462
0.1946035921573639 0.20999491214752197
0.19519886374473572 0.2234259992837906
0.19413453340530396 0.214064359664917
0.19438455998897552 0.20522643625736237
0.19405677914619446 0.21098898351192474
0.19185182452201843 0.21416591107845306
0.19291868805885315 0.19701352715492249
0.19457028806209564 0.24002331495285034
0.19223397970199585 0.210683211684227
0.19422782957553864 0.20430536568164825
0.1932944357395172 0.2248433530330658
0.19284069538116455 0.21775071322917938
0.19365562498569489 0.2108994871377945
0.19309966266155243 0.23056504130363464
0.19328099489212036 0.21760769188404083
0.19429895281791687 0.2139788568019867
0.19407695531845093 0.2129291296005249
0.19190634787082672 0.21713073551654816
0.1931275874376297 0.20589245855808258
0.19398362934589386 0.20768828690052032
0.19354577362537384 0.20951086282730103
0.1942298263311386 0.22766996920108795
0.19244477152824402 0.2032877802848816
0.19199824333190918 0.203163743019104
0.1919291764497757 0.19807936251163483
0.19281938672065735 0.23439954221248627
0.19413475692272186 0.22003839910030365
0.19267940521240234 0.20791275799274445
0.19162556529045105 0.20634648203849792
0.1919688731431961 0.20202158391475677
0.19276323914527893 0.20444095134735107
0.19247721135616302 0.21875354647636414
0.19225972890853882 0.20880632102489471
0.19322147965431213 0.20207464694976807
0.1907331496477127 0.2211611270904541
0.19221821427345276 0.21593284606933594
0.1930805742740631 0.21457728743553162
0.1915484368801117 0.22074894607067108
0.19189848005771637 0.19956882297992706
0.19233237206935883 0.20579427480697632
0.19157734513282776 0.19738025963306427
0.1919991374015808 0.21233797073364258
0.19080586731433868 0.2083773910999298
0.19170421361923218 0.20885926485061646
0.19142800569534302 0.20936450362205505
0.19131875038146973 0.21901538968086243
0.19237211346626282 0.21478042006492615
0.19160990417003632 0.21741674840450287
0.19088037312030792 0.2169715017080307
0.191665381193161 0.22092744708061218
0.1920977383852005 0.26078832149505615
0.19175121188163757 0.21898145973682404
0.1915501207113266 0.23688943684101105
0.1926085203886032 0.1984119564294815
0.19072258472442627 0.19879110157489777
0.19234241545200348 0.20633329451084137
0.19195963442325592 0.20834800601005554
0.19142551720142365 0.19757170975208282
0.19134877622127533 0.20481519401073456
0.1903894990682602 0.22354935109615326
0.19236309826374054 0.236252561211586
0.19131474196910858 0.26311245560646057
0.191841721534729 0.20457156002521515
0.1903575211763382 0.21883340179920197
0.1929749846458435 0.21008147299289703
0.1924261897802353 0.23303058743476868
0.19264346361160278 0.2321203351020813
0.19012783467769623 0.2407756894826889
0.19131554663181305 0.2122124582529068
0.19132591784000397 0.19777317345142365
0.1910988986492157 0.22627367079257965
0.19017991423606873 0.24926413595676422
