1.5003719329833984 1.5365537405014038
1.480958104133606 1.5012743473052979
1.4777600765228271 1.4988056421279907
1.477273941040039 1.4989482164382935
1.4023494720458984 1.2463899850845337
1.1969213485717773 1.1205464601516724
0.9725008606910706 0.890865683555603
0.8378286957740784 0.8371608257293701
0.783760666847229 0.7804349064826965
0.7584120035171509 0.8749035000801086
0.7359392046928406 0.7712433338165283
0.7278342247009277 0.7151353359222412
0.7129268646240234 0.7128980755805969
0.7000302672386169 0.7055944800376892
0.6975590586662292 0.7984244227409363
0.685998260974884 0.6736178994178772
0.6825388669967651 0.6797623634338379
0.6717675924301147 0.6817540526390076
0.6679561138153076 0.6596235036849976
0.6612791419029236 0.6700523495674133
0.657935619354248 0.6559342741966248
0.657490074634552 0.6826591491699219
0.6521667838096619 0.6987098455429077
0.645928144454956 0.7515714764595032
0.6434251070022583 0.7035185694694519
0.6404178142547607 0.667846143245697
0.6364393830299377 0.670026957988739
0.6348865628242493 0.6773192286491394
0.6329634785652161 0.6700617074966431
0.6282181143760681 0.6342188119888306
0.6276147365570068 0.6384751200675964
0.6241145133972168 0.639327883720398
0.624322235584259 0.6482155919075012
0.620140552520752 0.6283739805221558
0.6185545325279236 0.6279637813568115
0.6202301979064941 0.6382626295089722
0.6173360347747803 0.6423439979553223
0.6161484718322754 0.618584394454956
0.614945113658905 0.6080226302146912
0.6129369735717773 0.6148677468299866
0.6105459928512573 0.615436315536499
0.6127018332481384 0.6224246621131897
0.6081421375274658 0.6426796317100525
0.609103798866272 0.6214067935943604
0.6068937182426453 0.6188700199127197
0.6075084209442139 0.6127464175224304
0.6080362200737 0.6344652771949768
0.6047149300575256 0.6437289714813232
0.6030356287956238 0.6210123300552368
0.6051173806190491 0.6656333208084106
0.6031685471534729 0.6049312949180603
0.6039061546325684 0.6219149231910706
0.6040202379226685 0.615787148475647
0.6024733781814575 0.6239796280860901
0.6005922555923462 0.6108386516571045
0.598967969417572 0.6199968457221985
0.5986116528511047 0.5987738370895386
0.5974298715591431 0.6479775905609131
0.5989882946014404 0.6642755270004272
0.5990325808525085 0.6347668170928955
0.598048746585846 0.6479041576385498
0.5991615056991577 0.6190653443336487
0.5961133241653442 0.6159248948097229
0.5956634283065796 0.6317815184593201
0.5972349643707275 0.6184529662132263
0.5944061279296875 0.5984945893287659
0.5933027267456055 0.6503384113311768
0.5931227803230286 0.6134073138237
0.5953712463378906 0.6155281066894531
0.5941768884658813 0.6203528046607971
0.5921468138694763 0.598437488079071
0.5935857892036438 0.6080592274665833
0.5935930013656616 0.6078433394432068
0.5936914086341858 0.6042326092720032
0.5916339755058289 0.6013864278793335
0.5923495292663574 0.6057421565055847
0.5904483795166016 0.6155909895896912
0.5904239416122437 0.6168472170829773
0.591713011264801 0.5982852578163147
0.5891972184181213 0.6007910370826721
0.5893361568450928 0.5911986827850342
0.5883424282073975 0.6105979681015015
0.5889626145362854 0.5971826314926147
0.5870876312255859 0.5925911068916321
0.5860172510147095 0.6008862853050232
0.5866607427597046 0.6166472434997559
0.5871235132217407 0.6105951070785522
0.5876097083091736 0.6386228203773499
0.5872840285301208 0.6820802688598633
0.5852994322776794 0.5905327796936035
0.5856332182884216 0.6206681728363037
0.5852526426315308 0.60813307762146
0.5828109979629517 0.6099415421485901
0.5835443735122681 0.6097549200057983
0.5838000178337097 0.6450946927070618
0.5812731385231018 0.640895664691925
0.5854942798614502 0.5913451910018921
0.5845094919204712 0.6324392557144165
0.584600567817688 0.594809353351593
0.5830199718475342 0.6156613826751709
0.5835831165313721 0.6085460186004639
0.5807559490203857 0.605372965335846
0.5819213390350342 0.6033674478530884
0.5819220542907715 0.5988442301750183
0.5826322436332703 0.5889736413955688
0.578874409198761 0.6000531911849976
0.5819045901298523 0.6168283820152283
0.580817699432373 0.5866092443466187
0.5796666145324707 0.6006677746772766
0.5802274942398071 0.6031098365783691
0.5803694725036621 0.5920344591140747
0.5797825455665588 0.6530407071113586
0.5788286924362183 0.6442857384681702
0.579682469367981 0.5894107818603516
0.5799688696861267 0.5985538959503174
0.578472375869751 0.595766007900238
0.5759500861167908 0.6178967952728271
0.5769765377044678 0.6641151309013367
0.5771453976631165 0.6325989961624146
0.5760276317596436 0.5928386449813843
0.5754743218421936 0.6619797348976135
0.5758436322212219 0.5842154622077942
0.5754380822181702 0.5978408455848694
0.5772293210029602 0.5854333639144897
0.5741835236549377 0.6232790946960449
0.5753129720687866 0.589074432849884
0.5754891633987427 0.620261013507843
0.5752491354942322 0.6043313145637512
0.5733846426010132 0.5952518582344055
0.5748511552810669 0.6070961952209473
0.5738468766212463 0.601566731929779
0.5765098333358765 0.604901909828186
0.575019359588623 0.6159867644309998
0.5731247067451477 0.6893108487129211
0.5734612345695496 0.6090059876441956
0.5737595558166504 0.6053124666213989
0.5730627775192261 0.5960873961448669
0.5736813545227051 0.5908141136169434
0.5718439221382141 0.611242413520813
0.5729166865348816 0.5928263664245605
0.573189377784729 0.5797111988067627
0.5728437900543213 0.5877302289009094
0.5727547407150269 0.5989669561386108
0.5725448131561279 0.6102327108383179
0.5713716149330139 0.5873311161994934
0.5710836052894592 0.5963468551635742
0.5705869793891907 0.5994185209274292
0.570550262928009 0.593104362487793
0.5694321393966675 0.5911506414413452
0.5706562995910645 0.5974836945533752
0.5699629783630371 0.5856745839118958
0.5697241425514221 0.5941657423973083
0.56950843334198 0.6038316488265991
0.5691602826118469 0.582648515701294
0.5678480267524719 0.5949836373329163
0.5683079957962036 0.5832257270812988
0.5693678855895996 0.5902486443519592
0.5691035985946655 0.5891319513320923
0.5689273476600647 0.6126618385314941
0.5690166354179382 0.6198298931121826
0.5669535994529724 0.5826601982116699
0.5683067440986633 0.6154055595397949
0.5693220496177673 0.5886731743812561
0.5680108666419983 0.6012710928916931
0.5688557028770447 0.5910810828208923
0.5664153695106506 0.5974649786949158
0.5674837827682495 0.5937967896461487
0.5670872926712036 0.5960079431533813
0.5670074224472046 0.5932109951972961
0.5669654011726379 0.621943473815918
0.5673221945762634 0.6008108854293823
0.565417468547821 0.5947225689888
0.567384660243988 0.6423876881599426
0.565636396408081 0.5950357913970947
0.5669032335281372 0.5822370648384094
0.5672965049743652 0.59624844789505
0.5661689043045044 0.6091046929359436
0.5664563775062561 0.588762640953064
0.5655537843704224 0.5903084874153137
0.565762996673584 0.5995803475379944
0.5665317177772522 0.5973144769668579
0.5664414763450623 0.5861256122589111
0.5656909942626953 0.6098474264144897
0.5637131929397583 0.6290315985679626
0.5652711391448975 0.5955406427383423
0.5640782117843628 0.6044423580169678
0.5656661987304688 0.597769558429718
0.5629043579101562 0.5911020040512085
0.5655514597892761 0.5969303250312805
0.5645713806152344 0.5889649391174316
0.5651471614837646 0.5902814865112305
0.563850462436676 0.5900365710258484
0.5636414289474487 0.6189160943031311
0.5632393956184387 0.6261400580406189
0.5637425780296326 0.5892526507377625
0.5643112659454346 0.6173211932182312
0.5624083876609802 0.6132237315177917
0.5633196830749512 0.5898414850234985
0.5631262063980103 0.5928968787193298
0.5628939270973206 0.6132634282112122
0.5622596144676208 0.6039130091667175
0.5629156827926636 0.6112431287765503
0.5632364749908447 0.596598744392395
0.5621970295906067 0.57988440990448
0.5624686479568481 0.600701630115509
0.5619605779647827 0.6091503500938416
0.5624083876609802 0.5844560265541077
0.5617378354072571 0.5994732975959778
0.5620175004005432 0.588350772857666
0.562628448009491 0.6344236731529236
0.5616599321365356 0.6034025549888611
0.5622702240943909 0.584728479385376
0.5611819624900818 0.5988151431083679
0.5608454346656799 0.5865043997764587
0.5600664615631104 0.5896759033203125
0.5608600974082947 0.5917401909828186
0.5610974431037903 0.6127995252609253
0.5613293051719666 0.5838122963905334
0.5608302354812622 0.596488356590271
0.5615749359130859 0.5922608971595764
0.5593777298927307 0.5859194993972778
0.5612990260124207 0.5843306183815002
0.5604228377342224 0.6055169701576233
0.5593398809432983 0.5855306386947632
0.5602180361747742 0.595443844795227
0.5592477917671204 0.5876428484916687
0.560141384601593 0.5778108239173889
0.5592316389083862 0.5952173471450806
0.5615725517272949 0.5950281023979187
0.5597901344299316 0.602694571018219
0.5598909258842468 0.5873117446899414
0.5585039854049683 0.6092318892478943
0.5592559576034546 0.5816228985786438
0.5591063499450684 0.6141880750656128
0.5588595271110535 0.598926305770874
0.5588176846504211 0.6059118509292603
0.5581859350204468 0.6120672821998596
0.5587078332901001 0.5817369818687439
0.558645486831665 0.5869207978248596
0.5594707727432251 0.5917659997940063
0.5568644404411316 0.5965187549591064
0.5590439438819885 0.5926131010055542
0.5574663281440735 0.5855880379676819
0.5576767921447754 0.5867723226547241
0.5583208203315735 0.5989347696304321
0.5583044290542603 0.5910508632659912
0.5576809048652649 0.5885969400405884
0.5574716925621033 0.6203405261039734
0.5561492443084717 0.5841596126556396
0.5563439726829529 0.5850302577018738
0.557526171207428 0.588769793510437
0.5587228536605835 0.5940298438072205
0.5574339032173157 0.5930718183517456
0.5567354559898376 0.5963663458824158
0.5586721897125244 0.5984596014022827
0.5584834814071655 0.5948237180709839
0.5563367605209351 0.6345593929290771
0.5558458566665649 0.6072201728820801
0.5574429631233215 0.5977094173431396
0.5564830303192139 0.6116838455200195
0.5572733879089355 0.605642557144165
0.5562388300895691 0.5990132093429565
0.556334376335144 0.6056190729141235
0.5553972721099854 0.5925401449203491
0.5572687387466431 0.6338186264038086
0.5573944449424744 0.6065049767494202
0.5566868782043457 0.5902649164199829
0.5571908354759216 0.6017916798591614
0.556058943271637 0.6252638101577759
0.5542958378791809 0.5804820656776428
0.5572963953018188 0.5845558047294617
0.5549150109291077 0.5828284621238708
0.5564788579940796 0.6007090210914612
0.5545505881309509 0.62144935131073
0.5559726357460022 0.6124385595321655
0.5558192729949951 0.588228702545166
0.5548807978630066 0.58979332447052
0.5557743906974792 0.5816805362701416
0.5543408393859863 0.5922631025314331
0.5553954243659973 0.5935415625572205
0.5542263388633728 0.6092473268508911
0.5524442791938782 0.6207477450370789
0.5535665154457092 0.5849332213401794
0.5536797642707825 0.6117875576019287
0.5534536242485046 0.5839821100234985
0.5544981956481934 0.5864282250404358
0.5532815456390381 0.5875634551048279
0.5540055632591248 0.5941587686538696
0.5555487275123596 0.6028500199317932
0.5541262030601501 0.5897324085235596
0.553557276725769 0.5918383598327637
0.5554944276809692 0.5905178189277649
0.553575873374939 0.5838863253593445
0.5530418753623962 0.5913917422294617
0.5532982349395752 0.6123601198196411
0.5529441833496094 0.5957714915275574
0.5538575649261475 0.5802010297775269
0.5523626208305359 0.5986312031745911
0.5533016920089722 0.6125589609146118
0.5535915493965149 0.6027605533599854
0.5531685948371887 0.5864596366882324
0.5533745884895325 0.5902218222618103
0.5524529218673706 0.5895382165908813
0.553138256072998 0.5893410444259644
0.5516433715820312 0.5968723893165588
0.552379846572876 0.5848326683044434
0.5533099174499512 0.5987198948860168
0.5504134893417358 0.5895172953605652
0.5519929528236389 0.6001058220863342
0.5517184138298035 0.586720883846283
0.5519772171974182 0.6028038859367371
0.5516430139541626 0.6171529293060303
0.5538544654846191 0.5928558111190796
0.5531584620475769 0.6268681883811951
0.5520216226577759 0.5835471749305725
0.5532773733139038 0.6054045557975769
0.5506072044372559 0.6046153903007507
0.5516542196273804 0.5999549627304077
0.5526483058929443 0.5887521505355835
0.5518158078193665 0.5880169868469238
0.550464391708374 0.6088382601737976
0.5512747764587402 0.5880633592605591
0.5503595471382141 0.5847680568695068
0.5514343976974487 0.6200219392776489
0.5525416135787964 0.6011898517608643
0.5515146851539612 0.5964356064796448
0.5511098504066467 0.5922023057937622
0.5518395304679871 0.5854536294937134
0.5499139428138733 0.596580445766449
0.5504435896873474 0.6190733313560486
0.5499681830406189 0.5870905518531799
0.5513805747032166 0.5950596928596497
0.5502325296401978 0.6073005795478821
0.5486739277839661 0.6351043581962585
0.5491989850997925 0.5823422074317932
0.5490952730178833 0.6008807420730591
0.5496140122413635 0.5979262590408325
0.5474382042884827 0.5864601135253906
0.5494409799575806 0.585138738155365
0.550382137298584 0.6144421696662903
0.5483558177947998 0.5926408767700195
0.5487306118011475 0.599027693271637
0.547840416431427 0.5891716480255127
0.5491560101509094 0.5943108201026917
0.54851233959198 0.602023184299469
0.5483582615852356 0.5868971347808838
0.5497846603393555 0.6336058378219604
0.5487121343612671 0.6425650119781494
0.5483115315437317 0.6000895500183105
0.5496612787246704 0.5979666113853455
0.5484893321990967 0.5903401374816895
0.5482677221298218 0.6107239723205566
0.547050952911377 0.5837518572807312
0.549134373664856 0.5911778807640076
0.549388587474823 0.6480237245559692
0.5497086644172668 0.5901240706443787
0.5493022799491882 0.5925794243812561
0.5476794242858887 0.5838998556137085
0.5476125478744507 0.5921198129653931
0.5472346544265747 0.5843846797943115
0.5485017895698547 0.5827560424804688
0.5477440357208252 0.6088635921478271
0.5482627749443054 0.592835009098053
0.5475616455078125 0.5999635457992554
0.5480215549468994 0.5915263295173645
0.5459558367729187 0.5988289713859558
0.5478622317314148 0.6189457178115845
0.5453665852546692 0.5971673727035522
0.5473311543464661 0.609263002872467
0.5473275184631348 0.6040521860122681
0.5483191013336182 0.5877088904380798
0.5472825765609741 0.6296430826187134
0.5470462441444397 0.5973069667816162
0.548751950263977 0.5918359160423279
0.5473392009735107 0.5842412710189819
0.5491891503334045 0.6050922274589539
0.5469889044761658 0.5906907916069031
0.5471468567848206 0.6073840260505676
0.5466551184654236 0.60172438621521
0.5461444854736328 0.6184771656990051
0.5466130971908569 0.6195501089096069
0.5466999411582947 0.58977210521698
0.5470731258392334 0.5896984934806824
0.5470890998840332 0.5990214943885803
0.5467098355293274 0.5915732383728027
0.5473415851593018 0.6216914057731628
0.5467929840087891 0.6099475622177124
0.5476328730583191 0.6515581011772156
0.5456684231758118 0.621417224407196
0.5461390614509583 0.5850274562835693
0.5443524718284607 0.603387176990509
0.5475800037384033 0.6529974341392517
0.5464538931846619 0.6033560037612915
0.5467928051948547 0.6190503835678101
0.546084463596344 0.5964176654815674
0.546553909778595 0.597053587436676
0.5461808443069458 0.5891706943511963
0.5456621050834656 0.5822307467460632
0.5458285212516785 0.5945057272911072
0.5456590056419373 0.5985760688781738
0.5450448989868164 0.5873302221298218
0.5455586910247803 0.6046966910362244
0.5444857478141785 0.5954672694206238
0.5462387800216675 0.5929458737373352
0.5452152490615845 0.5932537317276001
0.5448795557022095 0.5905603766441345
0.5454738140106201 0.5986181497573853
0.5449825525283813 0.5904794335365295
0.5455203652381897 0.5921774506568909
0.5450879335403442 0.5917242765426636
0.5461734533309937 0.5976486802101135
0.545098066329956 0.6203495860099792
0.5445876121520996 0.6151162981987
0.5462902784347534 0.6022784113883972
0.5458549857139587 0.588921308517456
0.545436441898346 0.5976965427398682
0.5453453063964844 0.6128395795822144
0.5444291234016418 0.5922552347183228
0.54643315076828 0.6123637557029724
0.5440757870674133 0.6020333170890808
0.5458635091781616 0.5869999527931213
0.5435654520988464 0.6106517314910889
0.5429577827453613 0.6085255146026611
0.5440436601638794 0.5918231010437012
0.5447012782096863 0.5871891379356384
0.5434872508049011 0.6094168424606323
0.5445227026939392 0.6087226867675781
0.5437137484550476 0.592941164970398
0.5440431833267212 0.5938212275505066
0.5441563725471497 0.587597668170929
0.5441433191299438 0.5970338582992554
0.5446316599845886 0.6282734274864197
0.5449694991111755 0.6290560960769653
0.5441640019416809 0.6117874383926392
0.5425324440002441 0.5989803671836853
0.5431811213493347 0.5889951586723328
0.5440778732299805 0.5907964110374451
0.5433938503265381 0.6088091731071472
0.5438682436943054 0.5936092138290405
0.5430057048797607 0.6188644170761108
0.5440884232521057 0.5912721157073975
0.5422276258468628 0.6196523904800415
0.5430728197097778 0.5924243330955505
0.5417429208755493 0.6479306817054749
0.5434101819992065 0.5873899459838867
0.5430716872215271 0.5982944369316101
0.5420573949813843 0.6241533756256104
0.5423696637153625 0.5874606370925903
0.5416669249534607 0.6240444779396057
0.5437342524528503 0.592723548412323
0.5437526702880859 0.6021591424942017
0.5424264669418335 0.5876393914222717
0.5433512926101685 0.593869149684906
0.5424607992172241 0.6269276738166809
0.5424723029136658 0.584443211555481
0.5406304597854614 0.64900141954422
0.5410729050636292 0.6032121181488037
0.5402510166168213 0.5928254127502441
0.5420693159103394 0.5900912284851074
0.5408265590667725 0.6056170463562012
0.5409539341926575 0.6204097867012024
0.5417498350143433 0.6342758536338806
0.5404613614082336 0.5999254584312439
0.5408756732940674 0.5964898467063904
0.5413874387741089 0.6009933948516846
0.5408644676208496 0.5982620120048523
0.5392686128616333 0.6160762310028076
0.5392546653747559 0.5968127846717834
0.5408326387405396 0.5913491249084473
0.5408065915107727 0.5837947130203247
0.5389575362205505 0.6214720010757446
0.5383649468421936 0.5919464826583862
0.5394324064254761 0.5969991087913513
0.5394910573959351 0.5970681309700012
0.5389337539672852 0.6047149300575256
0.5395734310150146 0.594043493270874
0.5405454039573669 0.5904438495635986
0.5379915237426758 0.6124705672264099
0.539322018623352 0.582612156867981
0.538489043712616 0.6074567437171936
0.5370169281959534 0.5842083096504211
0.5383179187774658 0.5880509614944458
0.5388759970664978 0.6346975564956665
0.537369430065155 0.5971701741218567
0.5381029844284058 0.5978489518165588
0.5387592315673828 0.5925577282905579
0.5354648232460022 0.5837486982345581
0.5395762324333191 0.5832337141036987
0.5393678545951843 0.6018169522285461
0.5397483706474304 0.5900749564170837
0.5373119115829468 0.5845862030982971
0.5385318398475647 0.5846640467643738
0.5388816595077515 0.5841716527938843
0.5368698239326477 0.5876824259757996
0.5375573635101318 0.5904358625411987
0.5371251702308655 0.5876338481903076
0.5374752879142761 0.5922905206680298
0.5388078689575195 0.607793927192688
0.5372526049613953 0.5846883654594421
0.5379460453987122 0.6083675622940063
