1.4941284656524658 1.6700483560562134
1.4775992631912231 1.6635864973068237
1.4745861291885376 1.6366560459136963
1.4719383716583252 1.6360433101654053
1.4712944030761719 1.6353901624679565
1.4707646369934082 1.6381886005401611
1.4696530103683472 1.6423860788345337
1.4687135219573975 1.6307964324951172
1.4671337604522705 1.630017638206482
1.466157078742981 1.6451109647750854
1.4619532823562622 1.6162840127944946
1.3629075288772583 1.2996065616607666
1.0567617416381836 1.0155739784240723
0.8185974359512329 0.7031617164611816
0.5908656716346741 0.4934093654155731
0.4493890702724457 0.40123844146728516
0.37653976678848267 0.3551939129829407
0.35065779089927673 0.37715744972229004
0.3362245261669159 0.40309545397758484
0.3244434595108032 0.3360005021095276
0.3208406865596771 0.3415983021259308
0.313760370016098 0.3108733296394348
0.30887317657470703 0.3299565613269806
0.30598559975624084 0.31510457396507263
0.29966312646865845 0.32563331723213196
0.2896813154220581 0.2921108305454254
0.2792447805404663 0.28963127732276917
0.26906564831733704 0.29541751742362976
0.26149293780326843 0.27574992179870605
0.2572939395904541 0.2582751512527466
0.251703679561615 0.25558537244796753
0.24500328302383423 0.24852117896080017
0.24054640531539917 0.25169044733047485
0.23993806540966034 0.26328539848327637
0.23477599024772644 0.27630358934402466
0.23251214623451233 0.2359868586063385
0.23016659915447235 0.23127558827400208
0.2263062596321106 0.25031280517578125
0.22516784071922302 0.22737310826778412
0.22374798357486725 0.2433512955904007
0.22151218354701996 0.2544686198234558
0.21979612112045288 0.24924080073833466
0.21730203926563263 0.30396074056625366
0.21487627923488617 0.21572299301624298
0.21282976865768433 0.24415992200374603
0.21238692104816437 0.22192193567752838
0.2101675570011139 0.23609983921051025
0.21122397482395172 0.2352733463048935
0.20887638628482819 0.22197885811328888
0.20594164729118347 0.2160758674144745
0.20673777163028717 0.2073252946138382
0.20560671389102936 0.21284398436546326
0.20662644505500793 0.2120984047651291
0.20491915941238403 0.20603154599666595
0.202899768948555 0.2206300050020218
0.20316621661186218 0.2208905965089798
0.2020411640405655 0.23900583386421204
0.20164282619953156 0.20271143317222595
0.20202241837978363 0.213905468583107
0.20026986300945282 0.2142161726951599
0.2009386420249939 0.20874418318271637
0.20012424886226654 0.22832132875919342
0.19895291328430176 0.19608615338802338
0.19825249910354614 0.20358456671237946
0.1988902986049652 0.20797842741012573
0.19763901829719543 0.1991177350282669
0.19761285185813904 0.19484245777130127
0.19788633286952972 0.20614011585712433
0.1968919187784195 0.20537878572940826
0.19569961726665497 0.2176363468170166
0.19652310013771057 0.22766448557376862
0.195330411195755 0.20616427063941956
0.195497527718544 0.2271977961063385
0.19613401591777802 0.20991957187652588
0.19475246965885162 0.20963336527347565
0.19424039125442505 0.2033497840166092
0.1926177740097046 0.20805096626281738
0.19342368841171265 0.23112013936042786
0.19385692477226257 0.21562312543392181
0.192177414894104 0.20725210011005402
0.19221417605876923 0.21341602504253387
0.1923031210899353 0.22068485617637634
0.19254207611083984 0.2126396894454956
0.19135083258152008 0.20051011443138123
0.1915910840034485 0.21278788149356842
0.18972446024417877 0.19360266625881195
0.19009052217006683 0.22530266642570496
0.1899823546409607 0.20287685096263885
0.1892847865819931 0.18845872581005096
0.18903571367263794 0.19233737885951996
0.18913477659225464 0.20793560147285461
0.1883603185415268 0.19820696115493774
0.1886424869298935 0.21564532816410065
0.18720144033432007 0.19207307696342468
0.1886974275112152 0.2010977417230606
0.18834097683429718 0.20668892562389374
0.1865527480840683 0.21095076203346252
0.18700245022773743 0.1954655945301056
0.18672074377536774 0.18785223364830017
0.1874486207962036 0.18965181708335876
0.18526971340179443 0.1957656890153885
0.18540745973587036 0.20083189010620117
0.1872296780347824 0.20966967940330505
0.18557675182819366 0.2001318633556366
0.18668238818645477 0.19409053027629852
0.18549704551696777 0.27210819721221924
0.18551714718341827 0.19492441415786743
0.18597839772701263 0.23205071687698364
0.1844460368156433 0.21532709896564484
0.1850275695323944 0.20455296337604523
0.1850411742925644 0.2056436836719513
0.1841229796409607 0.22412444651126862
0.1848769336938858 0.1942577064037323
0.1832309067249298 0.19455020129680634
0.1841515302658081 0.210580512881279
0.18340769410133362 0.21201755106449127
0.183503195643425 0.2049451768398285
0.18406327068805695 0.19976776838302612
0.18267178535461426 0.21131737530231476
0.1832544058561325 0.19438566267490387
0.18303915858268738 0.19248422980308533
0.18248534202575684 0.18951350450515747
0.18268921971321106 0.2098001390695572
0.18337133526802063 0.22069178521633148
0.1818670630455017 0.22559741139411926
0.18265986442565918 0.19226621091365814
0.1808978021144867 0.1961219608783722
0.18030120432376862 0.19781936705112457
0.18074087798595428 0.1935659497976303
0.18174338340759277 0.18396201729774475
0.18215380609035492 0.22466164827346802
0.18042653799057007 0.24565589427947998
0.18153566122055054 0.19370140135288239
0.1819089949131012 0.19744111597537994
0.18185004591941833 0.18737180531024933
0.1820218861103058 0.21785831451416016
0.18132558465003967 0.21071383357048035
0.1808418333530426 0.19073864817619324
0.17983673512935638 0.19076581299304962
0.180765762925148 0.20459704101085663
0.18032991886138916 0.1873728483915329
0.1807684749364853 0.2079612761735916
0.1800217181444168 0.18902139365673065
0.18052513897418976 0.1948118805885315
0.18032410740852356 0.2056989222764969
0.1799452155828476 0.19086968898773193
0.17815420031547546 0.19879183173179626
0.17916715145111084 0.19423136115074158
0.17957672476768494 0.18681223690509796
0.1791551113128662 0.21432441473007202
0.17923754453659058 0.2079029679298401
0.17803464829921722 0.1808229237794876
0.17777736485004425 0.19499024748802185
0.17826014757156372 0.1841687560081482
0.17774879932403564 0.19165560603141785
0.17833563685417175 0.1798201948404312
0.17674438655376434 0.24299149215221405
0.17826758325099945 0.20232351124286652
0.17730805277824402 0.1873243749141693
0.17710915207862854 0.1894313097000122
0.17657506465911865 0.21773681044578552
0.17697495222091675 0.21329522132873535
0.1776198297739029 0.18061071634292603
0.1767406314611435 0.20148521661758423
0.17690980434417725 0.21573089063167572
0.17725077271461487 0.1990218311548233
0.17685528099536896 0.18599964678287506
0.1761816293001175 0.17670561373233795
0.1762147843837738 0.19486115872859955
0.1767265945672989 0.23358309268951416
0.17548233270645142 0.18875278532505035
0.1758682131767273 0.20543316006660461
0.17608927190303802 0.1816025972366333
0.17723137140274048 0.19093555212020874
0.17672327160835266 0.18982239067554474
0.17668995261192322 0.19452786445617676
0.17703893780708313 0.20038777589797974
0.17458562552928925 0.1819688379764557
0.17486082017421722 0.2045614868402481
0.17482486367225647 0.18843844532966614
0.1755039393901825 0.1925077587366104
0.17483475804328918 0.1981034278869629
0.17516008019447327 0.21225860714912415
0.17509245872497559 0.1837196946144104
0.17490467429161072 0.18884161114692688
0.17420707643032074 0.18682874739170074
0.1739504486322403 0.18340040743350983
0.17571865022182465 0.21967728435993195
0.17483966052532196 0.21019089221954346
0.1733155995607376 0.1872262805700302
0.17449791729450226 0.18824665248394012
0.17525553703308105 0.19114120304584503
0.17525750398635864 0.20738829672336578
0.17460446059703827 0.20318785309791565
0.17456848919391632 0.22470608353614807
0.174391970038414 0.19064857065677643
0.17487989366054535 0.18651679158210754
0.17448975145816803 0.189829021692276
0.17461903393268585 0.1819802075624466
0.174564391374588 0.20762348175048828
0.17239639163017273 0.1821460872888565
0.17343324422836304 0.19847500324249268
0.17475472390651703 0.1886514276266098
0.17429618537425995 0.1975715458393097
0.17314161360263824 0.19139927625656128
0.17349910736083984 0.18632645905017853
0.17329658567905426 0.18093349039554596
0.17411527037620544 0.19196324050426483
0.1732897162437439 0.1878606081008911
0.1728632152080536 0.19185636937618256
0.17296484112739563 0.1992911547422409
0.17245885729789734 0.198288694024086
0.1725749522447586 0.18167389929294586
0.1725149154663086 0.22972379624843597
0.172770693898201 0.18740493059158325
0.17300955951213837 0.1959344893693924
0.17264273762702942 0.1875172108411789
0.1733980029821396 0.1863381415605545
0.17358411848545074 0.18732057511806488
0.17335619032382965 0.1855509877204895
0.17182719707489014 0.20022746920585632
0.17217449843883514 0.1850460022687912
0.17319130897521973 0.1838805377483368
0.17198076844215393 0.2076633870601654
0.17258043587207794 0.17544050514698029
0.17202968895435333 0.20117038488388062
0.17217381298542023 0.18974140286445618
0.1725085824728012 0.18714477121829987
0.17180706560611725 0.20484662055969238
0.17215944826602936 0.19357085227966309
0.17277801036834717 0.17864112555980682
0.17226848006248474 0.21193662285804749
0.17285597324371338 0.17889444530010223
0.17119546234607697 0.18212544918060303
0.17233720421791077 0.1883653998374939
0.17189911007881165 0.19349586963653564
0.1721065640449524 0.19577369093894958
0.17087993025779724 0.1893140971660614
0.17171615362167358 0.18358899652957916
0.17145417630672455 0.1931786984205246
0.17189937829971313 0.19914965331554413
0.17225414514541626 0.19556793570518494
0.17159993946552277 0.21237094700336456
0.17074206471443176 0.1989845633506775
0.17006269097328186 0.1903160661458969
0.17079177498817444 0.19190628826618195
0.17102251946926117 0.18592210114002228
0.17055898904800415 0.178431898355484
0.17119085788726807 0.1788608580827713
0.17157913744449615 0.17791718244552612
0.1702694296836853 0.1853010356426239
0.17155808210372925 0.18419791758060455
0.1695716232061386 0.17906036972999573
0.16973887383937836 0.18099455535411835
0.1706068515777588 0.18046486377716064
0.17018191516399384 0.20975370705127716
0.1705862432718277 0.21391227841377258
0.1708398163318634 0.19654744863510132
0.16937211155891418 0.18358124792575836
0.17061296105384827 0.19796837866306305
0.1708180159330368 0.17936648428440094
0.16954146325588226 0.19706112146377563
0.17031164467334747 0.1992366462945938
0.17050184309482574 0.18915632367134094
0.16991207003593445 0.18551813066005707
0.1705194115638733 0.19559133052825928
0.16940349340438843 0.19464150071144104
0.17040660977363586 0.21769411861896515
0.1696014255285263 0.21988438069820404
0.1699116975069046 0.19308513402938843
0.17139029502868652 0.1837378293275833
0.1686997413635254 0.17495915293693542
0.17068006098270416 0.18269824981689453
0.17046090960502625 0.18128173053264618
0.16914892196655273 0.1929091364145279
0.1695968508720398 0.18388856947422028
0.16966746747493744 0.17664295434951782
0.17033430933952332 0.1898801028728485
0.16978521645069122 0.18377792835235596
0.17008404433727264 0.1920701116323471
0.16951808333396912 0.197476327419281
0.16936258971691132 0.1887904703617096
0.16987520456314087 0.18011650443077087
0.16862469911575317 0.18348751962184906
0.16934889554977417 0.1995629221200943
0.1699206382036209 0.19074013829231262
0.16911901533603668 0.20721690356731415
0.17089645564556122 0.18235544860363007
0.16993561387062073 0.20254087448120117
0.16858673095703125 0.1829175502061844
0.16875462234020233 0.18243597447872162
0.16875499486923218 0.18315279483795166
0.16823133826255798 0.17568740248680115
0.16876022517681122 0.18382208049297333
0.16998158395290375 0.18380382657051086
0.16849127411842346 0.20605766773223877
0.167935311794281 0.18420752882957458
0.16782668232917786 0.2033846229314804
0.16812941431999207 0.19709068536758423
0.16802556812763214 0.18223565816879272
0.168521910905838 0.18769897520542145
0.16859741508960724 0.18184110522270203
0.16886241734027863 0.2030407041311264
0.1678340584039688 0.1988075226545334
0.16780516505241394 0.1988469511270523
0.16689394414424896 0.1855165660381317
0.16792219877243042 0.18528194725513458
0.16932116448879242 0.18608911335468292
0.1676340252161026 0.26661762595176697
0.16822174191474915 0.18056277930736542
0.16889874637126923 0.18216758966445923
0.16757892072200775 0.23718813061714172
0.16734455525875092 0.18118295073509216
0.1670130044221878 0.20096489787101746
0.16765013337135315 0.20195728540420532
0.16762667894363403 0.2111349254846573
0.16751812398433685 0.1830340325832367
0.16830314695835114 0.18782572448253632
0.16805249452590942 0.18456071615219116
0.16802813112735748 0.1916872262954712
0.16699744760990143 0.17664535343647003
0.16714200377464294 0.22220508754253387
0.16801154613494873 0.17763186991214752
0.16855935752391815 0.19057545065879822
0.16774389147758484 0.19496645033359528
0.16654229164123535 0.2094341218471527
0.16750416159629822 0.1833772361278534
0.16653822362422943 0.1905543953180313
0.16769245266914368 0.18385441601276398
0.16836760938167572 0.1843314915895462
0.16738058626651764 0.23525872826576233
0.16658830642700195 0.19317348301410675
0.16622698307037354 0.18901513516902924
0.16777396202087402 0.17999239265918732
0.1667483001947403 0.18582749366760254
0.16873635351657867 0.1890789121389389
0.16740962862968445 0.19947774708271027
0.1662103682756424 0.2022748440504074
0.16747623682022095 0.1822391301393509
0.16688711941242218 0.18179208040237427
0.1660015732049942 0.18523511290550232
0.16713491082191467 0.19494055211544037
0.16726171970367432 0.1837443709373474
0.16717135906219482 0.17522232234477997
0.16728729009628296 0.18521516025066376
0.1652434915304184 0.19342948496341705
0.16731037199497223 0.20391730964183807
0.16656242311000824 0.18842752277851105
0.1666613072156906 0.20065997540950775
0.16575628519058228 0.1932075172662735
0.1664947122335434 0.19312210381031036
0.16643013060092926 0.2318170964717865
0.16775265336036682 0.18628567457199097
0.16632522642612457 0.1996416598558426
0.16583409905433655 0.18276235461235046
0.16692893207073212 0.21825990080833435
0.16682396829128265 0.18599773943424225
0.16675738990306854 0.19632506370544434
0.1673591136932373 0.19525864720344543
0.16640396416187286 0.18164867162704468
0.16705450415611267 0.1867941915988922
0.16626329720020294 0.18578019738197327
0.16591323912143707 0.17923635244369507
0.1669865995645523 0.17878851294517517
0.1668928563594818 0.20872722566127777
0.16600163280963898 0.19735971093177795
0.16569365561008453 0.19610367715358734
0.16688485443592072 0.205559641122818
0.16694454848766327 0.18076731264591217
0.1658240556716919 0.20848841965198517
0.16653446853160858 0.18229492008686066
0.16726823151111603 0.1910073459148407
0.16639044880867004 0.19607046246528625
0.16596601903438568 0.1749175488948822
0.16531366109848022 0.21438637375831604
0.16577844321727753 0.17334964871406555
0.1658519208431244 0.20218807458877563
0.1651860922574997 0.17963995039463043
0.1666000485420227 0.17875541746616364
0.16601331532001495 0.18371166288852692
0.16668234765529633 0.18694113194942474
0.16607171297073364 0.1834341287612915
0.1663225293159485 0.18706439435482025
0.16628509759902954 0.1737188994884491
0.16549263894557953 0.18525557219982147
0.16547419130802155 0.17872649431228638
0.16588927805423737 0.1909819096326828
0.1658588945865631 0.1823291778564453
0.16542667150497437 0.1981470137834549
0.16458529233932495 0.17687124013900757
0.1645270735025406 0.1773913949728012
0.1650846004486084 0.18598002195358276
0.16552862524986267 0.1852598339319229
0.16524839401245117 0.18888626992702484
0.16531585156917572 0.20383130013942719
0.1664302796125412 0.18771618604660034
0.1653648018836975 0.2019689530134201
0.16528789699077606 0.21278533339500427
0.16573184728622437 0.1932903230190277
0.1653681844472885 0.17753921449184418
0.16535332798957825 0.19254322350025177
0.16568134725093842 0.21920254826545715
0.16614840924739838 0.18993254005908966
0.16646607220172882 0.1971229761838913
0.16542521119117737 0.17904303967952728
0.1650252640247345 0.18942013382911682
0.16594235599040985 0.18213385343551636
0.16516321897506714 0.17866969108581543
0.1677103191614151 0.1925673484802246
0.16562332212924957 0.1755547672510147
0.16554436087608337 0.190098375082016
0.16563162207603455 0.17361675202846527
0.16437126696109772 0.18055152893066406
0.16506604850292206 0.17891544103622437
0.1649903655052185 0.18823370337486267
0.16480281949043274 0.18732039630413055
0.16532641649246216 0.19522172212600708
0.16662001609802246 0.17881041765213013
0.16472561657428741 0.17973770201206207
0.16532066464424133 0.18440411984920502
0.165786013007164 0.18276941776275635
0.16528695821762085 0.18517521023750305
0.16475188732147217 0.19051864743232727
0.165458083152771 0.17867732048034668
0.16486749053001404 0.18505646288394928
0.16478592157363892 0.1791369915008545
0.16435319185256958 0.1992337554693222
0.16581635177135468 0.17898942530155182
0.16606354713439941 0.1878032237291336
0.16412872076034546 0.1781167834997177
0.164557546377182 0.19361932575702667
0.16532504558563232 0.18821969628334045
0.16412165760993958 0.187016561627388
0.16471320390701294 0.1810007244348526
0.16495579481124878 0.1881260871887207
0.16481630504131317 0.18599586188793182
0.16398940980434418 0.1822584569454193
0.16477037966251373 0.19618350267410278
0.16450023651123047 0.18327972292900085
0.1653532087802887 0.18641580641269684
0.1646641045808792 0.1965775340795517
0.16479609906673431 0.17621120810508728
0.16409216821193695 0.18047183752059937
0.16373056173324585 0.19213280081748962
0.1645088791847229 0.1735081523656845
0.1647443175315857 0.18655230104923248
0.16331487894058228 0.1872938573360443
0.16354504227638245 0.17888885736465454
0.16546837985515594 0.17657138407230377
0.1637808233499527 0.17761178314685822
0.16496485471725464 0.18459896743297577
0.1644047647714615 0.1834724247455597
0.16369011998176575 0.1817633956670761
0.16397008299827576 0.1872495859861374
0.16325944662094116 0.17480692267417908
0.16323278844356537 0.1927451342344284
0.16383887827396393 0.18041859567165375
0.16434027254581451 0.18493764102458954
0.1640433371067047 0.18847203254699707
0.16406644880771637 0.18884427845478058
0.16422021389007568 0.19274768233299255
0.1646852046251297 0.17871952056884766
0.16362996399402618 0.17182065546512604
0.16529099643230438 0.19520196318626404
0.16358129680156708 0.20867601037025452
0.16421478986740112 0.17249590158462524
0.1647602766752243 0.18454024195671082
0.1636420041322708 0.191970556974411
0.1639949530363083 0.20702257752418518
0.163705512881279 0.22371675074100494
0.16323301196098328 0.18688596785068512
0.1637515276670456 0.1945045441389084
0.1630702018737793 0.18247805535793304
0.16447409987449646 0.23838454484939575
0.16327734291553497 0.18262438476085663
0.16489313542842865 0.17476770281791687
0.16384479403495789 0.2000320702791214
0.16374526917934418 0.17944779992103577
0.16390660405158997 0.1934947371482849
0.16390152275562286 0.18703915178775787
0.16286700963974 0.19182097911834717
0.16313089430332184 0.22832511365413666
0.16371583938598633 0.19776295125484467
0.16311950981616974 0.19547484815120697
0.16387075185775757 0.18703952431678772
0.1635344922542572 0.1930929273366928
0.16349725425243378 0.19111450016498566
0.16337603330612183 0.2045344114303589
0.16329695284366608 0.18999174237251282
0.16386398673057556 0.21196694672107697
0.16371870040893555 0.1847253292798996
0.16450485587120056 0.2055523842573166
0.1642128825187683 0.17679095268249512
0.161690816283226 0.18093536794185638
0.16350151598453522 0.20058612525463104
0.16353464126586914 0.1811257153749466
0.16293741762638092 0.22964490950107574
0.16259212791919708 0.17677488923072815
0.16376346349716187 0.17834874987602234
0.16383887827396393 0.18986910581588745
0.16371449828147888 0.19089671969413757
0.1641564816236496 0.1838364601135254
0.1628321260213852 0.17804521322250366
0.16347374022006989 0.19483527541160583
0.1638578623533249 0.17790113389492035
0.16241909563541412 0.1816355139017105
0.16431286931037903 0.20591454207897186
0.16458885371685028 0.1906680166721344
0.16275541484355927 0.17396309971809387
0.16314662992954254 0.17649151384830475
0.16290943324565887 0.19966796040534973
0.16390745341777802 0.1781817078590393
0.1635531485080719 0.19108492136001587
0.1625043749809265 0.18681077659130096
0.16334624588489532 0.17950300872325897
0.16316381096839905 0.17593587934970856
0.16281168162822723 0.18163983523845673
0.16286982595920563 0.19895689189434052
0.1628127247095108 0.20997560024261475
0.16290339827537537 0.19876641035079956
0.16320911049842834 0.19695883989334106
0.16257238388061523 0.17904171347618103
0.16352036595344543 0.18139629065990448
0.1641383171081543 0.1987387090921402
0.16188859939575195 0.18570823967456818
0.16309857368469238 0.22552809119224548
0.16285796463489532 0.1875293254852295
0.1629464328289032 0.23831814527511597
0.16199138760566711 0.17670738697052002
0.16282401978969574 0.18763938546180725
0.16368721425533295 0.22799423336982727
0.16292542219161987 0.2058064043521881
0.16238848865032196 0.17816200852394104
0.16151024401187897 0.17687325179576874
0.1624426692724228 0.17782866954803467
0.16305428743362427 0.19091835618019104
0.16299089789390564 0.17507033050060272
0.16267597675323486 0.17645366489887238
0.1629224419593811 0.18159963190555573
0.16247980296611786 0.17997615039348602
0.16245241463184357 0.181953564286232
0.16168639063835144 0.17572084069252014
0.16181343793869019 0.1807398945093155
0.16252554953098297 0.19079817831516266
0.16234169900417328 0.1820152997970581
0.1623792201280594 0.1885235756635666
0.16258655488491058 0.23415063321590424
0.163153737783432 0.1901271641254425
0.1630895882844925 0.18509669601917267
0.16235509514808655 0.17948152124881744
0.16192254424095154 0.17843462526798248
0.16306579113006592 0.17648644745349884
0.16139057278633118 0.17556282877922058
0.16207580268383026 0.1738360971212387
0.16224578022956848 0.1731134057044983
0.16147221624851227 0.1887594610452652
0.1622735857963562 0.190431147813797
0.16235773265361786 0.1881679892539978
0.1621711105108261 0.1998569667339325
0.16181480884552002 0.17739731073379517
0.16186945140361786 0.1817595660686493
0.16161644458770752 0.17593315243721008
0.16158856451511383 0.19785211980342865
0.16227976977825165 0.17502710223197937
0.16161024570465088 0.18112066388130188
0.16202273964881897 0.18382301926612854
0.1623188704252243 0.17490710318088531
0.16301070153713226 0.1837657392024994
0.16294698417186737 0.2084800899028778
0.16211114823818207 0.21572236716747284
0.16294866800308228 0.18484307825565338
0.16148504614830017 0.20024988055229187
0.16156090795993805 0.19951927661895752
0.16073815524578094 0.19164718687534332
0.1619551181793213 0.18185804784297943
0.16302067041397095 0.18698589503765106
0.1633072942495346 0.178263857960701
0.1626381129026413 0.17725549638271332
0.16120237112045288 0.18561913073062897
0.16053880751132965 0.1935993880033493
0.16130761802196503 0.19905704259872437
0.16221068799495697 0.19521477818489075
0.16227902472019196 0.17290078103542328
0.16114453971385956 0.17862939834594727
0.16116288304328918 0.17590896785259247
0.1619160771369934 0.17482948303222656
0.16122673451900482 0.17742954194545746
0.16152514517307281 0.20383621752262115
0.1607217937707901 0.1855725198984146
0.16135981678962708 0.1782360076904297
0.16155175864696503 0.18855461478233337
0.1612444519996643 0.17890377342700958
0.1619163602590561 0.18834595382213593
0.1611737608909607 0.19066064059734344
0.1623731255531311 0.1869688630104065
0.1624695211648941 0.18018105626106262
0.16139012575149536 0.1731819212436676
0.16161416471004486 0.186057910323143
0.16065813601016998 0.18254080414772034
0.16180045902729034 0.1715318113565445
0.16180799901485443 0.18834541738033295
0.16201329231262207 0.1884937733411789
0.16232171654701233 0.18837560713291168
0.16154401004314423 0.17469404637813568
0.16200318932533264 0.17507122457027435
0.16211026906967163 0.21299482882022858
0.16181831061840057 0.19970551133155823
0.1608775109052658 0.19592833518981934
0.16090749204158783 0.20459198951721191
0.16145175695419312 0.18524572253227234
0.16098162531852722 0.18838796019554138
0.16280293464660645 0.18377286195755005
0.16057352721691132 0.17622224986553192
0.16144274175167084 0.18369293212890625
0.16262812912464142 0.18025971949100494
0.16176217794418335 0.17726768553256989
0.16100792586803436 0.18167158961296082
0.16008137166500092 0.17880257964134216
0.16108715534210205 0.17921662330627441
0.16056768596172333 0.17705297470092773
0.16122660040855408 0.1790609508752823
0.16082294285297394 0.23368926346302032
0.1610303521156311 0.1889989823102951
0.16034157574176788 0.18351943790912628
0.16133344173431396 0.17534250020980835
0.16091349720954895 0.18419283628463745
0.16052813827991486 0.1813698410987854
0.16156907379627228 0.18138587474822998
0.16186311841011047 0.18558064103126526
0.16079984605312347 0.1738794893026352
0.16125448048114777 0.17144463956356049
0.16083571314811707 0.17878323793411255
0.16034577786922455 0.22553491592407227
0.16126196086406708 0.1753687560558319
0.1614048033952713 0.17780564725399017
0.15983086824417114 0.1768038272857666
0.1606554388999939 0.18862296640872955
0.1610751748085022 0.18751893937587738
0.1603328138589859 0.17948098480701447
0.16135898232460022 0.1818329393863678
0.16072499752044678 0.19012384116649628
0.16141365468502045 0.1757819652557373
0.16031888127326965 0.1876213699579239
0.16105233132839203 0.1796620488166809
0.16081053018569946 0.1800175905227661
0.1609020084142685 0.183477982878685
0.16079553961753845 0.2020346224308014
0.16091251373291016 0.18112699687480927
0.160591721534729 0.17855827510356903
0.16091769933700562 0.18813613057136536
0.16069617867469788 0.17922919988632202
0.15977735817432404 0.20273715257644653
0.16181449592113495 0.17357969284057617
0.16071267426013947 0.18997353315353394
0.16153058409690857 0.18674339354038239
0.16031603515148163 0.19572600722312927
0.1621578186750412 0.1983996331691742
0.16040147840976715 0.17511191964149475
0.16082103550434113 0.18165072798728943
0.16030235588550568 0.17596302926540375
0.16082294285297394 0.19467876851558685
0.1607598215341568 0.22624708712100983
0.16082456707954407 0.2062627375125885
0.1606551855802536 0.1871049553155899
0.1608564406633377 0.18340446054935455
0.1603308916091919 0.1833324432373047
0.1598602831363678 0.21315379440784454
0.1606486290693283 0.1737830489873886
0.1598263531923294 0.18156635761260986
0.16132177412509918 0.17592570185661316
0.1606481522321701 0.1777338832616806
0.1598890870809555 0.1834048479795456
0.16121840476989746 0.18536514043807983
0.1599818766117096 0.17789481580257416
0.16033963859081268 0.18898996710777283
0.16147582232952118 0.18317319452762604
0.1606263518333435 0.1802929788827896
0.16072064638137817 0.17604705691337585
0.15992163121700287 0.2278747409582138
0.16089248657226562 0.18604962527751923
0.15928322076797485 0.17966292798519135
0.16035951673984528 0.1925969272851944
0.16025206446647644 0.18128599226474762
0.16085992753505707 0.18821042776107788
0.16025125980377197 0.17746341228485107
0.15908171236515045 0.18783921003341675
0.15997517108917236 0.21340876817703247
0.16134454309940338 0.18656033277511597
0.1604340374469757 0.21483899652957916
0.16070841252803802 0.18665988743305206
0.16039009392261505 0.1930222064256668
0.16111214458942413 0.1779913753271103
0.16034287214279175 0.1705307513475418
0.16087877750396729 0.18040156364440918
0.16054928302764893 0.1725519895553589
0.16118501126766205 0.18843694031238556
0.16016796231269836 0.19098606705665588
0.16051189601421356 0.18659049272537231
0.16068771481513977 0.18677078187465668
0.15994490683078766 0.17627529799938202
0.1609901487827301 0.19569121301174164
0.16070088744163513 0.1842840015888214
0.16042102873325348 0.19244986772537231
0.1590578556060791 0.17714589834213257
0.15892218053340912 0.18674997985363007
0.16002890467643738 0.17722898721694946
0.1605437695980072 0.19609887897968292
0.15990965068340302 0.1689060628414154
0.16059578955173492 0.17394916713237762
0.15945804119110107 0.18983811140060425
0.1590745449066162 0.1828642636537552
0.16143228113651276 0.19926388561725616
0.16062405705451965 0.17423051595687866
0.15969999134540558 0.1936749368906021
0.16044798493385315 0.17601652443408966
0.16079598665237427 0.17505107820034027
0.159271702170372 0.17980267107486725
0.1600644439458847 0.17605870962142944
0.15956883132457733 0.190852090716362
0.1593100130558014 0.2092265486717224
0.15987226366996765 0.17416009306907654
0.16021205484867096 0.18977150321006775
0.1599763184785843 0.18858349323272705
0.1601393222808838 0.17905931174755096
0.16031260788440704 0.18100692331790924
0.15987302362918854 0.1979970932006836
0.16084730625152588 0.19222526252269745
0.1596997082233429 0.17863468825817108
0.1605316400527954 0.19033724069595337
0.16024738550186157 0.18135932087898254
0.16020824015140533 0.1742733120918274
0.15944798290729523 0.19574224948883057
0.16020675003528595 0.1824187934398651
0.16040566563606262 0.22327862679958344
0.1599796712398529 0.18903160095214844
0.15992000699043274 0.19786196947097778
0.16058532893657684 0.18454283475875854
0.15938813984394073 0.18113788962364197
0.1598365157842636 0.17539818584918976
0.1597469598054886 0.17638376355171204
0.15974494814872742 0.1960306167602539
0.15966960787773132 0.17500504851341248
0.16018611192703247 0.1867164671421051
0.15947435796260834 0.18975964188575745
0.1600695252418518 0.18302515149116516
0.16021472215652466 0.19196347892284393
0.1601659208536148 0.17717386782169342
0.16018083691596985 0.17346413433551788
0.15978501737117767 0.19851601123809814
0.15974107384681702 0.20684410631656647
0.16100537776947021 0.1797347068786621
0.160155788064003 0.18738988041877747
0.16039475798606873 0.18051208555698395
0.16047519445419312 0.1737440526485443
0.15970024466514587 0.1895294040441513
0.15907911956310272 0.19867850840091705
0.15957532823085785 0.18029139935970306
0.15925127267837524 0.18641583621501923
0.15860794484615326 0.1846996545791626
0.15879827737808228 0.1829434484243393
0.15927639603614807 0.1876905858516693
0.15857836604118347 0.1988326609134674
0.15935441851615906 0.18136514723300934
0.1600169986486435 0.18637403845787048
0.1587638407945633 0.1763134002685547
0.15907514095306396 0.17721810936927795
0.16018684208393097 0.17369040846824646
0.1596171259880066 0.17066289484500885
0.1590755134820938 0.18137618899345398
0.15869230031967163 0.1786186397075653
0.1585458666086197 0.18294261395931244
0.15982283651828766 0.1832272857427597
0.159897580742836 0.1702338308095932
0.15960370004177094 0.18313436210155487
0.15838612616062164 0.17174145579338074
0.1590987741947174 0.17431369423866272
0.1592913120985031 0.1846509575843811
0.15868695080280304 0.18174828588962555
0.15986140072345734 0.20001666247844696
0.15991905331611633 0.24224300682544708
0.15930026769638062 0.19633114337921143
0.16134598851203918 0.180744469165802
0.16044902801513672 0.18380354344844818
0.15954163670539856 0.199077308177948
0.16014805436134338 0.19400586187839508
0.15979398787021637 0.18551258742809296
0.1599363088607788 0.1838093400001526
0.15913094580173492 0.17648154497146606
0.1599411815404892 0.17966283857822418
0.15978826582431793 0.18588893115520477
0.15933457016944885 0.1849082112312317
0.15870922803878784 0.21380190551280975
0.15941262245178223 0.17736807465553284
0.1596083790063858 0.20063480734825134
0.15891727805137634 0.206414133310318
0.1589999943971634 0.183717280626297
0.16008193790912628 0.17677606642246246
0.16029714047908783 0.17976132035255432
0.15855367481708527 0.17415311932563782
0.16014069318771362 0.1770588606595993
0.15864042937755585 0.17516674101352692
0.1597318798303604 0.22085611522197723
0.15835103392601013 0.18859191238880157
0.15958809852600098 0.17377212643623352
0.15892115235328674 0.2014336735010147
0.16015097498893738 0.19301410019397736
0.15751400589942932 0.17973998188972473
0.15864421427249908 0.1703413426876068
0.15849077701568604 0.17918212711811066
0.15899395942687988 0.17597535252571106
0.15868525207042694 0.18357744812965393
0.15953387320041656 0.2071639895439148
0.1594567894935608 0.17429138720035553
0.15982632339000702 0.17922787368297577
0.15946663916110992 0.18638014793395996
0.15875789523124695 0.23681001365184784
0.15788066387176514 0.18983206152915955
0.158659428358078 0.17971257865428925
0.15918944776058197 0.1829771250486374
0.15833254158496857 0.17382295429706573
0.15839743614196777 0.2184780389070511
0.15797190368175507 0.2075537145137787
0.15918320417404175 0.1778426170349121
0.15931814908981323 0.17733681201934814
0.15849366784095764 0.19123955070972443
0.15841592848300934 0.18038594722747803
0.1585959643125534 0.1842217892408371
0.158542662858963 0.17614129185676575
0.15867336094379425 0.18551234900951385
0.1579539030790329 0.18319080770015717
0.15871308743953705 0.17184999585151672
0.1586989164352417 0.17357464134693146
0.15771125257015228 0.17914463579654694
0.15933451056480408 0.17067772150039673
0.15838074684143066 0.1687779724597931
0.15979325771331787 0.1988106369972229
0.15887410938739777 0.1920005828142166
0.15823142230510712 0.18474891781806946
0.15853764116764069 0.18437613546848297
0.15890425443649292 0.18576133251190186
0.15919506549835205 0.1798585206270218
0.15783900022506714 0.18681707978248596
0.1588810384273529 0.1804184466600418
0.15917178988456726 0.20713575184345245
0.15945802628993988 0.18393860757350922
0.15859363973140717 0.17648202180862427
0.1577029526233673 0.1764325201511383
0.15841417014598846 0.18571409583091736
0.15847022831439972 0.1793670356273651
0.15924984216690063 0.18134814500808716
0.15913407504558563 0.18613527715206146
0.16001074016094208 0.18999138474464417
0.15821917355060577 0.17495989799499512
0.15768438577651978 0.19054368138313293
0.15927906334400177 0.19796529412269592
0.16088715195655823 0.17148849368095398
0.15808573365211487 0.17854826152324677
0.15898840129375458 0.1990661323070526
0.15969310700893402 0.17670001089572906
0.15810911357402802 0.17920418083667755
0.15858156979084015 0.19580188393592834
0.1575690507888794 0.18792946636676788
0.15828609466552734 0.17311228811740875
0.15949326753616333 0.18921500444412231
0.1594400703907013 0.22775739431381226
0.15889830887317657 0.20520088076591492
0.15956641733646393 0.17291560769081116
0.15847176313400269 0.17079900205135345
0.15788888931274414 0.17369359731674194
0.157858744263649 0.18721991777420044
0.15851154923439026 0.1742323786020279
0.15860238671302795 0.20669794082641602
0.1585496962070465 0.18327918648719788
0.15888048708438873 0.17813153564929962
0.15783865749835968 0.17456793785095215
0.15827566385269165 0.23462142050266266
0.1579992175102234 0.17696304619312286
0.15747280418872833 0.18990743160247803
0.1578259915113449 0.18793989717960358
0.1588100790977478 0.18079577386379242
0.15918810665607452 0.17138950526714325
0.15855926275253296 0.17218516767024994
0.1586277037858963 0.17293013632297516
0.1589936912059784 0.17464664578437805
0.157452791929245 0.18103744089603424
0.15881505608558655 0.17511047422885895
0.15787310898303986 0.18636876344680786
0.15793876349925995 0.1902051717042923
0.157445028424263 0.18380089104175568
0.158987358212471 0.17437788844108582
0.1590554565191269 0.18197791278362274
0.15908198058605194 0.1878119558095932
0.1590082347393036 0.17381465435028076
0.1573607176542282 0.18180616199970245
0.15790483355522156 0.18219634890556335
0.15891173481941223 0.17821542918682098
0.15826216340065002 0.17896206676959991
0.15987274050712585 0.1811697781085968
0.15827852487564087 0.19957593083381653
0.158005028963089 0.17206355929374695
0.15843886137008667 0.17304211854934692
0.15758565068244934 0.18836694955825806
0.1586419641971588 0.1798263043165207
0.15759669244289398 0.20182539522647858
0.15770377218723297 0.18168748915195465
0.15712112188339233 0.17388413846492767
0.15892313420772552 0.17465917766094208
0.1582539826631546 0.1876428723335266
0.15840688347816467 0.18610939383506775
0.16020043194293976 0.18755362927913666
0.15709011256694794 0.17657621204853058
0.15851765871047974 0.1835353523492813
0.1583622246980667 0.2134879231452942
0.15897998213768005 0.19446606934070587
0.1587296426296234 0.1679871678352356
0.15740108489990234 0.18474094569683075
0.15865090489387512 0.17614947259426117
0.15809863805770874 0.17837020754814148
0.158115416765213 0.17313365638256073
0.1576201319694519 0.18580669164657593
0.15835370123386383 0.1712108701467514
0.15889491140842438 0.19447700679302216
0.1573096364736557 0.17317482829093933
0.1575445681810379 0.18382754921913147
0.1587902307510376 0.21995952725410461
0.15880034863948822 0.1775769293308258
0.15756821632385254 0.18801641464233398
0.15881770849227905 0.18128950893878937
0.1579410433769226 0.1878626048564911
0.15839478373527527 0.29581695795059204
0.1583591252565384 0.17440402507781982
0.15826386213302612 0.1766444891691208
0.15792714059352875 0.1744895726442337
0.15777620673179626 0.19446773827075958
0.15805989503860474 0.18260522186756134
0.15825988352298737 0.21354717016220093
0.15804532170295715 0.17846998572349548
0.15798303484916687 0.17925767600536346
0.15896770358085632 0.17626355588436127
0.15830232203006744 0.19865846633911133
0.15775319933891296 0.19754324853420258
0.1590898633003235 0.19177377223968506
0.15813735127449036 0.17755265533924103
0.15802709758281708 0.1730935126543045
0.15816690027713776 0.19316673278808594
0.158156618475914 0.18742914497852325
0.15881502628326416 0.17977212369441986
0.15840135514736176 0.17489995062351227
0.15843415260314941 0.17678537964820862
0.15838783979415894 0.18042981624603271
0.156779482960701 0.1775932013988495
0.1585134118795395 0.2056269645690918
0.15827442705631256 0.1765192300081253
0.15806518495082855 0.17275470495224
0.1585131734609604 0.18144966661930084
0.1569977104663849 0.1820903718471527
0.1585472971200943 0.1707385927438736
0.15835946798324585 0.189291849732399
0.158130943775177 0.17966030538082123
0.15877054631710052 0.1832856684923172
0.1573580652475357 0.18561013042926788
0.15751881897449493 0.1813904196023941
0.15758556127548218 0.18489955365657806
0.15843558311462402 0.17718340456485748
0.1570228636264801 0.17773640155792236
0.15848903357982635 0.21800853312015533
0.15844523906707764 0.17730756103992462
0.15841805934906006 0.19190558791160583
0.15813566744327545 0.18375550210475922
0.15841029584407806 0.17435219883918762
0.156925231218338 0.19596102833747864
0.15858596563339233 0.1873776912689209
0.15740244090557098 0.1987312287092209
0.15876010060310364 0.20909060537815094
0.1587529480457306 0.18537135422229767
0.15757231414318085 0.21176961064338684
0.15827004611492157 0.20119893550872803
0.15786202251911163 0.17456170916557312
0.15740585327148438 0.18535363674163818
0.15756496787071228 0.2071048766374588
0.1589050590991974 0.1831984966993332
0.15776565670967102 0.18524667620658875
0.1577913463115692 0.17779545485973358
0.1569114327430725 0.1772506833076477
0.15868929028511047 0.17802979052066803
0.15664955973625183 0.17853428423404694
0.1577599197626114 0.1970476508140564
0.15748406946659088 0.18381020426750183
0.15751254558563232 0.20563869178295135
0.15930111706256866 0.189082533121109
0.15715564787387848 0.17790216207504272
0.15704992413520813 0.17453239858150482
0.15749529004096985 0.2014847695827484
0.15841807425022125 0.18564027547836304
0.15700624883174896 0.17100749909877777
0.1577831506729126 0.1957128643989563
0.15647847950458527 0.1821727454662323
0.1574530303478241 0.18568621575832367
0.15726669132709503 0.17371855676174164
0.157753586769104 0.19077448546886444
