1.4907748699188232 1.6446272134780884
1.4749990701675415 1.6396136283874512
1.4742074012756348 1.6554298400878906
1.4731040000915527 1.6479904651641846
1.4716546535491943 1.6343744993209839
1.4724053144454956 1.6318984031677246
1.471337914466858 1.6407142877578735
1.4708082675933838 1.642632246017456
1.471357822418213 1.6422131061553955
1.4702831506729126 1.6425553560256958
1.4705077409744263 1.634677767753601
1.4702727794647217 1.6378146409988403
1.4698143005371094 1.639235258102417
1.4693204164505005 1.6464869976043701
1.4696210622787476 1.6637897491455078
1.4698238372802734 1.644189476966858
1.4694395065307617 1.6341546773910522
1.469247817993164 1.6363328695297241
1.4690824747085571 1.6441893577575684
1.469527244567871 1.6321607828140259
1.468837857246399 1.6357498168945312
1.4692482948303223 1.6458030939102173
1.4686195850372314 1.6322146654129028
1.468635082244873 1.6510334014892578
1.4082145690917969 1.4569346904754639
1.2825913429260254 1.3886748552322388
1.2399157285690308 1.3501137495040894
1.2268096208572388 1.338535189628601
0.8071262240409851 0.5209635496139526
0.48034313321113586 0.4601483941078186
0.4220380187034607 0.3991658687591553
0.37108784914016724 0.40322235226631165
0.336489737033844 0.35704806447029114
0.3169254958629608 0.31048524379730225
0.30692827701568604 0.31705591082572937
0.29668495059013367 0.32073378562927246
0.29186245799064636 0.29103392362594604
0.2857053279876709 0.27772513031959534
0.28257086873054504 0.29382842779159546
0.27779772877693176 0.2762433588504791
0.27862057089805603 0.29708132147789
0.2731770873069763 0.26998764276504517
0.26836732029914856 0.2711173892021179
0.26717591285705566 0.2741208076477051
0.2685740292072296 0.26819437742233276
0.2644551396369934 0.289582222700119
0.2638877034187317 0.27903398871421814
0.2604217231273651 0.2607453763484955
0.25918927788734436 0.26324042677879333
0.2578948736190796 0.2621996998786926
0.255094975233078 0.2721235752105713
0.2547648847103119 0.29295727610588074
0.25430822372436523 0.26238900423049927
0.24918027222156525 0.370818167924881
0.251257061958313 0.24792039394378662
0.2489911913871765 0.2409871369600296
0.2471354901790619 0.27624720335006714
0.24714414775371552 0.25625109672546387
0.24375861883163452 0.24412965774536133
0.24276797473430634 0.243121936917305
0.23947098851203918 0.2747247815132141
0.2394600212574005 0.24714618921279907
0.23898211121559143 0.27777114510536194
0.24119962751865387 0.2406361699104309
0.2374069094657898 0.2913775146007538
0.23487737774848938 0.25037556886672974
0.23315170407295227 0.24811740219593048
0.23047851026058197 0.29088979959487915
0.2347884327173233 0.2703295648097992
0.23262202739715576 0.2339598834514618
0.23072493076324463 0.24918653070926666
0.2270989865064621 0.2753522992134094
0.2275141179561615 0.22417789697647095
0.2280847132205963 0.23412251472473145
0.22399519383907318 0.25482043623924255
0.2260739952325821 0.2386450320482254
0.22492073476314545 0.22674144804477692
0.2234499603509903 0.2796991467475891
0.21997426450252533 0.2170579582452774
0.21959739923477173 0.2549930810928345
0.21754799783229828 0.2461436688899994
0.2177553027868271 0.2689978778362274
0.21638694405555725 0.2918766140937805
0.21294832229614258 0.22611184418201447
0.2165200114250183 0.2254604548215866
0.21389274299144745 0.2323908805847168
0.21292315423488617 0.24766892194747925
0.21133604645729065 0.2774803340435028
0.20788410305976868 0.227518692612648
0.2089194804430008 0.23691563308238983
0.21135318279266357 0.2251572161912918
0.20783594250679016 0.24569281935691833
0.20767872035503387 0.20383280515670776
0.20529060065746307 0.2193368673324585
0.20701633393764496 0.2197365015745163
0.20565208792686462 0.2551648020744324
0.20198847353458405 0.24056832492351532
0.20318807661533356 0.20650242269039154
0.2017841637134552 0.22330503165721893
0.1992083638906479 0.250236451625824
0.19869568943977356 0.2691020965576172
0.19894513487815857 0.25124162435531616
0.19760894775390625 0.19388118386268616
0.19901666045188904 0.2234525829553604
0.19980983436107635 0.20119991898536682
0.19887785613536835 0.24709482491016388
0.19520671665668488 0.22141127288341522
0.19850394129753113 0.19823557138442993
0.19484412670135498 0.19900234043598175
0.19373102486133575 0.2258526235818863
0.19429953396320343 0.19206355512142181
0.19520515203475952 0.217221200466156
0.19246166944503784 0.20525208115577698
0.1896599382162094 0.21185806393623352
0.19145038723945618 0.19225962460041046
0.18995322287082672 0.20534959435462952
0.18765190243721008 0.24424470961093903
0.18884941935539246 0.21510514616966248
0.18837207555770874 0.1875133365392685
0.19013434648513794 0.20541426539421082
0.18794213235378265 0.19619719684123993
0.1855601817369461 0.20942719280719757
0.18745513260364532 0.25968778133392334
0.18317657709121704 0.19723904132843018
0.18534795939922333 0.20807088911533356
0.1829686313867569 0.19430352747440338
0.1828090399503708 0.1989973783493042
0.18383055925369263 0.203666552901268
0.18460994958877563 0.19426704943180084
0.18138310313224792 0.18660295009613037
0.1820462942123413 0.2734347879886627
0.17986008524894714 0.1807110607624054
0.18026846647262573 0.19523100554943085
0.18042795360088348 0.23019008338451385
0.18029683828353882 0.2361118346452713
0.17704619467258453 0.19366636872291565
0.1777990460395813 0.18164095282554626
0.17869095504283905 0.17733646929264069
0.17596197128295898 0.21235086023807526
0.1767772138118744 0.20296722650527954
0.17663544416427612 0.1811021864414215
0.17413747310638428 0.20675288140773773
0.1751926839351654 0.18774382770061493
0.1751251220703125 0.18262620270252228
0.17514801025390625 0.1784352958202362
0.17269696295261383 0.21359220147132874
0.17265596985816956 0.184851735830307
0.17257894575595856 0.1910971999168396
0.1703999638557434 0.16823913156986237
0.17135591804981232 0.19888974726200104
0.17107880115509033 0.1827150583267212
0.17200545966625214 0.19795429706573486
0.17038363218307495 0.18935342133045197
0.1689406782388687 0.21001552045345306
0.1698625236749649 0.1897270232439041
0.1702742874622345 0.18941624462604523
0.1698782742023468 0.174193874001503
0.1681501865386963 0.2009694129228592
0.1685991734266281 0.165798157453537
0.16805173456668854 0.17567376792430878
0.1667761653661728 0.16308467090129852
0.16770893335342407 0.18458880484104156
0.1659240424633026 0.2134333848953247
0.16638021171092987 0.2463754415512085
0.1668548882007599 0.1972426325082779
0.16651982069015503 0.19954805076122284
0.16762366890907288 0.182759091258049
0.16394346952438354 0.17098867893218994
0.1641130894422531 0.1710701882839203
0.1647474616765976 0.23878639936447144
0.1646687239408493 0.17665620148181915
0.16294988989830017 0.17010672390460968
0.16485309600830078 0.17295502126216888
0.16388607025146484 0.16953597962856293
0.16159451007843018 0.1721612513065338
0.1620544046163559 0.1718648076057434
0.16224420070648193 0.16896387934684753
0.15939660370349884 0.16530023515224457
0.16571424901485443 0.16377031803131104
0.16045217216014862 0.16113513708114624
0.16025201976299286 0.16309724748134613
0.15896564722061157 0.19493304193019867
0.16014961898326874 0.1798369586467743
0.15903188288211823 0.21056576073169708
0.16113337874412537 0.1789872795343399
0.1580529808998108 0.17802463471889496
0.15922929346561432 0.17639245092868805
0.15742552280426025 0.19649608433246613
0.15795674920082092 0.17075584828853607
0.1578269749879837 0.1813827008008957
0.1556634157896042 0.16114313900470734
0.15872567892074585 0.16904224455356598
0.1575404852628708 0.16558492183685303
0.1578102856874466 0.20046263933181763
0.1571415662765503 0.1649560034275055
0.15554790198802948 0.16402952373027802
0.15954524278640747 0.17724977433681488
0.15702268481254578 0.16077055037021637
0.15662986040115356 0.16028501093387604
0.1552395522594452 0.16933007538318634
0.15367136895656586 0.1618501991033554
0.15763933956623077 0.15159597992897034
0.15369151532649994 0.15528897941112518
0.1531355381011963 0.15294893085956573
0.1544090211391449 0.1712912619113922
0.15353374183177948 0.18840532004833221
0.15353409945964813 0.16482748091220856
0.1555328220129013 0.16537413001060486
0.1532471477985382 0.15795262157917023
0.1517602652311325 0.17294952273368835
0.15331193804740906 0.15234950184822083
0.1502927839756012 0.16168992221355438
0.1521582007408142 0.16403770446777344
0.1506078839302063 0.16651368141174316
0.1503615379333496 0.15728922188282013
0.1522805243730545 0.16712655127048492
0.15158043801784515 0.14554353058338165
0.1509707123041153 0.163160502910614
0.15088337659835815 0.18093498051166534
0.1490083783864975 0.1726359724998474
0.15079206228256226 0.19991502165794373
0.1499156504869461 0.15615186095237732
0.1501694768667221 0.17535400390625
0.15016810595989227 0.16007032990455627
0.14974980056285858 0.15932102501392365
0.1486755758523941 0.15986716747283936
0.1500963717699051 0.1903466135263443
0.1483803242444992 0.15006816387176514
0.14742058515548706 0.14638741314411163
0.14838384091854095 0.15863649547100067
0.14874009788036346 0.15189306437969208
0.14719054102897644 0.16176681220531464
0.1481321156024933 0.1462392508983612
0.14869438111782074 0.151744082570076
0.1464873105287552 0.15622329711914062
0.14728495478630066 0.15652810037136078
0.14564530551433563 0.15402425825595856
0.14602674543857574 0.1526745855808258
0.14521102607250214 0.19727224111557007
0.14751523733139038 0.19216792285442352
0.1473793387413025 0.15215931832790375
0.1461012065410614 0.1626017838716507
0.14446236193180084 0.155264213681221
0.1444917768239975 0.1973484754562378
0.1457759439945221 0.17579157650470734
0.14559480547904968 0.15485548973083496
0.14439807832241058 0.159692645072937
0.14751049876213074 0.1495281457901001
0.14217592775821686 0.1432989090681076
0.14371581375598907 0.1551198959350586
0.14390145242214203 0.1545577347278595
0.14350484311580658 0.15273264050483704
0.14322429895401 0.16738395392894745
0.14477533102035522 0.14527465403079987
0.14293856918811798 0.17604857683181763
0.14354760944843292 0.17210038006305695
0.14454849064350128 0.150048166513443
0.14208993315696716 0.15337251126766205
0.14228054881095886 0.14862333238124847
0.15148517489433289 0.1440553069114685
0.14269401133060455 0.1457814872264862
0.1432654857635498 0.16262267529964447
0.14118434488773346 0.1529867798089981
0.1419341266155243 0.1835213154554367
0.14105625450611115 0.14833422005176544
0.1390744298696518 0.1701781451702118
0.1430341601371765 0.1853921264410019
0.14059512317180634 0.17874352633953094
0.1416851282119751 0.16948357224464417
0.1421087086200714 0.1505640745162964
0.14225134253501892 0.15331441164016724
0.14004476368427277 0.14156478643417358
0.1412382423877716 0.2588461637496948
0.13941754400730133 0.1430833637714386
0.13916869461536407 0.1601705253124237
0.14099904894828796 0.16449499130249023
0.13920174539089203 0.14724072813987732
0.13938477635383606 0.15147724747657776
0.13905902206897736 0.14465291798114777
0.14070142805576324 0.15143641829490662
0.13919728994369507 0.17010238766670227
0.13865548372268677 0.13951784372329712
0.1388365924358368 0.1534556895494461
0.1375826895236969 0.14075236022472382
0.13822361826896667 0.15918442606925964
0.138204425573349 0.17110124230384827
0.13648605346679688 0.14303410053253174
0.13853001594543457 0.16199180483818054
0.14071278274059296 0.1423511952161789
0.13635581731796265 0.16279976069927216
0.13764402270317078 0.17346324026584625
0.13685153424739838 0.15381452441215515
0.1365179866552353 0.13938315212726593
0.13773319125175476 0.14910483360290527
0.13717497885227203 0.17140816152095795
0.13838008046150208 0.1474449783563614
0.13618811964988708 0.15692143142223358
0.13656748831272125 0.19571839272975922
0.13629324734210968 0.19693796336650848
0.1373797357082367 0.14015324413776398
0.13615810871124268 0.15103383362293243
0.13735194504261017 0.14283743500709534
0.13582104444503784 0.15176750719547272
0.13524183630943298 0.15253835916519165
0.13686296343803406 0.1536398082971573
0.13540631532669067 0.14467118680477142
0.13677144050598145 0.14248120784759521
0.13479192554950714 0.15004664659500122
0.13498277962207794 0.3079145848751068
0.13736674189567566 0.13977962732315063
0.1359609067440033 0.13554081320762634
0.135003924369812 0.1353948712348938
0.13616687059402466 0.14245162904262543
0.1351686269044876 0.13834553956985474
0.13433755934238434 0.18227744102478027
0.1335725486278534 0.13525399565696716
0.133417546749115 0.16758617758750916
0.1355525404214859 0.14326037466526031
0.1349000781774521 0.18139222264289856
0.13353578746318817 0.16332654654979706
0.13321900367736816 0.13661086559295654
0.13464373350143433 0.1478612869977951
0.13391762971878052 0.17384140193462372
0.1337861567735672 0.14230120182037354
0.13313724100589752 0.13802438974380493
0.13213101029396057 0.13922998309135437
0.13264106214046478 0.13199913501739502
0.1321522742509842 0.1453416347503662
0.13382719457149506 0.13162699341773987
0.13220582902431488 0.16706483066082
0.13316230475902557 0.16147233545780182
0.13238056004047394 0.13666090369224548
0.13069655001163483 0.1486268937587738
0.13276195526123047 0.16669048368930817
0.13312609493732452 0.1459009349346161
0.13208319246768951 0.13380363583564758
0.13179455697536469 0.15897876024246216
0.13149848580360413 0.1424955278635025
0.13133293390274048 0.14143317937850952
0.13292713463306427 0.13871720433235168
0.1312514841556549 0.13769151270389557
0.1328483670949936 0.1379076987504959
0.13290922343730927 0.14147792756557465
0.13079828023910522 0.14584881067276
0.13085578382015228 0.1707734316587448
0.13269197940826416 0.1309674084186554
0.13058581948280334 0.192653089761734
0.13201028108596802 0.13935787975788116
0.13081666827201843 0.1463836133480072
0.1335107982158661 0.14968657493591309
0.1309100240468979 0.16258855164051056
0.1292746514081955 0.13246692717075348
0.1306125968694687 0.1560492366552353
0.1287117600440979 0.1378604769706726
0.13000471889972687 0.15392792224884033
0.12980665266513824 0.14057804644107819
0.1293947696685791 0.1284908652305603
0.13011781871318817 0.1356598436832428
0.12876175343990326 0.14939619600772858
0.130390927195549 0.15970861911773682
0.13042283058166504 0.13780467212200165
0.12894950807094574 0.13416509330272675
0.13031180202960968 0.1325216293334961
0.13033312559127808 0.154010608792305
0.12881843745708466 0.15980568528175354
0.12832018733024597 0.13970117270946503
0.12792253494262695 0.14623430371284485
0.1288306713104248 0.14741098880767822
0.12833203375339508 0.177659273147583
0.1271965503692627 0.14725059270858765
0.12813076376914978 0.13484779000282288
0.12884898483753204 0.16309237480163574
0.12732818722724915 0.1434294432401657
0.12756994366645813 0.13432765007019043
0.12770137190818787 0.13324247300624847
0.1265876591205597 0.13284866511821747
0.13076309859752655 0.14230918884277344
0.12784363329410553 0.13496360182762146
0.1287963092327118 0.12652647495269775
0.12732341885566711 0.13521680235862732
0.12731915712356567 0.1298569142818451
0.1289370059967041 0.1342349350452423
0.12669014930725098 0.13710346817970276
0.12707896530628204 0.1325184404850006
0.12895773351192474 0.1351863592863083
0.1270270049571991 0.1644834280014038
0.1264476776123047 0.13720926642417908
0.12693668901920319 0.15407800674438477
0.12693528831005096 0.12882213294506073
0.12541648745536804 0.13398794829845428
0.12736348807811737 0.1397390365600586
0.12643426656723022 0.13878756761550903
0.1258200854063034 0.1411227136850357
0.12873129546642303 0.13337813317775726
0.12704548239707947 0.12442971765995026
0.1249227225780487 0.16253075003623962
0.12561148405075073 0.1322839856147766
0.1266990453004837 0.14238788187503815
0.12692616879940033 0.12973938882350922
0.12443725019693375 0.13592398166656494
0.12440355867147446 0.13137134909629822
0.1285160481929779 0.13706886768341064
0.12567070126533508 0.13499876856803894
0.12507101893424988 0.12752826511859894
0.1261337697505951 0.12705357372760773
0.1254223734140396 0.1275416761636734
0.12648041546344757 0.13797923922538757
0.12400882691144943 0.14545197784900665
0.12504751980304718 0.12198220938444138
0.1254836767911911 0.12213209271430969
0.12296169251203537 0.1445116251707077
0.12459796667098999 0.12886041402816772
0.12509118020534515 0.18339911103248596
0.12380944937467575 0.13164716958999634
0.12453943490982056 0.13188180327415466
0.12435837090015411 0.12495554983615875
0.12541982531547546 0.12908115983009338
0.12409527599811554 0.14116942882537842
0.12486863881349564 0.14039433002471924
0.12530352175235748 0.14535242319107056
0.12252864986658096 0.13711604475975037
0.12362828105688095 0.1342923641204834
0.12325393408536911 0.1263236403465271
0.13072752952575684 0.12774771451950073
0.12294063717126846 0.12736362218856812
0.12310709804296494 0.1413835883140564
0.12377581745386124 0.13478535413742065
0.12315753102302551 0.1281101554632187
0.12198853492736816 0.1302112340927124
0.12243582308292389 0.12806104123592377
0.1208619773387909 0.12366633117198944
0.12282153964042664 0.13702258467674255
0.12159908562898636 0.14477704465389252
0.12290997058153152 0.153536856174469
0.12052857130765915 0.1349468231201172
0.12102002650499344 0.11960222572088242
0.1220792829990387 0.17541348934173584
0.12169286608695984 0.13165511190891266
0.1213972419500351 0.12815634906291962
0.12188870459794998 0.13930362462997437
0.11986778676509857 0.13974884152412415
0.12146976590156555 0.15355029702186584
0.12045641988515854 0.1528991013765335
0.11932455003261566 0.12014947086572647
0.12115173786878586 0.13072071969509125
0.12059659510850906 0.1286473423242569
0.11982022225856781 0.12623006105422974
0.12037569284439087 0.13816708326339722
0.12008636444807053 0.12574902176856995
0.11994149535894394 0.13270369172096252
0.12072262912988663 0.12181510031223297
0.11929117143154144 0.1380021721124649
0.11964944750070572 0.13728585839271545
0.11967716366052628 0.1232125461101532
0.12037935853004456 0.12668317556381226
0.11787880957126617 0.12050440907478333
0.12079183012247086 0.12860636413097382
0.12222065776586533 0.11833497136831284
0.12015782296657562 0.12647317349910736
0.11951395124197006 0.12553758919239044
0.11858940124511719 0.13419973850250244
0.11971861124038696 0.118000827729702
0.11984524130821228 0.162294402718544
0.11820919811725616 0.126557856798172
0.1187739223241806 0.13810448348522186
0.12042474001646042 0.12433982640504837
0.11834332346916199 0.1205003559589386
0.11779102683067322 0.12208446115255356
0.11786568909883499 0.12245494872331619
0.11907613277435303 0.12166140973567963
0.11833251267671585 0.1261044591665268
0.1173388734459877 0.11799100041389465
0.11896676570177078 0.1321328580379486
0.1194787248969078 0.11688533425331116
0.11707326024770737 0.12221816927194595
0.117503322660923 0.1250208169221878
0.1175837516784668 0.1234029084444046
0.11855299025774002 0.14055435359477997
0.11591731011867523 0.14833953976631165
0.11801844835281372 0.13819944858551025
0.11723672598600388 0.11993885040283203
0.11846771836280823 0.11847000569105148
0.11723291128873825 0.12767215073108673
0.11885332316160202 0.12779386341571808
0.11819472908973694 0.12016438692808151
0.11854694783687592 0.16689878702163696
0.1172947809100151 0.12210600823163986
0.11806901544332504 0.11760195344686508
0.11757422238588333 0.12128914892673492
0.11663898080587387 0.11895853281021118
0.11674551665782928 0.11979512125253677
0.11767707765102386 0.12476892024278641
0.1163610965013504 0.12018606811761856
0.11517702043056488 0.11760877817869186
0.1155829131603241 0.13023965060710907
0.11780369281768799 0.12277519702911377
0.11612468212842941 0.12745608389377594
0.11643573641777039 0.11783641576766968
0.11713644862174988 0.12470396608114243
0.11526689678430557 0.12369386106729507
0.11588853597640991 0.12206786870956421
0.11597288399934769 0.1201106384396553
0.11776995658874512 0.12774206697940826
0.11852450668811798 0.12371876835823059
0.11500827223062515 0.11328847706317902
0.11455429345369339 0.11628266423940659
0.11462828516960144 0.12912382185459137
0.11580146104097366 0.15582627058029175
0.11598388850688934 0.1291557252407074
0.11580732464790344 0.1284346580505371
0.11516960710287094 0.15142446756362915
0.1164996549487114 0.14981861412525177
0.11497315019369125 0.13390356302261353
0.11573901772499084 0.12562493979930878
0.1150144413113594 0.14461058378219604
0.11554094403982162 0.12129518389701843
0.11621721088886261 0.11867567896842957
0.11492185294628143 0.11351067572832108
0.11462804675102234 0.1368982344865799
0.11447974294424057 0.13445666432380676
0.11344568431377411 0.1395365297794342
0.11385218799114227 0.13992993533611298
0.11551365256309509 0.11724915355443954
0.11452276259660721 0.12310012429952621
0.11377548426389694 0.12031281739473343
0.11492155492305756 0.13689178228378296
0.11421709507703781 0.14730045199394226
0.11312414705753326 0.12724505364894867
0.11352425813674927 0.13175562024116516
0.11416255682706833 0.13357678055763245
0.11372140794992447 0.12137183547019958
0.11254602670669556 0.1572502851486206
0.1140187680721283 0.11864934861660004
0.11433044821023941 0.16546759009361267
0.11466963589191437 0.13438431918621063
0.11342806369066238 0.12164053320884705
0.11498226970434189 0.11781066656112671
0.1126941367983818 0.11866799741983414
0.11310777813196182 0.12787194550037384
0.11403550207614899 0.12350565940141678
0.11356952786445618 0.12539665400981903
0.11336667835712433 0.1269860714673996
0.11307469010353088 0.1229393482208252
0.1134573221206665 0.12633851170539856
0.11477713286876678 0.1208135262131691
0.11343450844287872 0.1241566464304924
0.11312810331583023 0.11564470827579498
0.11335063725709915 0.13919226825237274
0.11379487067461014 0.1264340579509735
0.11257931590080261 0.11475282907485962
0.1145382672548294 0.11347120255231857
0.11188920587301254 0.12554596364498138
0.1129542887210846 0.12319720536470413
0.1124400720000267 0.11444096267223358
0.11243822425603867 0.14582540094852448
0.1119331642985344 0.11519352346658707
0.11188481003046036 0.12940973043441772
0.11293110996484756 0.11675073951482773
0.11233673989772797 0.12003229558467865
0.11392923444509506 0.11671096086502075
0.11114594340324402 0.11840350925922394
0.11147195845842361 0.11709091812372208
0.11096416413784027 0.12408213317394257
0.11145319789648056 0.12886157631874084
0.11296192556619644 0.1142759844660759
0.1109037771821022 0.13097557425498962
0.11249347776174545 0.11236754804849625
0.11032518744468689 0.14524169266223907
0.11062639206647873 0.1151856780052185
0.11124077439308167 0.1356237828731537
0.11076239496469498 0.11898678541183472
0.11259699612855911 0.16992950439453125
0.11188673228025436 0.11190242320299149
0.1099710687994957 0.12158380448818207
0.11396324634552002 0.112118661403656
0.11111313104629517 0.12336145341396332
0.11148906499147415 0.11194851249456406
0.11144278198480606 0.14726440608501434
0.11085367202758789 0.13710395991802216
0.11118977516889572 0.12680412828922272
0.11110775917768478 0.11357028037309647
0.11204786598682404 0.12474829703569412
0.11090468615293503 0.16169099509716034
0.1110885888338089 0.1145874634385109
0.11129367351531982 0.11587879061698914
0.11118967086076736 0.11141622811555862
0.10955072194337845 0.11596804857254028
0.11158929020166397 0.12203040719032288
0.11179812997579575 0.1143612340092659
0.11062900722026825 0.12299280613660812
0.11010825634002686 0.13595882058143616
0.11126452684402466 0.108967624604702
0.10988711565732956 0.1356797218322754
0.11026531457901001 0.1112888753414154
0.10998551547527313 0.11603018641471863
0.11059122532606125 0.11975809931755066
0.11147154122591019 0.11202671378850937
0.11050009727478027 0.10990991443395615
0.11004763841629028 0.1286999136209488
0.10925328731536865 0.11556071043014526
0.1093754693865776 0.11412809789180756
0.1111687570810318 0.12537090480327606
0.10980138927698135 0.11061377823352814
0.10825623571872711 0.12583059072494507
0.1101568192243576 0.11788759380578995
0.10930541157722473 0.12047475576400757
0.11006639152765274 0.11664443463087082
0.10958622395992279 0.12320232391357422
0.10920664668083191 0.126673623919487
0.1092761904001236 0.1342667192220688
0.11007142066955566 0.11445814371109009
0.10951822251081467 0.12283645570278168
0.11008116602897644 0.11485134810209274
0.10898233205080032 0.12018539756536484
0.10966421663761139 0.11835765838623047
0.10901710391044617 0.10650243610143661
0.10920001566410065 0.11791148036718369
0.10979356616735458 0.11400332301855087
0.1086304783821106 0.11660028994083405
0.10896517336368561 0.11402631551027298
0.10912177711725235 0.12110919505357742
0.10921157896518707 0.11519069969654083
0.10969792306423187 0.10934249311685562
0.10909529030323029 0.12132448703050613
0.10944181680679321 0.14122357964515686
0.10903874784708023 0.11063545942306519
0.10863912850618362 0.11527853459119797
0.10895506292581558 0.10729341208934784
0.10885102301836014 0.11350945383310318
0.10841235518455505 0.12297597527503967
0.10752737522125244 0.13405771553516388
0.10907328128814697 0.11659396439790726
0.10774272680282593 0.11891169846057892
0.1083221286535263 0.1266227811574936
0.10721628367900848 0.11053560674190521
0.10780008137226105 0.1107250303030014
0.10917498171329498 0.11064993590116501
0.10722260177135468 0.11277630180120468
0.10788094997406006 0.11921387910842896
0.10910189896821976 0.12852083146572113
0.1081579253077507 0.11599316447973251
0.10833171755075455 0.10963374376296997
0.10717860609292984 0.11253204941749573
0.10702992975711823 0.11800098419189453
0.10798657685518265 0.1115778237581253
0.10917352139949799 0.11630337685346603
0.10908236354589462 0.1252182424068451
0.10674000531435013 0.11928237974643707
0.10678055137395859 0.11356744170188904
0.10931584239006042 0.11097508668899536
0.10764968395233154 0.11564605683088303
0.10882220417261124 0.11016107350587845
0.10718534886837006 0.10941551625728607
0.10760420560836792 0.11085968464612961
0.10729994624853134 0.11216003447771072
0.10731972754001617 0.11283383518457413
0.10834883153438568 0.10930817574262619
0.10791074484586716 0.10892903059720993
0.10721995681524277 0.11331673711538315
0.10904078930616379 0.11052931100130081
0.10849013924598694 0.12675490975379944
0.10682293027639389 0.12473847717046738
0.10712125897407532 0.13270875811576843
0.10732251405715942 0.11233609169721603
0.10881862044334412 0.12245313823223114
0.10727369040250778 0.11053787916898727
0.10646775364875793 0.1205662414431572
0.10670193284749985 0.12899547815322876
0.10717713087797165 0.15573857724666595
0.10671405494213104 0.11629533022642136
0.10679854452610016 0.11115762591362
0.10770312696695328 0.132875457406044
0.10633277893066406 0.12577861547470093
0.10590386390686035 0.10864991694688797
0.10668426007032394 0.12295611947774887
0.10740029811859131 0.1299937218427658
0.10633937269449234 0.11276237666606903
0.1067206934094429 0.12613636255264282
0.10584491491317749 0.1166352853178978
0.10673961043357849 0.11887075752019882
0.10596055537462234 0.16646414995193481
0.10661540180444717 0.12789425253868103
0.10745708644390106 0.1171068474650383
0.10662246495485306 0.11022543907165527
0.10605308413505554 0.10550814867019653
0.10603015124797821 0.11354623734951019
0.10635129362344742 0.11735423654317856
0.10594312846660614 0.12296068668365479
0.10574006289243698 0.10822458565235138
0.10611206293106079 0.11374153941869736
0.1077636107802391 0.10574886947870255
0.10440684854984283 0.12383456528186798
0.10652735829353333 0.10916633158922195
0.10550568252801895 0.11769365519285202
0.10795887559652328 0.11537685990333557
0.10555914789438248 0.11115938425064087
0.10577866435050964 0.10448053479194641
0.10549961775541306 0.1731996089220047
0.10757744312286377 0.11607763916254044
0.10546927154064178 0.11214286834001541
0.10589271038770676 0.12396131455898285
0.10603982210159302 0.1117347702383995
0.10518451035022736 0.11309687793254852
0.10570725053548813 0.11088107526302338
0.10552676767110825 0.10803606361150742
0.10587448626756668 0.12655502557754517
0.10555627197027206 0.1219283789396286
0.10417557507753372 0.108546681702137
0.10503023862838745 0.1114717423915863
0.10521646589040756 0.11748962104320526
0.10481217503547668 0.12924623489379883
0.10530552268028259 0.10899554193019867
0.1041242927312851 0.10530003160238266
0.10707353055477142 0.10753709077835083
0.10583534836769104 0.10545406490564346
0.1046181246638298 0.10512138903141022
0.10480327904224396 0.11324785649776459
0.10540802776813507 0.14720986783504486
0.10580619424581528 0.13137014210224152
0.10535421967506409 0.11311203241348267
0.10444024950265884 0.11813012510538101
0.10580785572528839 0.10571650415658951
0.10427582263946533 0.1164173036813736
0.1054554134607315 0.12036531418561935
0.1043986827135086 0.13599130511283875
0.10523465275764465 0.11165640503168106
0.10551195591688156 0.12471505254507065
0.10409370064735413 0.11082817614078522
0.10453203320503235 0.1176576316356659
0.10361170023679733 0.10712812840938568
0.10417740792036057 0.10925634950399399
0.10526479035615921 0.12729500234127045
0.10314743965864182 0.115312360227108
0.1038653701543808 0.10874684900045395
0.10452551394701004 0.11299273371696472
0.10498128831386566 0.10732114315032959
0.10419723391532898 0.11153711378574371
0.10483050346374512 0.11459175497293472
0.10345567017793655 0.1240105926990509
0.10336941480636597 0.10801836848258972
0.10480879992246628 0.11203397810459137
0.10355192422866821 0.12393435090780258
0.10407966375350952 0.15340560674667358
0.10421869158744812 0.11190686374902725
0.10518605262041092 0.10880806297063828
0.10310447961091995 0.10668405145406723
0.10356854647397995 0.1129923164844513
0.10303378850221634 0.11643435060977936
0.10315414518117905 0.1130206361413002
0.10384960472583771 0.11735742539167404
0.1037682369351387 0.11867928504943848
0.10333121567964554 0.10681619495153427
0.10343948751688004 0.11173906177282333
0.10396825522184372 0.12018320709466934
0.10278714448213577 0.11333727091550827
0.10427559167146683 0.12492520362138748
0.10487356036901474 0.1088164821267128
0.10294287651777267 0.11340072005987167
0.10325157642364502 0.10464321821928024
0.10382971912622452 0.1340796947479248
0.10295287519693375 0.11731590330600739
0.10332472622394562 0.1099153682589531
0.10217855870723724 0.10212133079767227
0.10298264771699905 0.11956916004419327
0.10310960561037064 0.11260918527841568
0.1035742536187172 0.10656396299600601
0.10352037847042084 0.11873292922973633
0.10300283879041672 0.1144082099199295
0.10213103890419006 0.11337881535291672
0.10272295027971268 0.10545812547206879
0.10308248549699783 0.11779984086751938
0.10174281895160675 0.10941079258918762
0.10321535170078278 0.13371379673480988
0.10376571118831635 0.10595495998859406
0.10394526273012161 0.1272171288728714
0.10268716514110565 0.11063351482152939
0.10392452031373978 0.10522890090942383
0.10219637304544449 0.10859996825456619
0.10312779247760773 0.10822010040283203
0.10244029015302658 0.10662449151277542
0.10295361280441284 0.10641372203826904
0.10264967381954193 0.13410387933254242
0.10211602598428726 0.11072345823049545
0.10319453477859497 0.10876037180423737
0.1026565283536911 0.10675905644893646
0.10210640728473663 0.1093069314956665
0.10289979726076126 0.10685829818248749
0.1027793437242508 0.1088508814573288
0.10235758125782013 0.10726576298475266
0.10158184170722961 0.14139752089977264
0.10266963392496109 0.10415010154247284
0.10223215818405151 0.1570052057504654
0.10274960100650787 0.10888932645320892
0.10252995789051056 0.12790928781032562
0.10384151339530945 0.11256809532642365
0.10239363461732864 0.10782968997955322
0.10297241806983948 0.10699118673801422
0.10236648470163345 0.12097286432981491
0.10199559479951859 0.10857141762971878
0.10313886404037476 0.13006362318992615
0.101628378033638 0.110643669962883
0.10370711237192154 0.1049957126379013
0.10182994604110718 0.10968244075775146
0.10235794633626938 0.11023937910795212
0.10156715661287308 0.11863672733306885
0.1019883006811142 0.1308700144290924
0.10224255174398422 0.20110689103603363
0.1017020046710968 0.12419570237398148
0.1028331071138382 0.11563626676797867
0.10113903880119324 0.10301796346902847
0.10221758484840393 0.1162121444940567
0.10079862922430038 0.12968553602695465
0.10262817144393921 0.10378092527389526
0.10358209162950516 0.11206014454364777
0.10078682750463486 0.10784860700368881
0.10257772356271744 0.11121756583452225
0.1023414209485054 0.11681731045246124
0.10104666650295258 0.10806818306446075
0.10212494432926178 0.10673357546329498
0.10022646188735962 0.11582549661397934
0.10256819427013397 0.12317270785570145
0.10158104449510574 0.15251412987709045
0.1015113890171051 0.11712203174829483
0.10088146477937698 0.13025464117527008
0.10186054557561874 0.10386993736028671
0.10121426731348038 0.11745407432317734
0.10052161663770676 0.10727272182703018
0.1015818789601326 0.11220162361860275
0.10088799893856049 0.11033277213573456
0.10107510536909103 0.12219484895467758
0.1010793000459671 0.10928739607334137
0.10087168216705322 0.11569534987211227
0.10139896720647812 0.1250150203704834
0.10150248557329178 0.10592062771320343
0.10220956802368164 0.1596733182668686
0.1015072911977768 0.11220428347587585
0.10148797929286957 0.1066618263721466
0.10131966322660446 0.13890348374843597
0.10139492154121399 0.11222676187753677
0.10218764841556549 0.10865411162376404
0.10213867574930191 0.10484523326158524
0.10078264772891998 0.12601569294929504
0.10101834684610367 0.10639998316764832
0.10277428478002548 0.10571784526109695
0.1004340723156929 0.11409752070903778
0.10116828233003616 0.112277552485466
0.09981273859739304 0.11610177159309387
0.1012822836637497 0.11290203034877777
0.10225427150726318 0.10354483872652054
0.1009218841791153 0.12304370105266571
0.10057629644870758 0.10501368343830109
0.10064847767353058 0.11322768032550812
0.10092131793498993 0.11422190815210342
0.10120439529418945 0.1093144491314888
0.10077378153800964 0.11374719440937042
0.10115613788366318 0.11149320751428604
0.10195749998092651 0.1378081738948822
0.10065031796693802 0.11371499300003052
0.10045904666185379 0.10688145458698273
0.10088084638118744 0.15847627818584442
0.10161159187555313 0.12530460953712463
0.10134685784578323 0.10988990217447281
0.100531667470932 0.12394043803215027
0.09990738332271576 0.11094871163368225
0.10073231160640717 0.10292396694421768
0.10002012550830841 0.11786776781082153
0.10085252672433853 0.13516585528850555
0.10009966045618057 0.13355186581611633
0.10005424916744232 0.11328084021806717
0.10097607970237732 0.11680693924427032
0.1014166846871376 0.10863689333200455
0.1003250777721405 0.11936862021684647
0.10100417584180832 0.1143215224146843
0.09987407177686691 0.10556250810623169
0.10000862926244736 0.10586151480674744
0.1014070138335228 0.10901576280593872
0.09953621029853821 0.11841070652008057
0.09944625198841095 0.1069352850317955
0.10012349486351013 0.10600972175598145
0.10145413875579834 0.13255198299884796
0.10084742307662964 0.11210447549819946
0.10109482705593109 0.10737240314483643
0.10025450587272644 0.11030838638544083
0.0993528664112091 0.1678594946861267
0.1002185195684433 0.11083341389894485
0.09845805913209915 0.10222817212343216
0.09992049634456635 0.10437195003032684
0.10000128298997879 0.10522033274173737
0.09981300681829453 0.11810161173343658
0.1008276641368866 0.12179096043109894
0.10062533617019653 0.10968904197216034
0.09969180822372437 0.10359729081392288
0.10017900168895721 0.10792231559753418
0.10009512305259705 0.10972148925065994
0.09955228865146637 0.10467604547739029
0.09944265335798264 0.1125389039516449
0.1000581905245781 0.10996633023023605
0.09985637664794922 0.10582135617733002
0.10002890974283218 0.107640340924263
0.10001042485237122 0.10087749361991882
0.09974069893360138 0.10628464818000793
0.10013584792613983 0.10585571080446243
0.09891705214977264 0.13694323599338531
0.10012048482894897 0.15973077714443207
0.10032648593187332 0.1017499640583992
0.09930143505334854 0.11412455141544342
0.09935396909713745 0.1092071384191513
0.09986256062984467 0.12304344773292542
0.09979016333818436 0.11012397706508636
0.09954776614904404 0.10410071164369583
0.09892883896827698 0.11024658381938934
0.09874799847602844 0.10498235374689102
0.09987809509038925 0.12526066601276398
0.09962180256843567 0.10378053039312363
0.09889685362577438 0.10697803646326065
0.09901928901672363 0.10257504135370255
0.1004466786980629 0.10477060824632645
0.0990103930234909 0.11336242407560349
0.0988953560590744 0.10412570089101791
0.09919827431440353 0.10201848298311234
0.09865973889827728 0.10867933183908463
0.0998629480600357 0.11595349758863449
0.09954671561717987 0.10866110026836395
0.0996222048997879 0.11067348718643188
0.09986535459756851 0.11753073334693909
0.09854510426521301 0.113523930311203
0.09862806648015976 0.1052829846739769
0.09996072947978973 0.11238206923007965
0.0983792096376419 0.11738322675228119
0.10030956566333771 0.12336327880620956
0.09851065278053284 0.11446976661682129
0.0989464819431305 0.10255860537290573
0.1002349853515625 0.10777471959590912
0.09879343211650848 0.10882660001516342
0.09875394403934479 0.11390449851751328
0.09882134199142456 0.10979780554771423
0.09912241250276566 0.11784052103757858
0.09816954284906387 0.13213947415351868
0.09993088990449905 0.10956663638353348
0.09852535277605057 0.129413902759552
0.09918637573719025 0.1066533699631691
0.09893659502267838 0.113668292760849
0.0993172898888588 0.11575659364461899
0.09850319474935532 0.10709312558174133
0.09797920286655426 0.10259398072957993
0.09948234260082245 0.10073808580636978
0.098387211561203 0.1097102090716362
0.0997118353843689 0.11105968803167343
0.09979959577322006 0.10128594934940338
0.09949290007352829 0.1025397926568985
0.09869781136512756 0.10452421754598618
0.09867344796657562 0.10978766530752182
0.09867756068706512 0.15835385024547577
0.0992743968963623 0.11383669078350067
0.09805788844823837 0.14386653900146484
0.09810824692249298 0.11785923689603806
0.09882687032222748 0.10037151724100113
0.09818810224533081 0.10213734954595566
0.09814108163118362 0.11479611694812775
0.09868395328521729 0.1021609678864479
0.09864829480648041 0.11022084951400757
0.09875772893428802 0.1119232103228569
0.09905017912387848 0.1044868528842926
0.0987103208899498 0.13718321919441223
0.09788595885038376 0.13094140589237213
0.09903866797685623 0.11060788482427597
0.09832300245761871 0.11527412384748459
0.09919800609350204 0.111685611307621
0.09794790297746658 0.13676099479198456
0.09893245249986649 0.10780692100524902
0.09878072142601013 0.11566532403230667
0.09824935346841812 0.10305950045585632
0.09813642501831055 0.1063101589679718
0.0981023833155632 0.10404286533594131
0.09780740737915039 0.10338693857192993
0.09840898960828781 0.10540392249822617
0.09858530014753342 0.11740688234567642
0.0974331721663475 0.1074129045009613
0.0985524132847786 0.1080334484577179
0.09854826331138611 0.10406430810689926
0.09768866002559662 0.12750579416751862
0.09795636683702469 0.10817918181419373
0.09802315384149551 0.1067466214299202
0.09905198216438293 0.12504786252975464
0.09816811978816986 0.10376910120248795
0.09698052704334259 0.13697519898414612
0.09885142743587494 0.10154317319393158
0.09922153502702713 0.11089090257883072
0.09670590609312057 0.10567109286785126
0.09859064966440201 0.10614446550607681
0.09754782170057297 0.11764878779649734
0.09909238666296005 0.1015884280204773
0.09676439315080643 0.10597526282072067
0.09889686852693558 0.11140060424804688
0.09782174974679947 0.10754508525133133
0.09773887693881989 0.10747022926807404
0.09843114018440247 0.10754873603582382
0.09776587039232254 0.10877641290426254
0.0988302230834961 0.10385384410619736
0.09755469113588333 0.10415168851613998
