1.495316743850708 1.4994102716445923
1.4774471521377563 1.5083457231521606
1.460625410079956 1.472614049911499
1.4433993101119995 1.4576250314712524
1.4268099069595337 1.4377521276474
1.4109532833099365 1.4309921264648438
1.4045110940933228 1.4215314388275146
1.3962434530258179 1.4214401245117188
1.3875843286514282 1.4174647331237793
1.3833001852035522 1.3992139101028442
1.3801984786987305 1.3993264436721802
1.3782755136489868 1.3950024843215942
1.3744233846664429 1.4080525636672974
1.3704135417938232 1.3990390300750732
1.358852744102478 1.3588447570800781
1.2694147825241089 1.1785699129104614
1.1160272359848022 1.1427967548370361
1.058706283569336 1.0427582263946533
1.0292448997497559 1.033894658088684
1.0139237642288208 1.0697321891784668
1.0048352479934692 1.005069375038147
0.9932882189750671 1.0513758659362793
0.9864002466201782 0.9798107743263245
0.9775034785270691 0.9818012714385986
0.969215452671051 0.9677624106407166
0.9603795409202576 0.9576793313026428
0.9460155963897705 0.926103413105011
0.925349771976471 0.9151141047477722
0.8894340991973877 0.8532403111457825
0.8414379358291626 0.8327073454856873
0.7989474534988403 0.8339939117431641
0.7611079216003418 0.7512070536613464
0.7331615090370178 0.717290997505188
0.6985562443733215 0.6704399585723877
0.6717749238014221 0.6677501201629639
0.6461822390556335 0.6786123514175415
0.6162757277488708 0.6038715839385986
0.590813934803009 0.6779768466949463
0.5692370533943176 0.6078399419784546
0.5477043986320496 0.5592858791351318
0.5297156572341919 0.5517671704292297
0.5092142820358276 0.5251333117485046
0.49624428153038025 0.5457490682601929
0.48274797201156616 0.506552517414093
0.46949607133865356 0.4681206941604614
0.4541070759296417 0.459460973739624
0.4483796954154968 0.45409005880355835
0.43856027722358704 0.4315177798271179
0.4322609007358551 0.45492103695869446
0.4271014332771301 0.46991196274757385
0.41799142956733704 0.43601930141448975
0.41346290707588196 0.4038538932800293
0.4083995521068573 0.4051158130168915
0.4065187871456146 0.4109656512737274
0.407315731048584 0.4239847958087921
0.3994518518447876 0.3916512131690979
0.3965243995189667 0.4290332794189453
0.39110711216926575 0.40632426738739014
0.3855694532394409 0.3833674192428589
0.38627490401268005 0.37761062383651733
0.3793680965900421 0.38287004828453064
0.37679430842399597 0.3821902871131897
0.3740783929824829 0.3846460282802582
0.3709262013435364 0.36545783281326294
0.36927831172943115 0.3607847988605499
0.3660753071308136 0.3724778890609741
0.3624638020992279 0.3531613051891327
0.3589404821395874 0.372000128030777
0.35783424973487854 0.36519303917884827
0.35536977648735046 0.35206833481788635
0.3570069670677185 0.3517428934574127
0.3508670926094055 0.342553049325943
0.34890034794807434 0.35642579197883606
0.3482855558395386 0.3527112901210785
0.34649595618247986 0.405805379152298
0.345420241355896 0.34219399094581604
0.3405352234840393 0.37209877371788025
0.3406341075897217 0.35210636258125305
0.3395051062107086 0.3464811444282532
0.33779072761535645 0.33955276012420654
0.3342072367668152 0.32894688844680786
0.33272573351860046 0.3351909816265106
0.33298230171203613 0.3266448676586151
0.3288841247558594 0.320611834526062
0.3289318084716797 0.3212216794490814
0.3280717432498932 0.358769029378891
0.3259274959564209 0.3150781989097595
0.3240867257118225 0.37509289383888245
0.32327428460121155 0.3475605547428131
0.3213723301887512 0.32535436749458313
0.3210856020450592 0.33757418394088745
0.31851330399513245 0.31885436177253723
0.3168564438819885 0.31592893600463867
0.3181724548339844 0.3195040225982666
0.31788551807403564 0.3161361515522003
0.3146582543849945 0.3231281638145447
0.31401097774505615 0.3128334581851959
0.31318312883377075 0.31379783153533936
0.3121676445007324 0.3049737811088562
0.31438684463500977 0.3172766864299774
0.31128183007240295 0.3137718439102173
0.30956384539604187 0.31855449080467224
0.31101495027542114 0.32072827219963074
0.3126729130744934 0.3038950264453888
0.3078274130821228 0.30561208724975586
0.31118714809417725 0.32389384508132935
0.30751967430114746 0.31727102398872375
0.307461678981781 0.310063898563385
0.308220773935318 0.32468941807746887
0.3065415918827057 0.31495946645736694
0.3072071671485901 0.3066137433052063
0.3048200011253357 0.3029763400554657
0.3062751293182373 0.330891877412796
0.304696261882782 0.3124876022338867
0.30238476395606995 0.300748348236084
0.3016722500324249 0.29845571517944336
0.3016676902770996 0.3036455810070038
0.2997172176837921 0.29645106196403503
0.2998180389404297 0.3062601685523987
0.2990454435348511 0.30087369680404663
0.29916736483573914 0.3023892343044281
0.29676398634910583 0.29817330837249756
0.2959917187690735 0.29571354389190674
0.29487690329551697 0.28899168968200684
0.2956719696521759 0.3098626136779785
0.2938675880432129 0.29487892985343933
0.2939026355743408 0.3423581123352051
0.2921695113182068 0.2899015247821808
0.2936345934867859 0.2893327474594116
0.29437291622161865 0.2916901707649231
0.2905636727809906 0.2902268171310425
0.29085564613342285 0.29171866178512573
0.2903136610984802 0.2926500141620636
0.2907646596431732 0.29156365990638733
0.2892342805862427 0.29748284816741943
0.28849998116493225 0.2990777790546417
0.2895863652229309 0.3162074387073517
0.29016557335853577 0.2828136384487152
0.2871663570404053 0.2827027440071106
0.2887040674686432 0.2881699204444885
0.28718993067741394 0.280172199010849
0.28614747524261475 0.2982780635356903
0.2870887517929077 0.2907487452030182
0.2875138819217682 0.2849949896335602
0.2873002588748932 0.2893300950527191
0.285149484872818 0.2831146717071533
0.28449752926826477 0.2900032699108124
0.2860950529575348 0.2863875925540924
0.2844301760196686 0.27793440222740173
0.2828114330768585 0.28334489464759827
0.2830691337585449 0.2803634703159332
0.28335991501808167 0.29067569971084595
0.2824024558067322 0.27831220626831055
0.28259265422821045 0.2750255763530731
0.28054895997047424 0.28153595328330994
0.2796015441417694 0.2835499048233032
0.27801698446273804 0.2878963053226471
0.2782744765281677 0.2727293372154236
0.2766871750354767 0.26924100518226624
0.2763960659503937 0.28499752283096313
0.27497974038124084 0.268179714679718
0.2703208327293396 0.2709423303604126
0.2711911201477051 0.27512142062187195
0.26879602670669556 0.2661707401275635
0.26843658089637756 0.261650949716568
0.26740050315856934 0.2734338939189911
0.2659911513328552 0.2582932412624359
0.2659676969051361 0.2751884460449219
0.2639710009098053 0.26127126812934875
0.2655647099018097 0.2596015930175781
0.2623022496700287 0.25670596957206726
0.264141708612442 0.26089638471603394
0.2622862160205841 0.2538372576236725
0.2632567882537842 0.264354944229126
0.2608746290206909 0.2699507176876068
0.25969213247299194 0.25482264161109924
0.25943464040756226 0.2630687654018402
0.25893425941467285 0.27774208784103394
0.2599862515926361 0.2520850896835327
0.2585393190383911 0.2688405513763428
0.25905969738960266 0.25855132937431335
0.25675463676452637 0.2598781883716583
0.2575831115245819 0.2753845453262329
0.2566445767879486 0.2691285312175751
0.25737878680229187 0.25171297788619995
0.2558286488056183 0.25724565982818604
0.2562122941017151 0.2588461935520172
0.2533073425292969 0.27764466404914856
0.25450003147125244 0.2531588673591614
0.254850834608078 0.27162089943885803
0.2538091540336609 0.25893235206604004
0.25424429774284363 0.2558763027191162
0.2531067132949829 0.2695360481739044
0.25353899598121643 0.2502382695674896
0.2523084878921509 0.24624040722846985
0.2515350878238678 0.2716082036495209
0.25181064009666443 0.2542734444141388
0.25314047932624817 0.2642476558685303
0.25040027499198914 0.24861641228199005
0.25022345781326294 0.25226396322250366
0.2520986795425415 0.25364401936531067
0.25079837441444397 0.2640952467918396
0.2506519556045532 0.2778403162956238
0.24835745990276337 0.25818201899528503
0.2539902925491333 0.25569841265678406
0.24947567284107208 0.2591491937637329
0.24927568435668945 0.2745738625526428
0.24770553410053253 0.2747254967689514
0.24912463128566742 0.25081658363342285
0.24871113896369934 0.2531523108482361
0.24914424121379852 0.24737094342708588
0.24867674708366394 0.24776682257652283
0.2480011135339737 0.24480433762073517
0.24809981882572174 0.2463221400976181
0.24605143070220947 0.25399255752563477
0.2479162961244583 0.25483566522598267
0.24525953829288483 0.25582438707351685
0.25023353099823 0.24472561478614807
0.2459099441766739 0.2507568597793579
0.24639923870563507 0.23981232941150665
0.25059524178504944 0.2555120885372162
0.24625426530838013 0.24829187989234924
0.2448893040418625 0.24477463960647583
0.24643632769584656 0.2533217966556549
0.24409691989421844 0.2430676370859146
0.24568526446819305 0.2546044588088989
0.2452940195798874 0.25116169452667236
0.2429571896791458 0.2631084620952606
0.24357281625270844 0.2543872594833374
0.24570736289024353 0.25811171531677246
0.24411824345588684 0.2968093156814575
0.242953822016716 0.2577248513698578
0.24559804797172546 0.24141864478588104
0.2415618896484375 0.24233756959438324
0.24348045885562897 0.24434535205364227
0.24192902445793152 0.24570432305335999
0.24171550571918488 0.24517883360385895
0.24056288599967957 0.26236969232559204
0.24149909615516663 0.2405092865228653
0.24400779604911804 0.25298961997032166
0.24078452587127686 0.24241355061531067
0.24252012372016907 0.24499444663524628
0.24163025617599487 0.25248515605926514
0.23920083045959473 0.2471408098936081
0.2398589849472046 0.25268736481666565
0.24064907431602478 0.26215842366218567
0.2412177175283432 0.253560334444046
0.23920142650604248 0.24508093297481537
0.23884886503219604 0.24859102070331573
0.24102546274662018 0.23686301708221436
0.23909242451190948 0.2460741102695465
0.2382756620645523 0.29182133078575134
0.24152670800685883 0.2521846890449524
0.23946194350719452 0.25677675008773804
0.2386602759361267 0.24254721403121948
0.23945093154907227 0.24777978658676147
0.23740527033805847 0.24483011662960052
0.23877820372581482 0.23905658721923828
0.23900213837623596 0.2462654560804367
0.23792068660259247 0.24843856692314148
0.23796455562114716 0.2515075206756592
0.23810215294361115 0.25546514987945557
0.23836448788642883 0.25112420320510864
0.23779693245887756 0.24583624303340912
0.23702089488506317 0.24530449509620667
0.27287817001342773 0.27620917558670044
0.25066906213760376 0.2446063607931137
0.24597954750061035 0.26437339186668396
0.24497966468334198 0.26869598031044006
0.24523000419139862 0.23680426180362701
0.2437242865562439 0.2454475462436676
0.242713063955307 0.23812799155712128
0.23993530869483948 0.29604989290237427
0.24053865671157837 0.24126304686069489
0.24007533490657806 0.24036438763141632
0.23932945728302002 0.23670923709869385
0.23929378390312195 0.24650123715400696
0.24026735126972198 0.23581236600875854
0.23885399103164673 0.24589690566062927
0.23676180839538574 0.2410522699356079
0.23612667620182037 0.24196630716323853
0.23505789041519165 0.23733799159526825
0.24143575131893158 0.23825478553771973
0.23806637525558472 0.2632179856300354
0.23786069452762604 0.2442525178194046
0.23743580281734467 0.24405452609062195
0.23787330090999603 0.2490645796060562
0.2376284897327423 0.25425246357917786
0.23625384271144867 0.2628539204597473
0.2368762493133545 0.2842967212200165
0.23782606422901154 0.2405671626329422
0.23591876029968262 0.2595753073692322
0.23551632463932037 0.266254723072052
0.23553626239299774 0.24489884078502655
0.23537933826446533 0.24299275875091553
0.23630695044994354 0.2382151335477829
0.23556052148342133 0.2465672791004181
0.23674514889717102 0.23455947637557983
0.23525922000408173 0.23964038491249084
0.2356378585100174 0.24556615948677063
0.23540963232517242 0.23473180830478668
0.23538480699062347 0.2607930302619934
0.2345479428768158 0.2390572875738144
0.23424968123435974 0.24483276903629303
0.2341332584619522 0.23840796947479248
0.23557502031326294 0.24587054550647736
0.23476988077163696 0.24384841322898865
0.23519188165664673 0.2647716701030731
0.23388546705245972 0.2407992035150528
0.23367294669151306 0.27466246485710144
0.2341524362564087 0.24006761610507965
0.23407071828842163 0.24113047122955322
0.23351635038852692 0.24253539741039276
0.23420275747776031 0.24230431020259857
0.23309005796909332 0.2537381947040558
0.2332935631275177 0.27381619811058044
0.23369000852108002 0.25588446855545044
0.23363107442855835 0.24042794108390808
0.2333160787820816 0.24543221294879913
0.23320744931697845 0.23818150162696838
0.23285551369190216 0.24556709825992584
0.23224502801895142 0.23509475588798523
0.23218761384487152 0.2414339780807495
0.2330102175474167 0.2620857357978821
0.23206180334091187 0.2708800733089447
0.23201262950897217 0.2632659077644348
0.23138155043125153 0.2426343411207199
0.23204709589481354 0.24428492784500122
0.23199865221977234 0.2387041300535202
0.2322114259004593 0.2457079142332077
0.2311961054801941 0.23544113337993622
0.2321963757276535 0.24245847761631012
0.23174984753131866 0.24491332471370697
0.23170499503612518 0.24076898396015167
0.23134951293468475 0.23944880068302155
0.2310464084148407 0.24022646248340607
0.23080921173095703 0.23876389861106873
0.23154932260513306 0.25296151638031006
0.23078124225139618 0.2501077651977539
0.23065145313739777 0.25175535678863525
0.23108136653900146 0.23843340575695038
0.23090222477912903 0.2408822923898697
0.22999709844589233 0.2540346086025238
0.23016314208507538 0.24601325392723083
0.23016873002052307 0.24389658868312836
0.22992731630802155 0.25754407048225403
0.2300836443901062 0.23306682705879211
0.23011209070682526 0.24593760073184967
0.22919480502605438 0.2390202134847641
0.23030154407024384 0.24610911309719086
0.22979433834552765 0.2446921318769455
0.23026712238788605 0.24218028783798218
0.22943958640098572 0.24447913467884064
0.2311226725578308 0.2589259445667267
0.22943031787872314 0.2406851202249527
0.2289828658103943 0.2406698614358902
0.2294229418039322 0.2569267749786377
0.23045684397220612 0.23895908892154694
0.22845052182674408 0.24804992973804474
0.22971953451633453 0.23770025372505188
0.22981394827365875 0.2404969185590744
0.22941471636295319 0.23552276194095612
0.22943200170993805 0.24184496700763702
0.22873999178409576 0.23698462545871735
0.2286902666091919 0.24682490527629852
0.22892318665981293 0.24685411155223846
0.22873805463314056 0.24426589906215668
0.2295059710741043 0.2464430183172226
0.22880195081233978 0.24111512303352356
0.22842438519001007 0.25132879614830017
0.22836831212043762 0.2405296117067337
0.22923001646995544 0.24377350509166718
0.22760289907455444 0.24181443452835083
0.22867096960544586 0.2353985607624054
0.22857944667339325 0.2546856701374054
0.22781430184841156 0.2485867142677307
0.22799384593963623 0.23415333032608032
0.2280203104019165 0.23855464160442352
0.22811134159564972 0.2431519627571106
0.22833740711212158 0.24991828203201294
0.22730427980422974 0.25344887375831604
0.2279406487941742 0.264451801776886
0.2278803288936615 0.24155332148075104
0.22772856056690216 0.25378552079200745
0.2275107353925705 0.23724021017551422
0.22769573330879211 0.25035253167152405
0.2282494604587555 0.25023818016052246
0.22780221700668335 0.23911933600902557
0.22842726111412048 0.2384154200553894
0.22734923660755157 0.24609096348285675
0.22729353606700897 0.24869763851165771
0.22765226662158966 0.23487214744091034
0.22819167375564575 0.2477891594171524
0.2264728993177414 0.2411833107471466
0.2272278368473053 0.2363286018371582
0.22682622075080872 0.23777298629283905
0.22752805054187775 0.23873794078826904
0.2268553227186203 0.23615781962871552
0.22668547928333282 0.24781377613544464
0.22708263993263245 0.23564033210277557
0.226760134100914 0.2360658347606659
0.227125883102417 0.24253791570663452
0.22655439376831055 0.2536109983921051
0.22637075185775757 0.2447824329137802
0.2260207086801529 0.24562034010887146
0.22608119249343872 0.24180302023887634
0.22687596082687378 0.24002720415592194
0.2264203280210495 0.25043898820877075
0.22677209973335266 0.25110435485839844
0.22585594654083252 0.24680078029632568
0.22592855989933014 0.27161186933517456
0.22599966824054718 0.2421189397573471
0.22606919705867767 0.24225887656211853
0.22581517696380615 0.24127565324306488
0.22504562139511108 0.24056878685951233
0.22546043992042542 0.23844915628433228
0.22525446116924286 0.24768203496932983
0.22573132812976837 0.2401156723499298
0.22595031559467316 0.2657518982887268
0.2259787917137146 0.2356763780117035
0.22536371648311615 0.25929757952690125
0.2249092012643814 0.23943813145160675
0.2256155014038086 0.2455153614282608
0.22580191493034363 0.2368248552083969
0.2260734885931015 0.24463798105716705
0.22595392167568207 0.2385370433330536
0.2250744104385376 0.23628981411457062
0.22493591904640198 0.2430933713912964
0.22462549805641174 0.2513536512851715
0.22573769092559814 0.2625183165073395
0.22472532093524933 0.2592430114746094
0.22475725412368774 0.23545517027378082
0.22473269701004028 0.23430882394313812
0.2255374640226364 0.24016743898391724
0.22563067078590393 0.26139217615127563
0.22573812305927277 0.2392493039369583
0.22548958659172058 0.24010778963565826
0.22487924993038177 0.2402796596288681
0.2253250926733017 0.23941421508789062
0.22424378991127014 0.2424418181180954
0.2244476079940796 0.2340117245912552
0.22420455515384674 0.26223132014274597
0.22481463849544525 0.24089805781841278
0.2245541661977768 0.24240441620349884
0.2241927981376648 0.2547818720340729
0.22435113787651062 0.2555869519710541
0.2244083732366562 0.24406734108924866
0.22481893002986908 0.24261872470378876
0.22465328872203827 0.24253994226455688
0.22554992139339447 0.2386738359928131
0.22395198047161102 0.24389512836933136
0.2241915464401245 0.23692457377910614
0.22430093586444855 0.24480155110359192
0.22471660375595093 0.23711813986301422
0.22344382107257843 0.24048788845539093
0.22400344908237457 0.2593753933906555
0.22427766025066376 0.25979673862457275
0.22424784302711487 0.2447689026594162
0.22380246222019196 0.24169504642486572
0.22514614462852478 0.2346891164779663
0.22442327439785004 0.25073742866516113
0.2235415130853653 0.2428508996963501
0.22423525154590607 0.23417796194553375
0.2226790189743042 0.2525084912776947
0.22440622746944427 0.24810194969177246
0.22303125262260437 0.2543599009513855
0.2229560762643814 0.23585712909698486
0.22414840757846832 0.23895752429962158
0.2236260324716568 0.23600783944129944
0.2234838455915451 0.2492658793926239
0.22347597777843475 0.24666523933410645
0.22402429580688477 0.23951396346092224
0.22335541248321533 0.2425612509250641
0.22284896671772003 0.23859649896621704
0.22358711063861847 0.2541705071926117
0.22337476909160614 0.23636755347251892
0.22379890084266663 0.24230964481830597
0.2227712720632553 0.23381845653057098
0.22271683812141418 0.2479245662689209
0.22304502129554749 0.2480558305978775
0.22250895202159882 0.23913885653018951
0.22182036936283112 0.23467446863651276
0.22261148691177368 0.23651082813739777
0.2226085662841797 0.23513400554656982
0.22329874336719513 0.25419265031814575
0.22272591292858124 0.25810930132865906
0.22350279986858368 0.23624062538146973
0.22316989302635193 0.24041670560836792
0.2219780832529068 0.2410922348499298
0.22354096174240112 0.2479984313249588
0.22372348606586456 0.2835235893726349
0.2231723815202713 0.23767460882663727
0.22252918779850006 0.23599480092525482
0.222394198179245 0.2641048729419708
0.22310753166675568 0.24807341396808624
0.2223423272371292 0.2361455112695694
0.22317224740982056 0.23696231842041016
0.2231520116329193 0.24199123680591583
0.22336344420909882 0.25150901079177856
0.22223828732967377 0.23773698508739471
