1.4995590448379517 1.6406773328781128
1.4749419689178467 1.6197357177734375
1.234278917312622 1.1125261783599854
0.9335119724273682 0.9226459860801697
0.8204289078712463 0.8023356795310974
0.7566987872123718 0.7734287977218628
0.7135586738586426 0.758102536201477
0.6807019710540771 0.7234911918640137
0.6513328552246094 0.6653231382369995
0.6282795667648315 0.6652678847312927
0.5974673628807068 0.5903789401054382
0.5696439146995544 0.5992266535758972
0.554057776927948 0.5652599334716797
0.5390154123306274 0.5374329686164856
0.5186052918434143 0.5430477857589722
0.5089967250823975 0.5284917950630188
0.48814746737480164 0.4797061085700989
0.4625109136104584 0.46430906653404236
0.45253604650497437 0.4397389590740204
0.4299940764904022 0.4292176067829132
0.41607174277305603 0.41424423456192017
0.3973265290260315 0.3881514072418213
0.38319075107574463 0.38741594552993774
0.3696275055408478 0.3750494420528412
0.3588537871837616 0.4266493022441864
0.34835025668144226 0.37266963720321655
0.33987247943878174 0.3326197862625122
0.33179330825805664 0.3316093683242798
0.32611164450645447 0.36626535654067993
0.31808680295944214 0.3146093487739563
0.3145371973514557 0.30741292238235474
0.3086930811405182 0.326973021030426
0.3017631471157074 0.3244326114654541
0.29637449979782104 0.37920185923576355
0.2940562069416046 0.2999763786792755
0.29138457775115967 0.3049331605434418
0.2832062244415283 0.30993589758872986
0.2846620976924896 0.31052741408348083
0.2785451114177704 0.32624927163124084
0.27642837166786194 0.2707643508911133
0.27329352498054504 0.27897465229034424
0.2686394155025482 0.2789976894855499
0.2642339766025543 0.2802950143814087
0.2654230296611786 0.28366297483444214
0.26422759890556335 0.33134058117866516
0.2581929862499237 0.27220794558525085
0.2606384754180908 0.2841814458370209
0.2563915252685547 0.2865953743457794
0.2517413794994354 0.26773154735565186
0.25253942608833313 0.27506041526794434
0.24805252254009247 0.3337157368659973
0.2455093264579773 0.2524925768375397
0.24362443387508392 0.24079647660255432
0.2425527721643448 0.3020530641078949
0.2403869479894638 0.2627153992652893
0.2386447787284851 0.2507096827030182
0.2383621335029602 0.25550931692123413
0.23644667863845825 0.25680112838745117
0.23470745980739594 0.26200413703918457
0.2322222739458084 0.2876293361186981
0.23247051239013672 0.24422723054885864
0.22873106598854065 0.23213501274585724
0.22873426973819733 0.2525946795940399
0.22812935709953308 0.2878183126449585
0.22517399489879608 0.23898591101169586
0.22432804107666016 0.23623977601528168
0.22436867654323578 0.23451299965381622
0.2215016484260559 0.23119191825389862
0.22149258852005005 0.27070164680480957
0.2213740348815918 0.2347683608531952
0.21726509928703308 0.2411993443965912
0.21898269653320312 0.23291943967342377
0.21633368730545044 0.23181453347206116
0.21716400980949402 0.23240533471107483
0.22759924829006195 0.21846798062324524
0.211253359913826 0.22542615234851837
0.2116178274154663 0.23858004808425903
0.21195007860660553 0.2199385166168213
0.2097828984260559 0.22143436968326569
0.21009857952594757 0.2080545425415039
0.2075435370206833 0.21397896111011505
0.20872804522514343 0.22628118097782135
0.20616741478443146 0.20940402150154114
0.2060476839542389 0.2114740014076233
0.2044137865304947 0.22012853622436523
0.2057628035545349 0.21975764632225037
0.2011188268661499 0.20598290860652924
0.2012905776500702 0.2129458785057068
0.20421813428401947 0.22238531708717346
0.19992761313915253 0.22515638172626495
0.2003720998764038 0.20580384135246277
0.199713796377182 0.21581991016864777
0.19661547243595123 0.1987595558166504
0.19561168551445007 0.22352786362171173
0.1955125480890274 0.2025633007287979
0.19175612926483154 0.20234084129333496
0.1928391307592392 0.206508070230484
0.19125206768512726 0.1978742480278015
0.1884382963180542 0.19023892283439636
0.1931220293045044 0.21195103228092194
0.18482309579849243 0.19381412863731384
0.185808926820755 0.20811188220977783
0.1866503357887268 0.18265318870544434
0.18133695423603058 0.18826541304588318
0.18096080422401428 0.18616259098052979
0.1813936084508896 0.17941629886627197
0.17914944887161255 0.18421754240989685
0.1785656362771988 0.18898159265518188
0.1781570315361023 0.19022834300994873
0.1762368381023407 0.18002691864967346
0.17426078021526337 0.17379134893417358
0.17466586828231812 0.20526708662509918
0.1743476688861847 0.17619360983371735
0.17194916307926178 0.18322359025478363
0.17221015691757202 0.17232254147529602
0.1719830483198166 0.18022537231445312
0.1713436245918274 0.17116275429725647
0.1706152707338333 0.18271589279174805
0.16926981508731842 0.2011273354291916
0.1690513640642166 0.19450588524341583
0.16794492304325104 0.18056620657444
0.16759172081947327 0.22225986421108246
0.16850577294826508 0.16955123841762543
0.16567878425121307 0.18244057893753052
0.16500027477741241 0.2508542239665985
0.16611067950725555 0.17370328307151794
0.1665383279323578 0.19184993207454681
0.16309469938278198 0.17535220086574554
0.16321952641010284 0.1707001030445099
0.16124702990055084 0.18013881146907806
0.16119737923145294 0.17538343369960785
0.16189345717430115 0.1623813658952713
0.16037239134311676 0.18902887403964996
0.15884023904800415 0.1769932061433792
0.1576458215713501 0.16577251255512238
0.1600462943315506 0.21622280776500702
0.15795791149139404 0.16365408897399902
0.1571599841117859 0.17493140697479248
0.15742574632167816 0.157349094748497
0.1567193865776062 0.16192428767681122
0.15648223459720612 0.17321237921714783
0.15761111676692963 0.1652212291955948
0.15513814985752106 0.1793043166399002
0.15329939126968384 0.16530920565128326
0.15299148857593536 0.16513699293136597
0.15412069857120514 0.15966978669166565
0.15237286686897278 0.1766541451215744
0.15231280028820038 0.20604707300662994
0.1544264256954193 0.15998515486717224
0.14989915490150452 0.17940343916416168
0.149285227060318 0.16634508967399597
0.14941638708114624 0.1839272379875183
0.1489659696817398 0.15198343992233276
0.14948293566703796 0.18382206559181213
0.1472262442111969 0.16076086461544037
0.14933905005455017 0.15075764060020447
0.14687126874923706 0.15794304013252258
0.14708277583122253 0.15486404299736023
0.14587892591953278 0.15004552900791168
0.145407572388649 0.15418551862239838
0.145698681473732 0.15585720539093018
0.14353474974632263 0.14822320640087128
0.14373469352722168 0.15880081057548523
0.14457304775714874 0.15671217441558838
0.14390456676483154 0.16762983798980713
0.14383067190647125 0.1454375982284546
0.1398841291666031 0.15020526945590973
0.14159542322158813 0.15261240303516388
0.14237429201602936 0.15473809838294983
0.13903672993183136 0.138203427195549
0.1398737132549286 0.14453837275505066
0.13903267681598663 0.14742231369018555
0.13924512267112732 0.1525864601135254
0.13932988047599792 0.15827889740467072
0.1409505158662796 0.14038734138011932
0.13672612607479095 0.16143803298473358
0.136392280459404 0.14267760515213013
0.13577431440353394 0.17294995486736298
0.1355634480714798 0.1434209942817688
0.1377212405204773 0.14166857302188873
0.13535861670970917 0.13920016586780548
0.13363011181354523 0.15410690009593964
0.1338983178138733 0.14748312532901764
0.1331273913383484 0.1456577330827713
0.13330797851085663 0.13292106986045837
0.13107359409332275 0.1498780995607376
0.13466179370880127 0.15042699873447418
0.12985572218894958 0.14333686232566833
0.13079605996608734 0.14084675908088684
0.12942193448543549 0.13136917352676392
0.1319473683834076 0.14359551668167114
0.13019278645515442 0.14678806066513062
0.12783418595790863 0.16003963351249695
0.1286294162273407 0.13857735693454742
0.12803931534290314 0.1354934275150299
0.12819327414035797 0.1291976273059845
0.12708203494548798 0.13923746347427368
0.12677624821662903 0.12777067720890045
0.12652984261512756 0.14499416947364807
0.12486132979393005 0.15126162767410278
0.1244894489645958 0.12573547661304474
0.12470032274723053 0.13445024192333221
0.12428448349237442 0.13494396209716797
0.12129782885313034 0.12672045826911926
0.12724712491035461 0.12410257011651993
0.12217795848846436 0.13226182758808136
0.12177064269781113 0.12474007904529572
0.12096891552209854 0.12996238470077515
0.11986716836690903 0.14468491077423096
0.12058993428945541 0.12333618849515915
0.11959117650985718 0.1228431984782219
0.1198473647236824 0.12745915353298187
0.12055644392967224 0.12224333733320236
0.11878878623247147 0.12281927466392517
0.11694731563329697 0.17330694198608398
0.11768734455108643 0.13503140211105347
0.11751877516508102 0.12645119428634644
0.11615027487277985 0.1381830871105194
0.11659824848175049 0.13378192484378815
0.11938565969467163 0.1279931217432022
0.115448497235775 0.13899628818035126
0.11548744887113571 0.1158687099814415
0.11530853062868118 0.11964496970176697
0.1155623123049736 0.11932127177715302
0.11538209766149521 0.12825101613998413
0.11474902927875519 0.12341275811195374
0.11389338970184326 0.11566112190485
0.11410351097583771 0.15136295557022095
0.11381269991397858 0.12576226890087128
0.11262373626232147 0.12624512612819672
0.11376014351844788 0.1204686239361763
0.11153753846883774 0.13844965398311615
0.11327983438968658 0.11225199699401855
0.11211343109607697 0.11718329042196274
0.11240511387586594 0.1583990454673767
0.11202412843704224 0.12981294095516205
0.11128384619951248 0.12111803889274597
0.11092792451381683 0.1389552503824234
0.11097371578216553 0.11466661095619202
0.11134499311447144 0.11268315464258194
0.1098598837852478 0.10817322134971619
0.11029507219791412 0.11030447483062744
0.11067549884319305 0.1296875774860382
0.10908514261245728 0.11086463183164597
0.10972807556390762 0.11735927313566208
0.10966559499502182 0.10856400430202484
0.10846110433340073 0.14687120914459229
0.10928507149219513 0.10994379967451096
0.10745013505220413 0.1128414198756218
0.10816124826669693 0.10539314150810242
0.1077900156378746 0.11858375370502472
0.10754653066396713 0.11906721442937851
0.10693304240703583 0.12518653273582458
0.10730547457933426 0.10753277689218521
0.10796105861663818 0.11254333704710007
0.10604120790958405 0.11570660769939423
0.10691644251346588 0.14467568695545197
0.10618584603071213 0.10779101401567459
0.10594998300075531 0.10759728401899338
0.10726657509803772 0.11341062933206558
0.10560959577560425 0.1100674644112587
0.10553202778100967 0.11578338593244553
0.1073634922504425 0.11928552389144897
0.10623765736818314 0.13071298599243164
0.10574493557214737 0.14198115468025208
0.1040806844830513 0.11124484986066818
0.10459589958190918 0.10826632380485535
0.10562968999147415 0.11406493186950684
0.10567247867584229 0.13096661865711212
0.10346678644418716 0.11434708535671234
0.10490939021110535 0.12201593071222305
0.10465527325868607 0.11599035561084747
0.1054806262254715 0.14362280070781708
0.10456771403551102 0.11319546401500702
0.10351544618606567 0.14438888430595398
0.10272854566574097 0.13328087329864502
0.10448165237903595 0.12752574682235718
0.10369519889354706 0.13069109618663788
0.10328653454780579 0.10303659737110138
0.10385699570178986 0.11993416398763657
0.10376109927892685 0.12724564969539642
0.1028934195637703 0.11180945485830307
0.10305009037256241 0.10459822416305542
0.10218457877635956 0.11714457720518112
0.10203664004802704 0.11424820870161057
0.10418824851512909 0.10809370875358582
0.10163488239049911 0.1154676005244255
0.10329200327396393 0.10355385392904282
0.1012217327952385 0.12031545490026474
0.10207860171794891 0.10546588897705078
0.10267390310764313 0.10476197302341461
0.10255694389343262 0.10782217979431152
0.10204997658729553 0.10410741716623306
0.10093658417463303 0.11271197348833084
0.10188056528568268 0.10237881541252136
0.10193056613206863 0.10976124554872513
0.1016075536608696 0.10923344641923904
0.1008666455745697 0.10796588659286499
0.10114365071058273 0.11263500154018402
0.10098086297512054 0.11809658259153366
0.10102750360965729 0.11134632676839828
0.10080596059560776 0.12870554625988007
0.10044196993112564 0.1033383458852768
0.10093437135219574 0.10472734272480011
0.09992518275976181 0.09837739914655685
0.10045847296714783 0.10580748319625854
0.10005000233650208 0.13446226716041565
0.09953970462083817 0.11895886063575745
0.1012822836637497 0.14764970541000366
0.10059339553117752 0.11132388561964035
0.09898471087217331 0.10297560691833496
0.0997457280755043 0.1089782565832138
0.09975025057792664 0.11144738644361496
0.09951087832450867 0.11214599758386612
0.0999966636300087 0.11191736906766891
0.10042782872915268 0.10866305232048035
0.09879904240369797 0.11298482120037079
0.09859339892864227 0.13436640799045563
0.10021163523197174 0.10964500159025192
0.09866728633642197 0.1036185771226883
0.09987659752368927 0.10936296731233597
0.09875171631574631 0.09947986155748367
0.09943211078643799 0.10559862852096558
0.09968661516904831 0.12053342163562775
0.09940576553344727 0.10599731653928757
0.09962435066699982 0.13738976418972015
0.09917871654033661 0.11334790289402008
0.0980667993426323 0.10782527923583984
0.09786085039377213 0.10667602717876434
0.09853661805391312 0.11068946868181229
0.09837924689054489 0.113360196352005
0.09845046699047089 0.10225339233875275
0.09933342039585114 0.10302593559026718
0.09779705107212067 0.11540592461824417
0.0982622429728508 0.1036195382475853
0.096209816634655 0.1078873723745346
0.09787395596504211 0.10508483648300171
0.09727054834365845 0.09860604256391525
0.0985444113612175 0.09928521513938904
0.09607721865177155 0.10936186462640762
0.09816763550043106 0.11645723879337311
0.09776077419519424 0.24745860695838928
0.09804639965295792 0.10216563940048218
0.09706758707761765 0.11525899171829224
0.09801629185676575 0.1298545002937317
0.09747878462076187 0.10109502822160721
0.09767201542854309 0.10646127909421921
0.0970098152756691 0.09905210882425308
0.09838053584098816 0.10521439462900162
0.09788835048675537 0.11177496612071991
0.0982939675450325 0.10895083844661713
0.09797214716672897 0.10325247794389725
0.09558140486478806 0.14252765476703644
0.09649644792079926 0.10587137192487717
0.098997101187706 0.10796982795000076
0.09665266424417496 0.10219251364469528
0.09676727652549744 0.1111459955573082
0.09581530839204788 0.10515791922807693
0.09727583080530167 0.1346488744020462
0.09676583111286163 0.12426961958408356
0.09761834144592285 0.10873095691204071
0.09563647955656052 0.09887567162513733
0.09710629284381866 0.13426977396011353
0.09704652428627014 0.10791347175836563
0.09701502323150635 0.10257963836193085
0.09651976823806763 0.0981772169470787
0.09558434039354324 0.10760500282049179
0.09655147045850754 0.10359731316566467
0.09571143239736557 0.10572651773691177
0.09677571803331375 0.09794872254133224
0.09620778262615204 0.10374952107667923
0.09586283564567566 0.11147281527519226
0.09589151293039322 0.10186219215393066
0.09537754952907562 0.10115861147642136
0.09635315090417862 0.10909969359636307
0.09504057466983795 0.10328137874603271
0.09502515196800232 0.10317961126565933
0.09661727398633957 0.14052477478981018
0.09643781185150146 0.10168725252151489
0.09519976377487183 0.10980212688446045
0.0955367311835289 0.10098161548376083
0.09644066542387009 0.10144403576850891
0.09523271769285202 0.1188066154718399
0.09522955864667892 0.10279890149831772
0.09438998997211456 0.10744602978229523
0.09474445134401321 0.09858521819114685
0.09563425928354263 0.1839004009962082
0.09584803879261017 0.11300643533468246
0.09506641328334808 0.0964384526014328
0.09532725065946579 0.10718177258968353
0.0948079451918602 0.105307936668396
0.09470304101705551 0.10896739363670349
0.09482227265834808 0.11000143736600876
0.0954289436340332 0.10211207717657089
0.09464806318283081 0.09883847087621689
0.09500773996114731 0.13027946650981903
0.09374421089887619 0.09898845106363297
0.09480543434619904 0.0980147197842598
0.09404944628477097 0.10266285389661789
0.0935501977801323 0.10257041454315186
0.09410824626684189 0.09968951344490051
0.0939655527472496 0.10500116646289825
0.0945027768611908 0.12152539193630219
0.09508741647005081 0.09783317893743515
0.09459789097309113 0.10279751569032669
0.09382541477680206 0.10563617199659348
0.0942428857088089 0.10087018460035324
0.09465577453374863 0.1122351735830307
0.0940835103392601 0.09740103036165237
0.09409193694591522 0.10353291034698486
0.09367939829826355 0.10889025032520294
0.0951012372970581 0.09580875933170319
0.09469924867153168 0.10039267688989639
0.09411612153053284 0.10632098466157913
0.09334727376699448 0.09716633707284927
0.09391868114471436 0.1042536273598671
0.09320521354675293 0.12310965359210968
0.09352993965148926 0.0978272333741188
0.09474672377109528 0.11420147866010666
0.09380652755498886 0.12106163799762726
0.0936906710267067 0.10035315901041031
0.09402604401111603 0.09979201853275299
0.09354564547538757 0.10497687757015228
0.09391940385103226 0.10413628071546555
0.09377916157245636 0.11255066096782684
0.09264211356639862 0.10818642377853394
0.09415780752897263 0.1010306105017662
0.09392423927783966 0.10193761438131332
0.09426864236593246 0.13682933151721954
0.0941377505660057 0.09728693217039108
0.09358067810535431 0.10063299536705017
0.0937872901558876 0.1100669801235199
0.09278430044651031 0.09946213662624359
0.0935329794883728 0.10126873850822449
0.09366912394762039 0.11103864014148712
0.09367111325263977 0.1299218088388443
0.09201659262180328 0.09668245166540146
0.09319966286420822 0.09515411406755447
0.09311340004205704 0.09678161144256592
0.09324359148740768 0.130017951130867
0.09343931823968887 0.10601751506328583
0.09309151023626328 0.11934497207403183
0.09334456920623779 0.09828886389732361
0.09392570704221725 0.09534357488155365
0.09297379851341248 0.10612482577562332
0.09362168610095978 0.11833783239126205
0.0933503732085228 0.10145902633666992
0.09270309656858444 0.11664430052042007
0.09238084405660629 0.1074446365237236
0.0928940623998642 0.09906239807605743
0.09269531816244125 0.10339237004518509
0.09250933676958084 0.13265566527843475
0.09362870454788208 0.09607094526290894
0.09297487884759903 0.10407279431819916
0.09286029636859894 0.10138942301273346
0.09223627299070358 0.09636395424604416
0.09369911998510361 0.11218626797199249
0.0925029069185257 0.09747552126646042
0.09208854287862778 0.14633214473724365
0.09303243458271027 0.10465767234563828
0.09359768778085709 0.1469900757074356
0.09319377690553665 0.09777718037366867
0.09162507951259613 0.15346978604793549
0.09262272715568542 0.11500029265880585
0.0932513028383255 0.10959998518228531
0.09294529259204865 0.09594810009002686
0.09115505963563919 0.09874162077903748
0.09289262443780899 0.10262127965688705
0.09261152893304825 0.10602173209190369
0.09176267683506012 0.09716591984033585
0.09316588193178177 0.10204937309026718
0.09162964671850204 0.10928361862897873
0.0924236997961998 0.10888886451721191
0.09273210912942886 0.10487956553697586
0.09196364879608154 0.10151904821395874
0.09311266243457794 0.10436766594648361
0.09179077297449112 0.14602313935756683
0.0923682376742363 0.11013192683458328
0.09120626002550125 0.09944102168083191
0.09182237088680267 0.10112421959638596
0.09148309379816055 0.0957874208688736
0.0921243280172348 0.09377332776784897
0.09254712611436844 0.09428393840789795
0.09112204611301422 0.10109441727399826
0.09140777587890625 0.10107722133398056
0.09211760759353638 0.11147791892290115
0.0924893394112587 0.12201027572154999
0.09164796769618988 0.09799367934465408
0.09111910313367844 0.10049239546060562
0.09143077582120895 0.0967952162027359
0.09125564992427826 0.10022475570440292
0.09118267893791199 0.09966856241226196
0.09192709624767303 0.10307934135198593
0.09213729202747345 0.1276915967464447
0.0922604650259018 0.11680193245410919
0.09195663779973984 0.10613281279802322
0.09127809852361679 0.0989658534526825
0.09210581332445145 0.10681035369634628
0.09130357950925827 0.13767418265342712
0.09189380705356598 0.11699819564819336
0.09176333993673325 0.10305880755186081
0.0918358713388443 0.10665334016084671
0.0916244387626648 0.10488881170749664
0.0919148176908493 0.10441867262125015
0.09152815490961075 0.11417359113693237
0.09075344353914261 0.09228827059268951
0.09116517752408981 0.10677556693553925
0.09069022536277771 0.1048438772559166
0.09123743325471878 0.10345123708248138
0.09067556262016296 0.12063398212194443
0.09106197953224182 0.09384378790855408
0.09114174544811249 0.09340130537748337
0.09051401168107986 0.1033882200717926
0.09108436852693558 0.09804560244083405
0.09078694880008698 0.1024797260761261
0.09084824472665787 0.10126182436943054
0.09129533916711807 0.09676064550876617
0.09119139611721039 0.1111256554722786
0.09145744889974594 0.10315683484077454
0.09001458436250687 0.09198661893606186
0.09081912785768509 0.10154826939105988
0.09020735323429108 0.1024525985121727
0.09128411114215851 0.11386633664369583
0.09091254323720932 0.09837639331817627
0.09055457264184952 0.14051903784275055
0.09114179760217667 0.09993163496255875
0.09008673578500748 0.10113698244094849
0.09037536382675171 0.1032429039478302
0.09170801937580109 0.10214155167341232
0.09019724279642105 0.1027393490076065
0.09070558100938797 0.1003861203789711
0.09176434576511383 0.10444189608097076
0.09046220034360886 0.11091449856758118
0.08978166431188583 0.1415150910615921
0.09105849266052246 0.09835398197174072
0.09117712080478668 0.10503189265727997
0.09078904241323471 0.09406093508005142
0.08984462171792984 0.09581200033426285
0.09047272056341171 0.13622741401195526
0.0895160660147667 0.09500943869352341
0.09140273928642273 0.1214207261800766
0.0908399149775505 0.09545586258172989
0.09146422892808914 0.09667978435754776
0.09041678160429001 0.09803701192140579
0.0898691788315773 0.09419294446706772
0.08998101204633713 0.10069302469491959
0.08986465632915497 0.09830739349126816
0.09002970904111862 0.09949376434087753
0.09004896134138107 0.10035388916730881
0.09078263491392136 0.10511621087789536
0.09117979556322098 0.10062957555055618
0.09129086881875992 0.10550235211849213
0.09007199853658676 0.10227478295564651
0.09157879650592804 0.11596021801233292
0.09098625928163528 0.10046005249023438
0.0908297672867775 0.0953029915690422
0.09092667698860168 0.09967005252838135
0.08995117247104645 0.09473201632499695
0.08961135149002075 0.09518462419509888
0.09104635566473007 0.09663579612970352
0.08946283906698227 0.12112319469451904
0.09071827679872513 0.0998096615076065
0.08973193168640137 0.10387243330478668
0.08989890664815903 0.09813248366117477
0.09008432179689407 0.1354251503944397
0.09021922945976257 0.11342545598745346
0.08981350809335709 0.10396924614906311
0.09041701257228851 0.10725706070661545
0.08974107354879379 0.11318764835596085
0.09017476439476013 0.09208951890468597
0.08955661952495575 0.10124532878398895
0.08979551494121552 0.11081753671169281
0.09005416184663773 0.09539977461099625
0.08929692953824997 0.10061312466859818
0.08994751423597336 0.10702980309724808
0.08974046260118484 0.0937550887465477
0.0906895324587822 0.09709561616182327
0.08913008868694305 0.09790994226932526
0.08959659188985825 0.099932461977005
0.09033047407865524 0.09894142299890518
0.08933985233306885 0.11270507425069809
0.08938126266002655 0.10126755386590958
0.08973253518342972 0.1159849762916565
0.08903716504573822 0.09927883744239807
0.08932428807020187 0.099403016269207
0.08849814534187317 0.1064295843243599
0.08994749188423157 0.10148374736309052
0.08986574411392212 0.09435318410396576
0.09046103060245514 0.13588857650756836
0.08992763608694077 0.09797482192516327
0.08948817104101181 0.10679271072149277
0.0898623839020729 0.09483138471841812
0.08987683057785034 0.10078328102827072
0.08908732980489731 0.10181078314781189
0.09093694388866425 0.11118252575397491
0.08935058116912842 0.10237538069486618
0.09040410816669464 0.11416062712669373
0.0893542617559433 0.09677841514348984
0.08895225077867508 0.0935266762971878
0.0900569036602974 0.10010591894388199
0.08965949714183807 0.12444011121988297
0.09020759165287018 0.10674865543842316
0.08964230865240097 0.10177719593048096
0.08997226506471634 0.11020520329475403
0.0894976407289505 0.09972270578145981
0.08904146403074265 0.09760374575853348
0.09050861746072769 0.10167571902275085
0.08927958458662033 0.09759959578514099
0.09082947671413422 0.11943347007036209
0.08913426846265793 0.11085329204797745
0.08965384215116501 0.10834839195013046
0.08972492069005966 0.0980529859662056
0.08991467952728271 0.09511306136846542
0.08973944932222366 0.12016122788190842
0.08887334913015366 0.09564311802387238
0.08956050872802734 0.10650008171796799
0.0890820249915123 0.10159491002559662
0.08942901343107224 0.11620590835809708
0.08905402570962906 0.10441665351390839
0.08918049931526184 0.09282291680574417
0.08933968096971512 0.10968833416700363
0.08885475248098373 0.12686243653297424
0.08929496258497238 0.09660337120294571
0.08972392976284027 0.11207355558872223
0.08903316408395767 0.11526462435722351
0.09022901952266693 0.11352068930864334
0.08932846039533615 0.09162726253271103
0.08892995864152908 0.09684234857559204
0.08931948989629745 0.10287387669086456
0.08897000551223755 0.11059652268886566
0.08851399272680283 0.10382763296365738
0.08899123966693878 0.09355945140123367
0.08899415284395218 0.09824731200933456
0.08809719234704971 0.0950985848903656
0.08960868418216705 0.09794110804796219
0.08820284903049469 0.10699013620615005
0.08910742402076721 0.09457072615623474
0.08875898271799088 0.09564382582902908
0.08864114433526993 0.09485920518636703
0.08854847401380539 0.09725603461265564
0.08977854251861572 0.09938187152147293
0.08832105994224548 0.09573129564523697
0.0890757367014885 0.09311792254447937
0.0887807309627533 0.1046517863869667
0.08847717195749283 0.10136167705059052
0.08959751576185226 0.09581976383924484
0.08882652968168259 0.10148175060749054
0.08856675773859024 0.09425585716962814
0.08866123110055923 0.09648102521896362
0.08863116800785065 0.11411343514919281
0.08929986506700516 0.09455467760562897
0.08865698426961899 0.09533939510583878
0.08908621221780777 0.11341661214828491
0.0893537774682045 0.11584467440843582
0.08818866312503815 0.10009291023015976
0.08856282383203506 0.09666402637958527
0.08879631012678146 0.09258896857500076
0.08825420588254929 0.105708546936512
0.08875180780887604 0.11458678543567657
0.08905340731143951 0.09278429299592972
0.08939054608345032 0.11072969436645508
0.08878377825021744 0.10150036960840225
0.08822001516819 0.10779765248298645
0.08889105170965195 0.09405753016471863
0.08832908421754837 0.10150384157896042
0.0894898921251297 0.10225674510002136
0.08833088725805283 0.09713608771562576
0.08845748007297516 0.10142315924167633
0.08822125941514969 0.112117700278759
0.08846168220043182 0.10216677188873291
0.08832748234272003 0.09991598129272461
0.08814319968223572 0.09379108995199203
0.08898035436868668 0.09487894177436829
0.08811714500188828 0.10135331004858017
0.0886683389544487 0.110447958111763
0.08747057616710663 0.10004651546478271
0.08885248005390167 0.09725118428468704
0.088260218501091 0.12341234087944031
0.0882461741566658 0.09956667572259903
0.08851075917482376 0.09376689046621323
0.08815643191337585 0.10264752805233002
0.0878952294588089 0.10540281236171722
0.08807433396577835 0.09430193156003952
0.08887821435928345 0.1029190644621849
0.08803261071443558 0.1048244759440422
0.0883195772767067 0.09320523589849472
0.08855528384447098 0.0990917980670929
0.08882954716682434 0.09932177513837814
0.08926714211702347 0.10325059294700623
0.08838944137096405 0.11613360792398453
0.08824504911899567 0.09901247918605804
0.08771958947181702 0.10033278167247772
0.08915376663208008 0.0994030088186264
0.0880267471075058 0.1401507407426834
0.08816519379615784 0.09512200951576233
0.08848810940980911 0.100455142557621
0.08808770030736923 0.09385734051465988
0.08723927289247513 0.0958951786160469
0.08866491913795471 0.1056475043296814
0.0880228579044342 0.09521113336086273
0.0880541056394577 0.0970994159579277
0.08819065243005753 0.09043650329113007
0.08906759321689606 0.10320915281772614
0.08820036798715591 0.09634874016046524
0.08792120963335037 0.10456879436969757
0.08778645843267441 0.10022412985563278
0.08856332302093506 0.09569372236728668
0.08794670552015305 0.0976349338889122
0.08838262408971786 0.10317227989435196
0.08726829290390015 0.10398989915847778
0.08856914192438126 0.10605908930301666
0.08716081827878952 0.09918642044067383
0.08744252473115921 0.09821512550115585
0.08877807855606079 0.09872026741504669
0.08693692833185196 0.10006962716579437
0.08739316463470459 0.10590830445289612
0.08729326725006104 0.09192434698343277
0.08870215713977814 0.09875774383544922
0.08733507990837097 0.10924649983644485
0.08742920309305191 0.13207735121250153
0.087918721139431 0.11928312480449677
0.08749475330114365 0.1028313934803009
0.08894553780555725 0.12754957377910614
0.08796487748622894 0.09911898523569107
0.08872635662555695 0.09830962866544724
0.08763130754232407 0.1253233402967453
0.08799456059932709 0.09489527344703674
0.08740399032831192 0.09460293501615524
0.0881064236164093 0.10519872605800629
0.0882001668214798 0.09827397018671036
0.08715172111988068 0.09676633030176163
0.08803112804889679 0.09693677723407745
0.08821228891611099 0.0978790745139122
0.0877266675233841 0.09479723125696182
0.08740714192390442 0.09877181798219681
0.0879589393734932 0.09744653850793839
0.08739424496889114 0.09643889218568802
0.0875549465417862 0.09573697298765182
0.08762877434492111 0.16876527667045593
0.0876331478357315 0.09350084513425827
0.08801481872797012 0.0987434834241867
0.08795265108346939 0.09368015825748444
0.0875597819685936 0.10165274143218994
0.08780605345964432 0.0921526849269867
0.08766383677721024 0.09596741944551468
0.08721847832202911 0.0987687036395073
0.08792970329523087 0.09405126422643661
0.08761245012283325 0.1203012466430664
0.08792101591825485 0.09996993094682693
0.08682163804769516 0.13226203620433807
0.08731120824813843 0.09859726577997208
0.08773646503686905 0.10475152730941772
0.08727468550205231 0.09376844018697739
0.0873643308877945 0.10121789574623108
0.08732059597969055 0.0976700708270073
0.0871063843369484 0.0947711318731308
0.08658213168382645 0.09398738294839859
0.0876033753156662 0.10778558254241943
0.08730629086494446 0.09193627536296844
0.08748539537191391 0.13133946061134338
0.08711672574281693 0.10569906234741211
0.08679301291704178 0.0956801101565361
0.08686188608407974 0.12099631130695343
0.08639255911111832 0.10478491336107254
0.0867895781993866 0.0943344309926033
0.08815955370664597 0.11920464038848877
0.08785430341959 0.09457340836524963
0.08769842237234116 0.11923231184482574
0.08705154061317444 0.10270048677921295
0.0871737152338028 0.09498941153287888
0.08654933422803879 0.10763386636972427
0.0869695320725441 0.10126033425331116
0.08756743371486664 0.10376488417387009
0.08681938797235489 0.10566473007202148
0.0873146653175354 0.10677265375852585
0.08727159351110458 0.09994527697563171
0.08679798990488052 0.09360428154468536
0.08745647221803665 0.09830823540687561
0.08725505322217941 0.09581275284290314
0.08578081429004669 0.09393470734357834
0.08779529482126236 0.09240763634443283
0.08752544224262238 0.09712515026330948
0.08720395714044571 0.0936034694314003
0.08763599395751953 0.09948060661554337
0.08682103455066681 0.09510684758424759
0.08648768812417984 0.09344479441642761
0.08729731291532516 0.09756982326507568
0.08692503720521927 0.10602299124002457
0.08762899786233902 0.0956932008266449
0.0874553918838501 0.09469546377658844
0.08587764948606491 0.10640757530927658
0.08700709044933319 0.09211577475070953
0.08718176186084747 0.10151878744363785
0.0867135152220726 0.10351703315973282
0.0871264636516571 0.10194875299930573
0.08697505295276642 0.10096383094787598
0.0858103334903717 0.1088281124830246
0.08712632209062576 0.10521893203258514
0.08755891025066376 0.14205273985862732
0.08734166622161865 0.11564603447914124
0.08555097877979279 0.09833479672670364
0.08750590682029724 0.09188803285360336
0.08678562194108963 0.09561549127101898
0.08654425293207169 0.10249929130077362
0.08741267770528793 0.11029030382633209
0.08653124421834946 0.09446731954813004
0.08679468929767609 0.10842971503734589
0.08661667257547379 0.09877048432826996
0.0866621881723404 0.1143326535820961
0.08855073153972626 0.099919892847538
0.08667208254337311 0.09169618785381317
0.08671879768371582 0.09955824911594391
0.0865311399102211 0.10709473490715027
0.08620969951152802 0.11750218272209167
0.08609416335821152 0.10394369065761566
0.08652499318122864 0.09387467056512833
0.08703932166099548 0.09213975816965103
0.08671605587005615 0.09223989397287369
0.08692488819360733 0.09800948947668076
0.08868551254272461 0.09678704291582108
0.08672298491001129 0.09331745654344559
0.08615820854902267 0.09170183539390564
0.08654909580945969 0.11063423752784729
0.08691457659006119 0.09785140305757523
0.08717874437570572 0.09346449375152588
0.08579777181148529 0.1025979295372963
0.08769699931144714 0.0968141183257103
0.08763998001813889 0.09599032253026962
0.08714964240789413 0.09736371785402298
0.08612120151519775 0.09234631806612015
0.08586737513542175 0.09605317562818527
0.08794841915369034 0.09514612704515457
0.08651182055473328 0.10066575556993484
0.0872287005186081 0.09870541840791702
0.08662434667348862 0.09766194224357605
0.08747516572475433 0.10588984191417694
0.08660591393709183 0.09124628454446793
0.0861370787024498 0.09422579407691956
0.0869140475988388 0.09407385438680649
0.08632595092058182 0.1633588969707489
0.08616647869348526 0.09412284195423126
0.0874297246336937 0.10447442531585693
0.0862768143415451 0.0919167697429657
0.08641406893730164 0.0956876203417778
0.08734005689620972 0.11223180592060089
0.08631102740764618 0.10247253626585007
0.08591752499341965 0.09968363493680954
0.08661305904388428 0.10010509938001633
0.08640559762716293 0.10397970676422119
0.08633095026016235 0.09757354110479355
0.08710792660713196 0.0988372340798378
0.08762746304273605 0.12272252142429352
0.08646959066390991 0.1022081971168518
0.08606959134340286 0.09529045224189758
0.08621048182249069 0.09997555613517761
0.08688956499099731 0.09654781967401505
0.08656512945890427 0.12631382048130035
0.08624730259180069 0.10178304463624954
0.08622995018959045 0.0983101949095726
0.087592713534832 0.11522316932678223
0.08661344647407532 0.09315834194421768
0.08688098192214966 0.09672114998102188
0.0867612212896347 0.09569022059440613
0.0862698182463646 0.10142818093299866
0.08575967699289322 0.09326290339231491
0.08774029463529587 0.09134788066148758
0.08620334416627884 0.12104908376932144
0.08644488453865051 0.12760880589485168
0.08689820766448975 0.09548743069171906
0.08596968650817871 0.09640660136938095
0.08545053005218506 0.09614866971969604
0.08609364181756973 0.0934758186340332
0.08563050627708435 0.09669430553913116
0.0860786885023117 0.11655044555664062
0.08584772050380707 0.11547904461622238
0.08696415275335312 0.10284215211868286
0.08648423105478287 0.1051422730088234
0.08617104589939117 0.09431546181440353
0.08586438745260239 0.09620240330696106
0.08715120702981949 0.09426090121269226
0.0863795354962349 0.09589534252882004
0.08551006764173508 0.09698842465877533
0.08716826885938644 0.0962027981877327
0.08620487153530121 0.10925176739692688
0.08612363785505295 0.09453821182250977
0.08596266061067581 0.09177035838365555
0.08654509484767914 0.09639772772789001
0.08548716455698013 0.09702164679765701
0.08564802259206772 0.09342330694198608
0.08534856885671616 0.09498275071382523
0.08591704815626144 0.090855173766613
0.08676885813474655 0.09641924500465393
0.08646462112665176 0.09200321137905121
0.08546331524848938 0.09925486147403717
0.08682917803525925 0.09675845503807068
0.08553440868854523 0.10156000405550003
0.08666149526834488 0.0938902348279953
0.08605373650789261 0.09420353174209595
0.08603580296039581 0.10904344171285629
0.08652576059103012 0.09131910651922226
0.08519309014081955 0.1013064980506897
0.0859646126627922 0.09428078681230545
0.08652781695127487 0.09333997219800949
0.08651647716760635 0.1110934391617775
0.08731752634048462 0.09722712635993958
0.0853934958577156 0.09625319391489029
0.08519089221954346 0.10474264621734619
0.08641780912876129 0.0936269611120224
0.08594807237386703 0.10545343160629272
0.0862162709236145 0.09360967576503754
0.08521556854248047 0.09552261978387833
0.08699128776788712 0.09732630103826523
0.08653563261032104 0.08966844528913498
0.08528806269168854 0.09401722252368927
0.08643114566802979 0.10765732079744339
0.08609557896852493 0.09450248628854752
0.08604958653450012 0.09481985867023468
0.08598648756742477 0.10568290203809738
0.08652951568365097 0.09628213942050934
0.08593905717134476 0.11970113217830658
0.08505026996135712 0.10132888704538345
0.08603546023368835 0.09676539152860641
0.0860198512673378 0.10024552047252655
0.08510064333677292 0.09304194897413254
0.08601740747690201 0.09817717969417572
0.08526871353387833 0.09823054075241089
0.08567801117897034 0.09355349838733673
0.08519188314676285 0.09344755113124847
0.08668063580989838 0.09570469707250595
0.08626612275838852 0.0967114046216011
0.08555291593074799 0.09351874887943268
0.08521004766225815 0.09504030644893646
0.08631425350904465 0.09912896901369095
0.08549980074167252 0.09128750115633011
0.08608453720808029 0.10362691432237625
0.08591945469379425 0.10035701096057892
0.08631429821252823 0.09736019372940063
0.08545524626970291 0.0914832130074501
0.08589669317007065 0.09906947612762451
0.08519038558006287 0.09731719642877579
0.08632124215364456 0.09393253177404404
0.08550956845283508 0.09656918048858643
0.08521676808595657 0.09387501329183578
0.08579704165458679 0.09524156898260117
0.08517098426818848 0.10092093795537949
0.08618350327014923 0.09505000710487366
0.08531858026981354 0.09335219115018845
0.08506740629673004 0.09337916970252991
0.08602949231863022 0.09815193712711334
0.0857296884059906 0.20509478449821472
0.08627180755138397 0.09964287281036377
0.08503945171833038 0.09530560672283173
0.08514424413442612 0.11910025775432587
0.08557099103927612 0.10415440797805786
0.08487602323293686 0.09367157518863678
0.08680471777915955 0.10307133942842484
0.08581707626581192 0.09862635284662247
0.0851982831954956 0.11875104159116745
0.08573086559772491 0.10193970054388046
0.08612091094255447 0.0937441736459732
0.08563875406980515 0.09532258659601212
0.08571101725101471 0.09469981491565704
0.08524692803621292 0.09211868047714233
0.08598276972770691 0.09809697419404984
0.08589053899049759 0.09480997920036316
0.08531662076711655 0.09231773018836975
0.0853528156876564 0.09408416599035263
0.0852232426404953 0.09694410860538483
0.0855339765548706 0.103115513920784
0.08589893579483032 0.10335248708724976
0.08578824251890182 0.09666900336742401
0.08504916727542877 0.11307941377162933
0.08579074591398239 0.1020636186003685
0.08546171337366104 0.11178313940763474
0.08561472594738007 0.09749477356672287
0.08603689819574356 0.12119293212890625
0.08670572936534882 0.09724278002977371
0.0848199650645256 0.09697196632623672
0.08541496098041534 0.09525944292545319
0.08536204695701599 0.09860562533140182
0.08516012132167816 0.09484837204217911
0.08518081158399582 0.0931810736656189
0.08550078421831131 0.09491339325904846
0.08602090924978256 0.09892839193344116
0.08600146323442459 0.09708408266305923
0.08579395711421967 0.10657241940498352
0.0853881910443306 0.09746885299682617
0.08548366278409958 0.1088220402598381
0.08520113676786423 0.09392115473747253
0.08462312817573547 0.09736692905426025
0.08505887538194656 0.10291129350662231
0.08544005453586578 0.09815528243780136
0.08536931872367859 0.09069491177797318
0.08525402843952179 0.09869932383298874
0.08588239550590515 0.09130252152681351
0.08460631221532822 0.09120061993598938
0.08630088716745377 0.09356807172298431
0.08501997590065002 0.09308192878961563
0.085142582654953 0.0927274227142334
0.08598855882883072 0.09443522244691849
