1.515755295753479 1.5084624290466309
1.4794496297836304 1.5120879411697388
1.4771486520767212 1.496517300605774
1.475713849067688 1.515072226524353
1.4716131687164307 1.5087674856185913
1.4634772539138794 1.4858732223510742
1.4591355323791504 1.5000287294387817
1.4549059867858887 1.4836260080337524
1.4510942697525024 1.50980544090271
1.4482265710830688 1.4801136255264282
1.4480202198028564 1.4728906154632568
1.4452452659606934 1.4721317291259766
1.4445267915725708 1.4674357175827026
1.4423844814300537 1.466192364692688
1.4398632049560547 1.4809999465942383
1.4380841255187988 1.475153923034668
1.4378159046173096 1.4652643203735352
1.4374163150787354 1.4609088897705078
1.4368181228637695 1.461262822151184
1.4366381168365479 1.4827412366867065
1.4360955953598022 1.4737313985824585
1.4353591203689575 1.475344181060791
1.4342176914215088 1.4583553075790405
1.4321285486221313 1.4521534442901611
1.425329327583313 1.4470256567001343
1.0836654901504517 0.7201864123344421
0.6236690878868103 0.5769513845443726
0.5221317410469055 0.4964617192745209
0.4738422632217407 0.47654664516448975
0.4384225606918335 0.42259320616722107
0.40726858377456665 0.3928319811820984
0.38738635182380676 0.40783336758613586
0.37241294980049133 0.3786374032497406
0.3637802302837372 0.367808997631073
0.35639140009880066 0.3498418927192688
0.35113316774368286 0.3474980294704437
0.3460981845855713 0.3379024565219879
0.34193655848503113 0.37785443663597107
0.33658653497695923 0.38392719626426697
0.3320005536079407 0.32831090688705444
0.328807532787323 0.32384902238845825
0.32370713353157043 0.3539423644542694
0.3207753896713257 0.3266831338405609
0.3161839246749878 0.3125157058238983
0.3143567740917206 0.33232009410858154
0.31177589297294617 0.3300395607948303
0.30879995226860046 0.3109811544418335
0.30587446689605713 0.306012898683548
0.30305227637290955 0.2915109694004059
0.301776260137558 0.3071383535861969
0.2989363968372345 0.31112268567085266
0.2979935109615326 0.3062913715839386
0.2967351973056793 0.3282924294471741
0.2952786982059479 0.30335667729377747
0.2917981445789337 0.3134574294090271
0.2912571132183075 0.3246978521347046
0.29065439105033875 0.284766286611557
0.2888062298297882 0.2803022861480713
0.28786805272102356 0.2927440106868744
0.28788211941719055 0.2823699116706848
0.286749005317688 0.32466015219688416
0.2851460874080658 0.2912471890449524
0.2831638753414154 0.29301953315734863
0.28320011496543884 0.2771455943584442
0.2816455662250519 0.3240914046764374
0.2802169919013977 0.31226661801338196
0.2814319133758545 0.2754218876361847
0.2778058648109436 0.2779804468154907
0.27675554156303406 0.3051476776599884
0.2769201099872589 0.2717576026916504
0.2763696610927582 0.3144116997718811
0.2743193805217743 0.2689855992794037
0.27617377042770386 0.28331321477890015
0.2737354636192322 0.2701890766620636
0.27302446961402893 0.26810789108276367
0.27374592423439026 0.32411834597587585
0.27119365334510803 0.2651332914829254
0.2714807391166687 0.27720171213150024
0.2711227238178253 0.30181431770324707
0.269124835729599 0.277540385723114
0.26897671818733215 0.27874556183815
0.2695102095603943 0.26588958501815796
0.26748132705688477 0.26566824316978455
0.26677706837654114 0.2625296115875244
0.26802700757980347 0.29092395305633545
0.2668951749801636 0.260966956615448
0.2655361294746399 0.2780700623989105
0.2653680741786957 0.26570460200309753
0.2661113739013672 0.274710088968277
0.26474374532699585 0.2693627178668976
0.26513034105300903 0.2768928110599518
0.26361972093582153 0.27357667684555054
0.2631113529205322 0.26314878463745117
0.26303616166114807 0.2560086250305176
0.26392999291419983 0.2785360813140869
0.2628377377986908 0.2911909520626068
0.26282915472984314 0.2565898597240448
0.26256558299064636 0.26561567187309265
0.26180487871170044 0.2665541172027588
0.26094159483909607 0.30215466022491455
0.26049572229385376 0.26232847571372986
0.26029279828071594 0.27962014079093933
0.25975099205970764 0.250505268573761
0.2591809034347534 0.2508780360221863
0.2586171627044678 0.27052903175354004
0.25791725516319275 0.25771740078926086
0.2597053647041321 0.2696684002876282
0.2572428584098816 0.3231699466705322
0.25704896450042725 0.2638532221317291
0.2577679455280304 0.29276397824287415
0.25710999965667725 0.286504864692688
0.25719380378723145 0.2552664875984192
0.25640323758125305 0.25547125935554504
0.255941778421402 0.2933717370033264
0.2559460997581482 0.2788408100605011
0.25510114431381226 0.25129207968711853
0.25469163060188293 0.28277587890625
0.2565588355064392 0.2501722276210785
0.2561485767364502 0.26374542713165283
0.254825621843338 0.26513513922691345
0.25459638237953186 0.2610774040222168
0.2552761733531952 0.35631847381591797
0.25440794229507446 0.26374727487564087
0.25516369938850403 0.29474741220474243
0.25450971722602844 0.25263819098472595
0.2539067566394806 0.25720447301864624
0.2534353733062744 0.2751621901988983
0.25328484177589417 0.2559451758861542
0.2531939744949341 0.2536828815937042
0.25331902503967285 0.24961930513381958
0.2521044909954071 0.26181644201278687
0.2525342106819153 0.2606416940689087
0.25260111689567566 0.26003021001815796
0.2521305978298187 0.2697775959968567
0.2521866261959076 0.25182226300239563
0.2513943910598755 0.25712957978248596
0.25135648250579834 0.26155537366867065
0.25069567561149597 0.26962485909461975
0.25175753235816956 0.29905208945274353
0.2497607171535492 0.2575235962867737
0.25034287571907043 0.2635940909385681
0.249236062169075 0.25963887572288513
0.25050580501556396 0.2671085298061371
0.24989314377307892 0.25526198744773865
0.25016316771507263 0.27247902750968933
0.24975161254405975 0.2515360116958618
0.24938172101974487 0.2685254216194153
0.24836041033267975 0.2559698522090912
0.24836844205856323 0.259967565536499
0.24894355237483978 0.2458171546459198
0.24892103672027588 0.2621411085128784
0.24777254462242126 0.25955885648727417
0.24826781451702118 0.2463448941707611
0.24828404188156128 0.25171518325805664
0.24723057448863983 0.250198096036911
0.24659308791160583 0.2885238826274872
0.247751384973526 0.2527714967727661
0.24833033978939056 0.25729048252105713
0.2480480670928955 0.25681477785110474
0.24827848374843597 0.25317564606666565
0.2472219318151474 0.26350048184394836
0.24654173851013184 0.25496211647987366
0.24665629863739014 0.2589559555053711
0.24661868810653687 0.2525354027748108
0.24726919829845428 0.25985050201416016
0.24604938924312592 0.24778127670288086
0.24687935411930084 0.24437646567821503
0.24513976275920868 0.2518244981765747
0.24509075284004211 0.2504599988460541
0.2461709827184677 0.25966086983680725
0.2448282092809677 0.25709113478660583
0.244944229722023 0.24674972891807556
0.24542860686779022 0.24204300343990326
0.24479995667934418 0.2508458197116852
0.24497534334659576 0.24302080273628235
0.2445043921470642 0.2490057796239853
0.24522282183170319 0.25865980982780457
0.24431295692920685 0.3137176036834717
0.24452979862689972 0.27366289496421814
0.24428805708885193 0.2692869007587433
0.24427197873592377 0.24830828607082367
0.24345169961452484 0.24529622495174408
0.24377530813217163 0.24253545701503754
0.2435140460729599 0.24387876689434052
0.24284540116786957 0.24800026416778564
0.2438129037618637 0.25377705693244934
0.24303175508975983 0.253309965133667
0.24351736903190613 0.24531497061252594
0.2433459311723709 0.2667897641658783
0.2427874505519867 0.25874415040016174
0.2425396889448166 0.2544788718223572
0.242531880736351 0.26143860816955566
0.24205602705478668 0.25038182735443115
0.24318340420722961 0.24985100328922272
0.24194762110710144 0.24401581287384033
0.24244564771652222 0.2674191892147064
0.24376465380191803 0.2782115936279297
0.24204647541046143 0.24396595358848572
0.24156364798545837 0.25261446833610535
0.24265210330486298 0.2652958929538727
0.24244758486747742 0.24055196344852448
0.24179872870445251 0.278622567653656
0.24123692512512207 0.24551160633563995
0.24134014546871185 0.254076212644577
0.2412416934967041 0.2660806179046631
0.24093684554100037 0.2542150616645813
0.24077272415161133 0.24377167224884033
0.2402779757976532 0.2448771595954895
0.24110285937786102 0.24902768433094025
0.24015818536281586 0.25245749950408936
0.24084746837615967 0.2627400755882263
0.23986871540546417 0.2456221729516983
0.2400037795305252 0.25281813740730286
0.24037334322929382 0.25908249616622925
0.24055790901184082 0.24098552763462067
0.23975685238838196 0.25050315260887146
0.24026863276958466 0.25083091855049133
0.2403617650270462 0.24154774844646454
0.2393190860748291 0.25397416949272156
0.23985955119132996 0.23884500563144684
0.24042518436908722 0.2533097565174103
0.24007675051689148 0.2558424770832062
0.23929628729820251 0.25142702460289
0.2397260069847107 0.25716307759284973
0.23904521763324738 0.24923375248908997
0.23956771194934845 0.24273312091827393
0.2398499697446823 0.24892522394657135
0.2392318695783615 0.24623075127601624
0.23858770728111267 0.2466711699962616
0.2395145744085312 0.25036871433258057
0.23960912227630615 0.24397224187850952
0.23875285685062408 0.2527870535850525
0.23952315747737885 0.2632671892642975
0.23997455835342407 0.2580605447292328
0.2395949363708496 0.24758993089199066
0.23873475193977356 0.25716131925582886
0.23797449469566345 0.24186310172080994
0.23831062018871307 0.24167084693908691
0.23907658457756042 0.24466131627559662
0.23884813487529755 0.25054770708084106
0.23791837692260742 0.23981676995754242
0.23876087367534637 0.2705710232257843
0.23740626871585846 0.23914648592472076
0.23740249872207642 0.26394200325012207
0.23759059607982635 0.24693147838115692
0.2372342348098755 0.24399834871292114
0.23836638033390045 0.2517015337944031
0.2371150553226471 0.25243741273880005
0.23766732215881348 0.2570079267024994
0.23794107139110565 0.2492709457874298
0.23810064792633057 0.2429596334695816
0.23765870928764343 0.23931951820850372
0.23703822493553162 0.24483421444892883
0.23757344484329224 0.2574833631515503
0.23721885681152344 0.2409743219614029
0.23713229596614838 0.24920769035816193
0.23658321797847748 0.2422141134738922
0.23671072721481323 0.25118863582611084
0.23703043162822723 0.23835057020187378
0.23700156807899475 0.24509373307228088
0.23723244667053223 0.24937808513641357
0.23804840445518494 0.24395114183425903
0.23764961957931519 0.2477981299161911
0.23711813986301422 0.2454807460308075
0.23677724599838257 0.26352542638778687
0.237216055393219 0.2495035082101822
0.23746609687805176 0.25290346145629883
0.2371240109205246 0.24443860352039337
0.23762135207653046 0.24540646374225616
0.23617343604564667 0.24550582468509674
0.23698554933071136 0.2518525719642639
0.23599986732006073 0.25865036249160767
0.23514285683631897 0.24893996119499207
0.2354978770017624 0.2405218780040741
0.23559045791625977 0.2411212921142578
0.2354908287525177 0.2606547474861145
0.23516002297401428 0.25968000292778015
0.23502860963344574 0.2754478454589844
0.23528404533863068 0.2765166461467743
0.23501847684383392 0.24113409221172333
0.23437803983688354 0.24534207582473755
0.23606988787651062 0.2516449987888336
0.23476478457450867 0.25040584802627563
0.23486833274364471 0.2523907721042633
0.23529784381389618 0.2842581272125244
0.23500527441501617 0.2594672441482544
0.23513293266296387 0.242782324552536
0.23529398441314697 0.2392212301492691
0.23427638411521912 0.25487425923347473
0.23560510575771332 0.2487223744392395
0.23450501263141632 0.2395554929971695
0.2353588193655014 0.2790650427341461
0.2344839721918106 0.24263741075992584
0.23473502695560455 0.25893107056617737
0.2351343184709549 0.2385673075914383
0.23517094552516937 0.241733118891716
0.23501606285572052 0.2445480227470398
0.23471379280090332 0.2562868595123291
0.23471976816654205 0.2516205310821533
0.23466669023036957 0.2460629940032959
0.23421260714530945 0.23985491693019867
0.23418588936328888 0.2517158091068268
0.23399695754051208 0.2496221661567688
0.2334655076265335 0.25750279426574707
0.23412950336933136 0.2654637396335602
0.23354926705360413 0.24163727462291718
0.23340095579624176 0.24571314454078674
0.23299896717071533 0.24149399995803833
0.23304617404937744 0.24158875644207
0.23258347809314728 0.24063211679458618
0.23402339220046997 0.26295414566993713
0.2334854006767273 0.24923579394817352
0.23286671936511993 0.23864927887916565
0.2329694926738739 0.24490773677825928
0.2343156933784485 0.23919278383255005
0.23315787315368652 0.24802380800247192
0.23347340524196625 0.25195011496543884
0.23270347714424133 0.2463596612215042
0.23346781730651855 0.24869878590106964
0.23250646889209747 0.24505187571048737
0.23365221917629242 0.24643012881278992
0.23234893381595612 0.25681066513061523
0.2325315624475479 0.2546672224998474
0.23346643149852753 0.2385682612657547
0.23228992521762848 0.23997390270233154
0.23219364881515503 0.24844272434711456
0.23250728845596313 0.24956810474395752
0.23282891511917114 0.2377871572971344
0.2332388162612915 0.24421705305576324
0.23322626948356628 0.24157452583312988
0.23239418864250183 0.27915775775909424
0.233473002910614 0.24163201451301575
0.2323734313249588 0.2474982887506485
0.23272262513637543 0.24887235462665558
0.23305153846740723 0.2453950047492981
0.23259341716766357 0.24060450494289398
0.23287354409694672 0.24796421825885773
0.23123399913311005 0.2420414239168167
0.23195351660251617 0.2533220946788788
0.2329401820898056 0.2538853585720062
0.23219089210033417 0.24358756840229034
0.23195013403892517 0.2462867945432663
0.23196440935134888 0.25349268317222595
0.23146702349185944 0.2402745485305786
0.231720969080925 0.24562278389930725
0.23176462948322296 0.2441038191318512
0.23104092478752136 0.25176358222961426
0.23183074593544006 0.2465166598558426
0.2310674488544464 0.23710471391677856
0.23190705478191376 0.23876535892486572
0.23053759336471558 0.2505488693714142
0.23140910267829895 0.24209623038768768
0.23135602474212646 0.2480299472808838
0.23154078423976898 0.24975180625915527
0.23100882768630981 0.2580210864543915
0.23104840517044067 0.23943327367305756
0.23114848136901855 0.23804838955402374
0.23145528137683868 0.23896761238574982
0.2310958206653595 0.2367885857820511
0.2314361035823822 0.24891945719718933
0.23054265975952148 0.23820216953754425
0.23063741624355316 0.2507667541503906
0.23093020915985107 0.2395317703485489
0.23142802715301514 0.24885714054107666
0.23130474984645844 0.2466108351945877
0.23007544875144958 0.2501447796821594
0.23146294057369232 0.25082358717918396
0.23064640164375305 0.24620142579078674
0.23052477836608887 0.24559392035007477
0.23073069751262665 0.25208550691604614
0.23049286007881165 0.23658044636249542
0.22887760400772095 0.2545132339000702
0.23035098612308502 0.2451506108045578
0.2297688126564026 0.23983897268772125
0.22928382456302643 0.25417977571487427
0.22995084524154663 0.2461821436882019
0.22979296743869781 0.24367941915988922
0.22973918914794922 0.2375098466873169
0.22944404184818268 0.23949968814849854
0.22935298085212708 0.23818746209144592
0.23008549213409424 0.2407331019639969
0.22980459034442902 0.2368100881576538
0.2283513844013214 0.23707473278045654
0.23014414310455322 0.2402515411376953
0.22985436022281647 0.24725352227687836
0.22958481311798096 0.24307215213775635
0.2282799631357193 0.2514025866985321
0.22961021959781647 0.24527022242546082
0.2297426015138626 0.2425287663936615
0.22901979088783264 0.24210068583488464
0.22924260795116425 0.24807032942771912
0.2294965535402298 0.24069584906101227
0.22842365503311157 0.2382885366678238
0.2286292314529419 0.26183071732521057
0.22816167771816254 0.23943230509757996
0.22886204719543457 0.25074994564056396
0.2287982553243637 0.23811271786689758
0.2292102724313736 0.24180862307548523
0.22870464622974396 0.23946978151798248
0.22883805632591248 0.24147701263427734
0.2288067787885666 0.2369915097951889
0.22848881781101227 0.23895661532878876
0.22936983406543732 0.23629967868328094
0.22891554236412048 0.2434113323688507
0.22811560332775116 0.24651195108890533
0.22872088849544525 0.24657760560512543
0.22854287922382355 0.26742810010910034
0.2280099242925644 0.24384036660194397
0.2274041473865509 0.24169416725635529
0.22809195518493652 0.2920895516872406
0.22874212265014648 0.2374243289232254
0.22829462587833405 0.2388756275177002
0.22846649587154388 0.2377006709575653
0.22844062745571136 0.2552123963832855
0.22854456305503845 0.2693895399570465
0.2283487617969513 0.24484731256961823
0.22741065919399261 0.24331162869930267
0.22786635160446167 0.2385305017232895
0.22819173336029053 0.24689790606498718
0.22794418036937714 0.24776257574558258
0.22790783643722534 0.24565955996513367
0.2279430776834488 0.2418879270553589
0.2276676893234253 0.24828271567821503
0.2277442216873169 0.23768943548202515
0.2275991439819336 0.23856094479560852
0.22764116525650024 0.24025076627731323
0.22712917625904083 0.24679237604141235
0.22818277776241302 0.24629510939121246
0.2272588461637497 0.24259400367736816
0.22751833498477936 0.24835608899593353
0.22738124430179596 0.23949210345745087
0.228073388338089 0.2502214014530182
0.22741800546646118 0.24729026854038239
0.2283196747303009 0.24118149280548096
0.22775495052337646 0.24871870875358582
0.22727225720882416 0.23997808992862701
0.22703193128108978 0.24726687371730804
0.22780582308769226 0.24027222394943237
0.22643159329891205 0.2400493174791336
0.22685876488685608 0.24129751324653625
0.22671274840831757 0.24807274341583252
0.22718727588653564 0.23597072064876556
0.22676867246627808 0.24430346488952637
0.22715474665164948 0.2507787346839905
0.22645755112171173 0.243635356426239
0.2273029237985611 0.24783530831336975
0.22643637657165527 0.24787835776805878
0.22617244720458984 0.24216380715370178
0.22637267410755157 0.2542024254798889
0.22717130184173584 0.24872860312461853
0.2262626588344574 0.23778356611728668
0.22683903574943542 0.2361021339893341
0.22640709578990936 0.24312908947467804
0.22636909782886505 0.23334446549415588
0.22728389501571655 0.2498742640018463
0.22615090012550354 0.23839129507541656
0.22658537328243256 0.24512574076652527
0.22640666365623474 0.2569807469844818
0.22681793570518494 0.24266603589057922
0.2267659455537796 0.2374948412179947
0.22544950246810913 0.25226032733917236
0.22524121403694153 0.24899795651435852
0.2256671041250229 0.2485608458518982
0.22672289609909058 0.23981843888759613
0.22586584091186523 0.2510600984096527
0.22669190168380737 0.23926682770252228
0.22655089199543 0.24699388444423676
0.226021409034729 0.2422717809677124
0.22647882997989655 0.23588944971561432
0.2263835221529007 0.24686162173748016
0.22579582035541534 0.2433130145072937
0.22524024546146393 0.24002470076084137
0.22554360330104828 0.24529707431793213
0.2252349555492401 0.2465129941701889
0.22535431385040283 0.23502856492996216
0.22541680932044983 0.25536665320396423
0.22515922784805298 0.24321682751178741
0.2255009114742279 0.24478301405906677
0.22520698606967926 0.23534899950027466
0.225020170211792 0.237018421292305
0.22543436288833618 0.23754708468914032
0.22495624423027039 0.2361077219247818
0.22545590996742249 0.2518516480922699
0.22530686855316162 0.24212290346622467
0.22514842450618744 0.23842643201351166
0.22502222657203674 0.23761576414108276
0.22511707246303558 0.23898129165172577
0.22514945268630981 0.25705090165138245
0.22542643547058105 0.2386282980442047
0.22520054876804352 0.24000082910060883
0.2253730148077011 0.23748010396957397
0.22521889209747314 0.24447430670261383
0.2248871922492981 0.23782408237457275
0.22450515627861023 0.24051550030708313
0.22486598789691925 0.23506727814674377
0.22498205304145813 0.24237795174121857
0.2253102958202362 0.23733384907245636
0.22472497820854187 0.24922141432762146
0.22439494729042053 0.24293257296085358
0.22535699605941772 0.23676922917366028
0.2247258424758911 0.24214790761470795
0.22479969263076782 0.24991771578788757
0.22484128177165985 0.24887718260288239
0.22406741976737976 0.23844504356384277
0.2251429259777069 0.23962047696113586
0.2241264134645462 0.2339334487915039
0.22403667867183685 0.25068220496177673
0.22397753596305847 0.2514999806880951
0.22385486960411072 0.2440095841884613
0.22430390119552612 0.2430480718612671
0.22417140007019043 0.24540652334690094
0.22425132989883423 0.254289835691452
0.2235935777425766 0.23974083364009857
0.22366264462471008 0.24499516189098358
0.22440646588802338 0.24586129188537598
0.22359560430049896 0.2480827122926712
0.22369641065597534 0.25211301445961
0.2242855727672577 0.23534779250621796
0.22344425320625305 0.23436681926250458
0.22375772893428802 0.24781200289726257
0.22368402779102325 0.25639092922210693
0.2233913242816925 0.24076512455940247
0.22325554490089417 0.2407946139574051
0.22371624410152435 0.2402665764093399
0.22398191690444946 0.23577100038528442
0.22353479266166687 0.23528973758220673
0.2240070253610611 0.2407558709383011
0.22386756539344788 0.23550891876220703
0.22336865961551666 0.23733124136924744
0.22297488152980804 0.24484606087207794
0.2238965779542923 0.23725351691246033
0.22365804016590118 0.23831138014793396
0.2227805256843567 0.2404765486717224
0.22327882051467896 0.24441544711589813
0.22411474585533142 0.2368774116039276
0.22333016991615295 0.24304108321666718
0.2231915444135666 0.2366623729467392
0.2228991985321045 0.23912814259529114
0.2231043428182602 0.2387263923883438
0.222720667719841 0.23361963033676147
0.22263431549072266 0.24106338620185852
0.22315159440040588 0.24559135735034943
0.22298000752925873 0.2358509749174118
0.22271683812141418 0.2373141497373581
0.2237260788679123 0.2630612850189209
0.22248829901218414 0.23855900764465332
0.22272951900959015 0.2536534070968628
0.2230045199394226 0.23476488888263702
0.2234853059053421 0.2477266937494278
0.22310465574264526 0.2397238314151764
0.22234418988227844 0.24074015021324158
0.22275730967521667 0.24458201229572296
0.222825825214386 0.23538237810134888
0.2232145071029663 0.24337488412857056
0.22267144918441772 0.2722173035144806
0.22261200845241547 0.24289503693580627
0.22218622267246246 0.24696621298789978
0.22254927456378937 0.23816201090812683
0.22206474840641022 0.24064448475837708
0.2219112664461136 0.2365425080060959
0.22212368249893188 0.2413136512041092
0.22275973856449127 0.23798777163028717
0.2226286232471466 0.23727947473526
0.222906231880188 0.24781784415245056
0.2228359878063202 0.24272768199443817
0.2227514237165451 0.24588285386562347
0.2225932627916336 0.2367802858352661
0.2218570113182068 0.23531027138233185
0.22201091051101685 0.23734712600708008
0.22258995473384857 0.24604438245296478
0.22228553891181946 0.23592808842658997
0.22200219333171844 0.2557630240917206
0.22105923295021057 0.23959212005138397
0.22167667746543884 0.23838575184345245
0.222108855843544 0.23557855188846588
0.22165381908416748 0.23708908259868622
0.2215624898672104 0.23758332431316376
0.22144854068756104 0.2590928077697754
0.22118182480335236 0.24356088042259216
0.2214297652244568 0.2421714961528778
0.22164669632911682 0.23710070550441742
0.2226419299840927 0.23548781871795654
0.22152815759181976 0.23420988023281097
0.22170713543891907 0.24514994025230408
0.2220839411020279 0.2371533066034317
0.22090725600719452 0.2430756688117981
0.22140629589557648 0.23821447789669037
0.2214263379573822 0.2444857358932495
0.22141610085964203 0.23725052177906036
0.22164365649223328 0.24662750959396362
0.2214227020740509 0.24177846312522888
0.22186128795146942 0.23440846800804138
0.22222818434238434 0.24029530584812164
0.22167152166366577 0.23564600944519043
0.22105738520622253 0.2377757728099823
0.22172129154205322 0.2360313981771469
0.22131143510341644 0.2519320845603943
0.22149120271205902 0.2347685992717743
0.22143740952014923 0.24007174372673035
0.2213231921195984 0.2346612513065338
0.22137363255023956 0.2375064343214035
0.22091500461101532 0.24352246522903442
0.22145214676856995 0.23993122577667236
0.221060648560524 0.23807281255722046
0.22090551257133484 0.236252099275589
0.22094129025936127 0.23685196042060852
0.22030015289783478 0.24090081453323364
0.22100768983364105 0.23637966811656952
0.22035515308380127 0.23437894880771637
0.22047437727451324 0.2419789582490921
0.22056014835834503 0.2359974980354309
0.22084958851337433 0.2434123009443283
0.22045040130615234 0.23558704555034637
0.22087152302265167 0.23880156874656677
0.22038644552230835 0.2502700984477997
0.22054032981395721 0.24472421407699585
0.22077804803848267 0.24195902049541473
0.22078974545001984 0.23764091730117798
0.22044135630130768 0.2456468939781189
0.2202185094356537 0.24156370759010315
0.2204713672399521 0.2422643005847931
0.2200186550617218 0.2347230166196823
0.22051525115966797 0.23961372673511505
0.22069643437862396 0.24472299218177795
0.2204178422689438 0.24140256643295288
0.22039231657981873 0.23745562136173248
0.21999016404151917 0.23739060759544373
0.21999748051166534 0.24350576102733612
0.21965746581554413 0.24213741719722748
0.22026784718036652 0.23561732470989227
0.22043943405151367 0.23604917526245117
0.22065387666225433 0.23712578415870667
0.22008946537971497 0.2415286898612976
0.2203747183084488 0.23442234098911285
0.22016018629074097 0.23943127691745758
0.22004304826259613 0.23648566007614136
0.22017832100391388 0.23398399353027344
0.2198210060596466 0.2388816922903061
0.21980983018875122 0.23594160377979279
0.21997806429862976 0.24254237115383148
0.21998560428619385 0.25321075320243835
0.21955862641334534 0.23668314516544342
0.21944107115268707 0.23595094680786133
0.21934965252876282 0.23872867226600647
0.21991196274757385 0.2386995404958725
0.2192327231168747 0.2365906536579132
0.21984367072582245 0.236839160323143
0.21958090364933014 0.24460019171237946
0.21955598890781403 0.23781484365463257
0.21973809599876404 0.24867381155490875
0.21949803829193115 0.24179168045520782
0.21955956518650055 0.23606359958648682
0.218887597322464 0.2939004898071289
0.21952830255031586 0.23779264092445374
0.21951638162136078 0.24621379375457764
0.21933025121688843 0.2439374029636383
0.21923691034317017 0.23889394104480743
0.2191704362630844 0.23753677308559418
0.21959905326366425 0.2368459552526474
0.21938671171665192 0.23632541298866272
0.2188372164964676 0.23496508598327637
0.21970714628696442 0.2429630160331726
0.219122976064682 0.2441355288028717
0.21952536702156067 0.241471067070961
0.21909959614276886 0.26276159286499023
0.21911391615867615 0.2541373074054718
0.2192440927028656 0.23570676147937775
0.21908961236476898 0.23553979396820068
0.21900010108947754 0.24285230040550232
0.21964286267757416 0.23604299128055573
0.21871280670166016 0.2429332435131073
0.21930620074272156 0.2368360161781311
0.2193751037120819 0.23537299036979675
0.21851226687431335 0.23443123698234558
0.2187124639749527 0.2483239322900772
0.21824705600738525 0.24136164784431458
0.21839122474193573 0.2344258725643158
0.21812890470027924 0.23853859305381775
0.2177792191505432 0.23796166479587555
0.21863298118114471 0.24755443632602692
0.21846556663513184 0.237086683511734
0.21861056983470917 0.23407787084579468
0.21802960336208344 0.23537826538085938
0.21862977743148804 0.23692859709262848
0.2187044471502304 0.23658306896686554
0.21877703070640564 0.25175437331199646
0.21825946867465973 0.23732306063175201
0.21829389035701752 0.23862521350383759
0.21847328543663025 0.24373073875904083
0.21861566603183746 0.2364925593137741
0.2180456668138504 0.23717054724693298
0.2181771695613861 0.27092939615249634
0.2180144488811493 0.23856160044670105
0.2187952995300293 0.23670807480812073
0.21830734610557556 0.23309610784053802
0.21783341467380524 0.23609523475170135
0.2187550961971283 0.2349136918783188
0.21863162517547607 0.24073047935962677
0.2183520346879959 0.23522129654884338
0.21812006831169128 0.24458207190036774
0.21849529445171356 0.2488395720720291
0.2179166078567505 0.2381623536348343
0.21821792423725128 0.24096861481666565
0.21842235326766968 0.24898017942905426
0.21805565059185028 0.24236661195755005
0.21831011772155762 0.2360946089029312
0.21851518750190735 0.2364438772201538
0.21733500063419342 0.23571479320526123
0.21754512190818787 0.23697920143604279
0.21721650660037994 0.24858185648918152
0.2172551155090332 0.2397647500038147
0.2179138958454132 0.255998820066452
0.2175740897655487 0.23455815017223358
0.2178727239370346 0.24210135638713837
0.21773165464401245 0.2395598441362381
0.2171889841556549 0.23649360239505768
0.21736876666545868 0.23837684094905853
0.21834155917167664 0.23835153877735138
0.21747121214866638 0.23914876580238342
0.21748174726963043 0.2518974840641022
0.21723534166812897 0.23653340339660645
0.21700632572174072 0.24662770330905914
0.21700513362884521 0.23560377955436707
0.2174127995967865 0.2388317883014679
0.21793478727340698 0.2605762481689453
0.2171928733587265 0.23425953090190887
0.21714183688163757 0.244355708360672
0.21715736389160156 0.23405878245830536
0.2172035276889801 0.24193556606769562
0.2173721194267273 0.23945721983909607
0.21718907356262207 0.23611627519130707
0.21726123988628387 0.24159730970859528
0.21679165959358215 0.23429840803146362
0.21776185929775238 0.23844435811042786
0.2171144187450409 0.23493415117263794
0.21717511117458344 0.24236012995243073
0.21728578209877014 0.2352161705493927
0.21653714776039124 0.2378356009721756
0.21752503514289856 0.24401706457138062
0.21785619854927063 0.23891934752464294
0.2170480489730835 0.23428495228290558
0.21642346680164337 0.23449723422527313
0.21648773550987244 0.23547512292861938
0.21672125160694122 0.24199533462524414
0.21725741028785706 0.24740570783615112
0.2167324274778366 0.254820317029953
0.2169608473777771 0.2519640326499939
0.21636074781417847 0.23689286410808563
0.21624231338500977 0.24067990481853485
0.21624791622161865 0.23475776612758636
0.216267392039299 0.23568576574325562
0.21676446497440338 0.2399718165397644
0.21688561141490936 0.28049853444099426
0.2170122265815735 0.24536067247390747
0.21636438369750977 0.23715484142303467
0.21644499897956848 0.23912011086940765
0.2166478931903839 0.2353510856628418
0.21627967059612274 0.23628000915050507
0.21628712117671967 0.23600229620933533
0.21626123785972595 0.23895873129367828
0.2167903482913971 0.24252308905124664
0.21656279265880585 0.23592990636825562
0.21631349623203278 0.2441100776195526
0.21633568406105042 0.2429855614900589
0.21662437915802002 0.23818203806877136
0.21672998368740082 0.24438762664794922
0.21607670187950134 0.25180378556251526
0.21618106961250305 0.24263988435268402
0.21687544882297516 0.23897971212863922
0.2164405733346939 0.23343652486801147
0.2157626748085022 0.2354639321565628
0.21652407944202423 0.24007433652877808
0.2161673605442047 0.23557232320308685
0.21633142232894897 0.23785996437072754
0.2161092758178711 0.24005979299545288
0.21571357548236847 0.24826198816299438
0.21605238318443298 0.23688647150993347
0.2157365083694458 0.24282507598400116
0.2163091003894806 0.23632438480854034
0.2153674066066742 0.2329052835702896
0.21612495183944702 0.24255280196666718
0.21570172905921936 0.2355528175830841
0.21585199236869812 0.2405407875776291
0.21563158929347992 0.2365795522928238
0.216138556599617 0.235734760761261
0.21617574989795685 0.24285770952701569
0.2154761403799057 0.2405259609222412
0.215542271733284 0.23740673065185547
0.21530957520008087 0.24349287152290344
0.21545572578907013 0.23360034823417664
0.21579426527023315 0.23426871001720428
0.21520982682704926 0.23366433382034302
0.21558456122875214 0.23669691383838654
0.21564170718193054 0.23817837238311768
0.21543899178504944 0.23318785429000854
0.21574349701404572 0.23566904664039612
0.21486911177635193 0.23737049102783203
0.21542857587337494 0.24294401705265045
0.21588760614395142 0.23688489198684692
0.2160031497478485 0.23411807417869568
