1.5388468503952026 1.6405622959136963
1.4835655689239502 1.6375575065612793
1.4797338247299194 1.6685562133789062
1.477677822113037 1.637486219406128
1.4752780199050903 1.6399415731430054
1.4740158319473267 1.6403969526290894
1.4731940031051636 1.6320042610168457
1.473175287246704 1.6328916549682617
1.4725152254104614 1.633305549621582
1.471799612045288 1.637066125869751
1.459062933921814 1.6374350786209106
1.3381783962249756 1.3164080381393433
1.0892208814620972 1.1785433292388916
1.0183372497558594 1.1400028467178345
0.9494616985321045 1.0414299964904785
0.8865825533866882 0.9908668398857117
0.8281177878379822 0.897455096244812
0.7940223217010498 0.9231763482093811
0.7544607520103455 0.8021484613418579
0.7221863865852356 0.7737961411476135
0.6925305128097534 0.7154738903045654
0.6639701724052429 0.7376397848129272
0.6375203132629395 0.6789107918739319
0.6173397302627563 0.6144425272941589
0.5997218489646912 0.6509084701538086
0.5850048661231995 0.5976660847663879
0.5671688914299011 0.6172908544540405
0.5535028576850891 0.5670713782310486
0.537977397441864 0.5322267413139343
0.52493816614151 0.5358995795249939
0.5076799392700195 0.5179849863052368
0.49433380365371704 0.5109807252883911
0.4860641658306122 0.5783308744430542
0.47188517451286316 0.5399720072746277
0.4628542959690094 0.4731648862361908
0.4524012506008148 0.4542425870895386
0.44897669553756714 0.4431436359882355
0.43852725625038147 0.47919386625289917
0.4254392981529236 0.4398985803127289
0.41998738050460815 0.4387145936489105
0.41158586740493774 0.47678500413894653
0.4059596657752991 0.4158009886741638
0.3988645374774933 0.41462311148643494
0.39622262120246887 0.40926796197891235
0.3905605673789978 0.4065006375312805
0.3836060166358948 0.45515453815460205
0.3830777108669281 0.4428045451641083
0.3782026767730713 0.3892517685890198
0.3717487156391144 0.4052082300186157
0.3707100749015808 0.38169971108436584
0.3660156726837158 0.38028275966644287
0.3641457259654999 0.36993053555488586
0.36280184984207153 0.3940237760543823
0.3579806387424469 0.37281838059425354
0.35477614402770996 0.3641676902770996
0.35583969950675964 0.38597771525382996
0.35633033514022827 0.38988202810287476
0.35014504194259644 0.3883967697620392
0.34875452518463135 0.37032201886177063
0.3439360558986664 0.3477843999862671
0.3477049469947815 0.4321957230567932
0.34494826197624207 0.45865315198898315
0.34650710225105286 0.3702174723148346
0.341077595949173 0.3929808735847473
0.3408181071281433 0.3719576299190521
0.3378267288208008 0.37171387672424316
0.3357224762439728 0.34699445962905884
0.3364351987838745 0.3517070710659027
0.33701831102371216 0.3946768343448639
0.33123645186424255 0.3708881437778473
0.33214664459228516 0.3832074999809265
0.3324574828147888 0.34021395444869995
0.3317244052886963 0.3456974923610687
0.32820916175842285 0.3741860091686249
0.3262433111667633 0.37396836280822754
0.32853883504867554 0.40567564964294434
0.3240353465080261 0.36056119203567505
0.32301706075668335 0.3504910469055176
0.32415252923965454 0.3628353774547577
0.3246859312057495 0.35248926281929016
0.32376283407211304 0.3362884223461151
0.32157251238822937 0.330136775970459
0.32162147760391235 0.3278864026069641
0.31654566526412964 0.3195295035839081
0.317546546459198 0.36709871888160706
0.31915777921676636 0.37498748302459717
0.3159946799278259 0.3322739005088806
0.3152226209640503 0.38936513662338257
0.3171176016330719 0.3524540066719055
0.31599128246307373 0.3615446090698242
0.3137412369251251 0.3334083557128906
0.31324830651283264 0.32467541098594666
0.3129956126213074 0.3239406645298004
0.3154769837856293 0.3220759928226471
0.3112510144710541 0.3467162251472473
0.31191200017929077 0.3510754406452179
0.31141817569732666 0.32581496238708496
0.312002032995224 0.32044050097465515
0.31045612692832947 0.316595196723938
0.3109867572784424 0.3333820700645447
0.3101670444011688 0.32468315958976746
0.3082972764968872 0.3177749812602997
0.30882129073143005 0.3218342959880829
0.3076328635215759 0.34957408905029297
0.30612653493881226 0.3183090090751648
0.3073132634162903 0.3121267259120941
0.30552053451538086 0.334342360496521
0.3037906587123871 0.3320024013519287
0.3069576025009155 0.3419068455696106
0.3035123348236084 0.38431331515312195
0.30517062544822693 0.33290165662765503
0.30420157313346863 0.31306466460227966
0.30308249592781067 0.3082020580768585
0.30465590953826904 0.3178296387195587
0.30053287744522095 0.3283632695674896
0.3017643690109253 0.30944934487342834
0.30218520760536194 0.31180092692375183
0.2995941936969757 0.310748815536499
0.3001388907432556 0.35339194536209106
0.30275958776474 0.3527907729148865
0.3010753393173218 0.33175134658813477
0.3005463778972626 0.3210931718349457
0.30452778935432434 0.32607778906822205
0.2996223568916321 0.3211703896522522
0.30127018690109253 0.31997203826904297
0.2996639609336853 0.3150123953819275
0.29791343212127686 0.36620408296585083
0.29809069633483887 0.3312743306159973
0.2993110716342926 0.3193337917327881
0.298209547996521 0.3180484175682068
0.2964504063129425 0.3444122076034546
0.2990880012512207 0.3226930499076843
0.29820650815963745 0.3161957859992981
0.2983800768852234 0.3011920154094696
0.29728561639785767 0.34413760900497437
0.29694420099258423 0.32679644227027893
0.296343058347702 0.33475741744041443
0.29427552223205566 0.3258979618549347
0.29575952887535095 0.3472560942173004
0.2961375117301941 0.3139652609825134
0.2968776226043701 0.35495486855506897
0.29574695229530334 0.3032209575176239
0.29625070095062256 0.3141619563102722
0.29460084438323975 0.34798046946525574
0.29538679122924805 0.30570676922798157
0.2953607439994812 0.43568718433380127
0.2946484684944153 0.30606701970100403
0.29269447922706604 0.34550973773002625
0.29201456904411316 0.32099318504333496
0.2925548553466797 0.3354538083076477
0.29437702894210815 0.3114452660083771
0.29197221994400024 0.3290438652038574
0.29070013761520386 0.3232068121433258
0.2937992215156555 0.3329964876174927
0.2912074625492096 0.31033360958099365
0.2927188575267792 0.29628676176071167
0.29161059856414795 0.34052833914756775
0.28876185417175293 0.3203422427177429
0.292880654335022 0.29961809515953064
0.29060453176498413 0.3754556477069855
0.2899812161922455 0.31742146611213684
0.29491162300109863 0.30833232402801514
0.28867775201797485 0.301517128944397
0.29072943329811096 0.3170844614505768
0.2886539101600647 0.3079986870288849
0.28913649916648865 0.3074386715888977
0.29232633113861084 0.31103938817977905
0.2872897684574127 0.30388569831848145
0.2889419198036194 0.3038896918296814
0.28838735818862915 0.3044503331184387
0.287964791059494 0.31635668873786926
0.28869885206222534 0.32689911127090454
0.28800466656684875 0.2960164248943329
0.2887859046459198 0.3117431402206421
0.2847380042076111 0.34116238355636597
0.2879468500614166 0.3039988577365875
0.2911871373653412 0.2982238233089447
0.2852289080619812 0.3066093623638153
0.28588634729385376 0.3007127642631531
0.2863505780696869 0.2962019741535187
0.28783759474754333 0.3250080943107605
0.2878074049949646 0.32950538396835327
0.2885918617248535 0.30595529079437256
0.28575488924980164 0.3082323670387268
0.2883521318435669 0.31347304582595825
0.2882247269153595 0.32336509227752686
0.2867165207862854 0.3202071189880371
0.2849613130092621 0.3444174826145172
0.2849540114402771 0.31105339527130127
0.2857661247253418 0.3046060800552368
0.28270313143730164 0.2950839698314667
0.2853212058544159 0.30115509033203125
0.28450101613998413 0.32641929388046265
0.28509756922721863 0.30636873841285706
0.2871105372905731 0.33309900760650635
0.2850753962993622 0.34834855794906616
0.28412407636642456 0.29114753007888794
0.282884418964386 0.2912047505378723
0.28460395336151123 0.29388993978500366
0.2833537757396698 0.30655619502067566
0.2843678295612335 0.31379446387290955
0.2922486960887909 0.2931259274482727
0.27997735142707825 0.3308391869068146
0.28279462456703186 0.2907848358154297
0.2848759889602661 0.30137380957603455
0.2851399779319763 0.3171415328979492
0.28279611468315125 0.30066612362861633
0.2828373610973358 0.3012526035308838
0.28284478187561035 0.29094964265823364
0.2817525565624237 0.2909673750400543
0.2826187014579773 0.3003869652748108
0.2809033989906311 0.30150309205055237
0.28140658140182495 0.30063849687576294
0.28170761466026306 0.3055042326450348
0.2825811505317688 0.30890336632728577
0.28377631306648254 0.2911321818828583
0.2808665335178375 0.3015861511230469
0.2810719609260559 0.2976304888725281
0.2795651853084564 0.3130771219730377
0.281828373670578 0.32207363843917847
0.2809640169143677 0.29551562666893005
0.2813470661640167 0.29556965827941895
0.2818165123462677 0.30472320318222046
0.2796958386898041 0.32687410712242126
0.2803535461425781 0.28999072313308716
0.2784406840801239 0.2900761067867279
0.27980566024780273 0.30601972341537476
0.28359511494636536 0.3737460672855377
0.2793092131614685 0.31941667199134827
0.2767878770828247 0.30571454763412476
0.28111857175827026 0.2942696213722229
0.2792794406414032 0.3338233232498169
0.2770013213157654 0.2948116660118103
0.2802225351333618 0.29558783769607544
0.2785254418849945 0.29076680541038513
0.2794479727745056 0.28450408577919006
0.2768658697605133 0.3067910373210907
0.2781498432159424 0.29875603318214417
0.27822551131248474 0.34109920263290405
0.2781369686126709 0.2886444628238678
0.2785658538341522 0.30707767605781555
0.2791069746017456 0.33131372928619385
0.278587281703949 0.2873183786869049
0.27623698115348816 0.29789379239082336
0.2762261927127838 0.2915601432323456
0.2770204246044159 0.30220210552215576
0.2777101695537567 0.3026312589645386
0.2761346399784088 0.3536880314350128
0.2781470715999603 0.2995849549770355
0.2778328061103821 0.29247695207595825
0.27698564529418945 0.30234044790267944
0.2776685953140259 0.34676864743232727
0.2764502465724945 0.2921229600906372
0.2758249342441559 0.3151288628578186
0.27723488211631775 0.28788942098617554
0.2740184962749481 0.30677151679992676
0.27667170763015747 0.3137422502040863
0.2757408320903778 0.2875974774360657
0.27561116218566895 0.2891368269920349
0.27653324604034424 0.29906705021858215
0.2763085961341858 0.2975984215736389
0.2752959132194519 0.3158157467842102
0.27448374032974243 0.289347380399704
0.27407997846603394 0.3063242733478546
0.2744472026824951 0.2988186776638031
0.2776688039302826 0.3174268901348114
0.2760665714740753 0.2996329069137573
0.27474573254585266 0.29070714116096497
0.27467310428619385 0.3605232238769531
0.27615442872047424 0.2915167808532715
0.2743198275566101 0.31202349066734314
0.2751435935497284 0.3440246284008026
0.27554038166999817 0.28244808316230774
0.277317613363266 0.28973478078842163
0.2741152048110962 0.32187849283218384
0.2767014801502228 0.3357572555541992
0.2778370678424835 0.2881183624267578
0.27598878741264343 0.2886543869972229
0.27315783500671387 0.3028835356235504
0.27571022510528564 0.2906641364097595
0.27426257729530334 0.2907726466655731
0.2744460105895996 0.2998376786708832
0.2753881812095642 0.32213419675827026
0.27473124861717224 0.3136676549911499
0.2729761004447937 0.29360106587409973
0.27468010783195496 0.2908630967140198
0.2748243510723114 0.29196807742118835
0.27498194575309753 0.2903558611869812
0.2721397578716278 0.2845921814441681
0.2755160927772522 0.2895716726779938
0.27494576573371887 0.28939497470855713
0.27413561940193176 0.2846929430961609
0.2730565667152405 0.29883700609207153
0.2717197835445404 0.28705722093582153
0.27199581265449524 0.29745176434516907
0.2727339565753937 0.2841004431247711
0.27047672867774963 0.28663867712020874
0.27255091071128845 0.3060517907142639
0.2732602059841156 0.2891888916492462
0.27179667353630066 0.31489497423171997
0.272889107465744 0.3094062805175781
0.27130335569381714 0.3091384768486023
0.2716982364654541 0.3021611273288727
0.27085402607917786 0.29332074522972107
0.2721278965473175 0.3034796714782715
0.27143970131874084 0.3014996349811554
0.2695169448852539 0.3180973529815674
0.27344852685928345 0.2815402150154114
0.27030253410339355 0.328563928604126
0.2702353894710541 0.29450544714927673
0.2705783545970917 0.2926645576953888
0.27248451113700867 0.3603951930999756
0.27098119258880615 0.30037957429885864
0.27093714475631714 0.2827799916267395
0.2695493996143341 0.31185173988342285
0.27155470848083496 0.30874791741371155
0.2714828550815582 0.36306124925613403
0.27267125248908997 0.28937795758247375
0.26884692907333374 0.33969739079475403
0.2712744176387787 0.28587156534194946
0.2710596024990082 0.30326446890830994
0.2703382968902588 0.2913168668746948
0.27118295431137085 0.2942023277282715
0.2699041962623596 0.3074854612350464
0.27032309770584106 0.28591278195381165
0.2696792483329773 0.2888127267360687
0.26976972818374634 0.2974790632724762
0.27042168378829956 0.29727903008461
0.26972976326942444 0.289755254983902
0.2706768214702606 0.30210229754447937
0.27051684260368347 0.2809354364871979
0.2705581784248352 0.27991461753845215
0.2699209749698639 0.29994168877601624
0.269092857837677 0.3179563581943512
0.2704842686653137 0.29202282428741455
0.27065593004226685 0.3551011085510254
0.26977527141571045 0.2783781588077545
0.2709061801433563 0.2886107861995697
0.2713560163974762 0.28627994656562805
0.2706471383571625 0.2797117829322815
0.269450843334198 0.33053478598594666
0.2680870592594147 0.3054986000061035
0.2683540880680084 0.2888401746749878
0.26852938532829285 0.3287753760814667
0.26966843008995056 0.28168216347694397
0.2685035169124603 0.3242272734642029
0.26888999342918396 0.292397141456604
0.26742520928382874 0.2820866107940674
0.26673996448516846 0.2816688120365143
0.2684064209461212 0.2932209372520447
0.2699422836303711 0.29048338532447815
0.2688932418823242 0.30097663402557373
0.26767614483833313 0.28267815709114075
0.2697206139564514 0.2874132990837097
0.26874199509620667 0.2932380139827728
0.26896482706069946 0.30694058537483215
0.2667103111743927 0.31944841146469116
0.2678188979625702 0.2898710072040558
0.26804378628730774 0.30078640580177307
0.26696762442588806 0.29338446259498596
0.2667422592639923 0.2924756109714508
0.26889970898628235 0.2882674038410187
0.26794764399528503 0.3039781451225281
0.27020230889320374 0.29157963395118713
0.2667620778083801 0.2971469461917877
0.26922258734703064 0.3549235761165619
0.26670515537261963 0.2831442356109619
0.26767390966415405 0.2799476981163025
0.26719585061073303 0.32235679030418396
0.2686534523963928 0.340347558259964
0.26623114943504333 0.3072994649410248
0.2657153904438019 0.28500494360923767
0.26851338148117065 0.29073527455329895
0.2669771611690521 0.29650890827178955
0.2677973210811615 0.28066694736480713
0.2674497365951538 0.3052733242511749
0.26669061183929443 0.2902947664260864
0.26735812425613403 0.29011720418930054
0.2667563855648041 0.3397138714790344
0.2638496160507202 0.27826350927352905
0.2673090100288391 0.28264710307121277
0.26601073145866394 0.28829455375671387
0.2660379111766815 0.30113306641578674
0.26796624064445496 0.29429352283477783
0.2663576602935791 0.2768120765686035
0.2671357989311218 0.2974889874458313
0.26636946201324463 0.2759220600128174
0.266026109457016 0.2883836328983307
0.2666482627391815 0.29513245820999146
0.26619675755500793 0.306084007024765
0.26760852336883545 0.292073518037796
0.2668876647949219 0.2974676489830017
0.26480671763420105 0.2896711528301239
0.2656000554561615 0.2830306589603424
0.2648554742336273 0.2744833827018738
0.2650618255138397 0.3189449906349182
0.26487430930137634 0.27650460600852966
0.26559409499168396 0.2794969975948334
0.2664661407470703 0.3033108711242676
0.2661033570766449 0.32438814640045166
0.2652634084224701 0.3058457672595978
0.26780179142951965 0.3177112340927124
0.2655295431613922 0.29652830958366394
0.265802800655365 0.28538617491722107
0.26755160093307495 0.3042660057544708
0.26464006304740906 0.28433582186698914
0.26413530111312866 0.29014599323272705
0.2653581202030182 0.2919427156448364
0.26486214995384216 0.3493885099887848
0.2661907374858856 0.28702312707901
0.2644490599632263 0.29982635378837585
0.2653062045574188 0.2790687382221222
0.26462283730506897 0.28885290026664734
0.26330360770225525 0.27778106927871704
0.26744556427001953 0.28213682770729065
0.26401469111442566 0.2776126265525818
0.2656969130039215 0.28685900568962097
0.2658219635486603 0.28791144490242004
0.26498204469680786 0.3128174841403961
0.2645953595638275 0.2807146906852722
0.2638302147388458 0.3222893476486206
0.26455986499786377 0.2922065258026123
0.2643686532974243 0.285329669713974
0.26444903016090393 0.3673061728477478
0.2643960118293762 0.2833346128463745
0.2627619504928589 0.29043564200401306
0.2644341289997101 0.30788561701774597
0.26371216773986816 0.28138819336891174
0.26545560359954834 0.27888473868370056
0.26369237899780273 0.2823486030101776
0.2652057409286499 0.2829468846321106
0.2635408341884613 0.29678744077682495
0.263624906539917 0.28421247005462646
0.2635388672351837 0.2937741279602051
0.2634836733341217 0.2908429205417633
0.26282379031181335 0.2970871329307556
0.26414167881011963 0.27434781193733215
0.2636120617389679 0.284066379070282
0.26310402154922485 0.2777932286262512
0.26342618465423584 0.41705185174942017
0.26530390977859497 0.2769520580768585
0.26267871260643005 0.29326942563056946
0.26390841603279114 0.2843022644519806
0.26220598816871643 0.2810158133506775
0.26573508977890015 0.27774158120155334
0.265044242143631 0.3008372187614441
0.26354753971099854 0.29711875319480896
0.2630920708179474 0.2898441255092621
0.26328739523887634 0.2908135950565338
0.26263272762298584 0.30443906784057617
0.2640639543533325 0.2976451814174652
0.26408806443214417 0.28803399205207825
0.26334837079048157 0.2802702486515045
0.26369547843933105 0.27768585085868835
0.26521480083465576 0.3578547537326813
0.26206570863723755 0.27556881308555603
0.26375582814216614 0.2908480167388916
0.26187974214553833 0.2977488040924072
0.2617727220058441 0.2812090218067169
0.26222896575927734 0.28647199273109436
0.26240378618240356 0.27425870299339294
0.2614857256412506 0.28175148367881775
0.26349958777427673 0.28246834874153137
0.26368948817253113 0.29644903540611267
0.26342666149139404 0.29608258605003357
0.26178178191185 0.2775084674358368
0.26281511783599854 0.27938026189804077
0.26160523295402527 0.3148033022880554
0.26177698373794556 0.2801274359226227
0.261461079120636 0.29828378558158875
0.26017484068870544 0.2981151044368744
0.26305386424064636 0.2788441479206085
0.2618052065372467 0.31132519245147705
0.2610824704170227 0.27767232060432434
0.26357683539390564 0.31044381856918335
0.2605420649051666 0.2911132574081421
0.25967472791671753 0.2910442650318146
0.259689062833786 0.3134117126464844
0.2611893117427826 0.28564122319221497
0.2623802423477173 0.3376449644565582
0.2626587152481079 0.2984623312950134
0.26071497797966003 0.2879840135574341
0.260714590549469 0.30421262979507446
0.2607180178165436 0.2820385992527008
0.25997593998908997 0.2859807312488556
0.26054835319519043 0.29383206367492676
0.26225724816322327 0.283037006855011
0.2604387104511261 0.2796871066093445
0.2588768005371094 0.29476091265678406
0.26350072026252747 0.2756691575050354
0.26082152128219604 0.2893022298812866
0.2622658908367157 0.28280967473983765
0.2620566785335541 0.28564387559890747
0.2607809901237488 0.28999748826026917
0.26169729232788086 0.28011181950569153
0.2605747878551483 0.2955873906612396
0.2617652416229248 0.3288811147212982
0.26008978486061096 0.2830553948879242
0.2618918716907501 0.32947981357574463
0.26081979274749756 0.3007465600967407
0.2627761960029602 0.29132065176963806
0.26129764318466187 0.3120007812976837
0.2599335312843323 0.2761344313621521
0.2611462473869324 0.2856064736843109
0.2586576044559479 0.2984636723995209
0.2591584622859955 0.27771782875061035
0.2599885165691376 0.2734614312648773
0.26151883602142334 0.2781549394130707
0.26124322414398193 0.2829231917858124
0.26238808035850525 0.31048107147216797
0.2601938843727112 0.27582183480262756
0.2594718635082245 0.31049206852912903
0.26089411973953247 0.28028416633605957
0.26151448488235474 0.2812921106815338
0.26066190004348755 0.27927565574645996
0.2595045268535614 0.2780086100101471
0.25996410846710205 0.27778470516204834
0.2602415680885315 0.3370097279548645
0.2622407078742981 0.2799028158187866
0.262347936630249 0.2717685401439667
0.26199832558631897 0.2872403562068939
0.2624885141849518 0.28243231773376465
0.260862797498703 0.27555543184280396
0.26029518246650696 0.2842927575111389
0.2619713842868805 0.325661838054657
0.26138508319854736 0.28211408853530884
0.2596077024936676 0.2759571671485901
0.26188555359840393 0.27938124537467957
0.2599717080593109 0.29031604528427124
0.26186519861221313 0.2844531536102295
0.25990423560142517 0.28927090764045715
0.26187917590141296 0.32005634903907776
0.2590970993041992 0.2855352759361267
0.2609591484069824 0.29262033104896545
0.259470671415329 0.33168208599090576
0.26040002703666687 0.27732592821121216
0.2580593228340149 0.27923497557640076
0.26085400581359863 0.287500262260437
0.25946614146232605 0.30788227915763855
0.2598320245742798 0.2747444212436676
0.2599773108959198 0.31522369384765625
0.25951457023620605 0.27538976073265076
0.25943008065223694 0.2764359712600708
0.2601276934146881 0.30017396807670593
0.2588768005371094 0.28745537996292114
0.25893256068229675 0.2785402834415436
0.25934407114982605 0.3132967948913574
0.25879430770874023 0.28938817977905273
0.25746646523475647 0.3249046206474304
0.259068101644516 0.2893857955932617
0.2597404718399048 0.28476494550704956
0.2610603868961334 0.3306388258934021
0.25994545221328735 0.30131956934928894
0.2595932185649872 0.28462111949920654
0.2590252757072449 0.2775516211986542
0.25907137989997864 0.2863515317440033
0.2588854730129242 0.2851542830467224
0.2589670419692993 0.3116988241672516
0.2609159052371979 0.281028687953949
0.26044344902038574 0.2757877707481384
0.25832098722457886 0.29805949330329895
0.2596799433231354 0.2807597815990448
0.258708655834198 0.28760477900505066
0.2595122754573822 0.2759495675563812
0.2584899067878723 0.2936394512653351
0.2588818371295929 0.29974040389060974
0.25934597849845886 0.2923280894756317
0.25918909907341003 0.2923460602760315
0.2588052451610565 0.29084450006484985
0.25795978307724 0.27695849537849426
0.2593478560447693 0.29407912492752075
0.2595204710960388 0.2747194468975067
0.2579694390296936 0.27607661485671997
0.2602376639842987 0.3030111491680145
0.2583080530166626 0.29722094535827637
0.2612648010253906 0.32127198576927185
0.25736671686172485 0.2709127366542816
0.25883033871650696 0.2792954742908478
0.2575192153453827 0.30142804980278015
0.2596355080604553 0.27547401189804077
0.2580423653125763 0.28505265712738037
0.2584821283817291 0.279778391122818
0.2577807307243347 0.27612921595573425
0.2581475079059601 0.2751237750053406
0.2580687701702118 0.3095703125
0.25936585664749146 0.2876739501953125
0.25709089636802673 0.2892184257507324
0.2588960528373718 0.27839395403862
0.2577867805957794 0.2990202009677887
0.2573312520980835 0.287781298160553
0.25755125284194946 0.276679128408432
0.2564556300640106 0.2944409251213074
0.2577202320098877 0.30879509449005127
0.2567296326160431 0.2784996032714844
0.25870460271835327 0.2832080125808716
0.25909939408302307 0.2914249897003174
0.2580331265926361 0.290847510099411
0.25768864154815674 0.28021493554115295
0.25728127360343933 0.2849619686603546
0.25724032521247864 0.2886533737182617
0.2565542459487915 0.28570258617401123
0.2555132806301117 0.2971607446670532
0.2565470337867737 0.29362550377845764
0.2591371238231659 0.3089132308959961
0.25836822390556335 0.2750261425971985
0.25692281126976013 0.28668296337127686
0.25912049412727356 0.30619940161705017
0.2555677890777588 0.294344037771225
0.2585783898830414 0.2796546220779419
0.2583470344543457 0.3111688196659088
0.2571909427642822 0.3312627673149109
0.25488975644111633 0.28223350644111633
0.25629374384880066 0.29311320185661316
0.2569381892681122 0.2918221354484558
0.25626882910728455 0.28729572892189026
0.2560243308544159 0.2756732404232025
0.256803035736084 0.26703789830207825
0.25457677245140076 0.2750595211982727
0.25642433762550354 0.2744070291519165
0.25683996081352234 0.288160502910614
0.25598907470703125 0.28163406252861023
0.2582104206085205 0.28550583124160767
0.255893737077713 0.2931571900844574
0.2567867338657379 0.3141801357269287
0.25559645891189575 0.2684398889541626
0.25417935848236084 0.2946396470069885
0.25810813903808594 0.27932408452033997
0.25491806864738464 0.27544835209846497
0.25861257314682007 0.2773098945617676
0.25546994805336 0.2893317937850952
0.2561591863632202 0.2843599021434784
0.2534410059452057 0.2847084403038025
0.25605782866477966 0.27369794249534607
0.25519970059394836 0.2784666419029236
0.2563505172729492 0.284098744392395
0.25473958253860474 0.282026082277298
0.2566603720188141 0.27273085713386536
0.2530937194824219 0.2719954550266266
0.25556376576423645 0.3373488187789917
0.25458958745002747 0.27936774492263794
0.254518061876297 0.27758970856666565
0.2563551664352417 0.28101012110710144
0.2566085457801819 0.273211270570755
0.2545708417892456 0.2981555461883545
0.2550157308578491 0.277993381023407
0.25588250160217285 0.30760300159454346
0.25624513626098633 0.3033461272716522
0.25624871253967285 0.3005589544773102
0.2541373074054718 0.3715347647666931
0.2553674578666687 0.30724871158599854
0.2556747496128082 0.27556556463241577
0.2552995979785919 0.28634482622146606
0.25568488240242004 0.2734915018081665
0.25586849451065063 0.2868189513683319
0.2543126046657562 0.27457839250564575
0.25444233417510986 0.29502248764038086
0.2545407712459564 0.29669392108917236
0.2554093301296234 0.2817477583885193
0.25504037737846375 0.27302470803260803
0.2533722221851349 0.276373952627182
0.2538362443447113 0.2758634686470032
0.2551882863044739 0.2811972200870514
0.2550985515117645 0.2904300093650818
0.2542889416217804 0.29583582282066345
0.2549147307872772 0.29172179102897644
0.25578010082244873 0.27240365743637085
0.25527164340019226 0.3100816011428833
0.25598013401031494 0.28924259543418884
0.25511348247528076 0.3011924922466278
0.2534298300743103 0.2721824049949646
0.2543937563896179 0.3084181547164917
0.2557127773761749 0.2932855784893036
0.25539103150367737 0.27828750014305115
0.2543100416660309 0.28168320655822754
0.2528546452522278 0.2763914167881012
0.2531590163707733 0.27128535509109497
0.2555904984474182 0.290142685174942
0.2537804841995239 0.2756083011627197
0.2556699216365814 0.2719772756099701
0.25597095489501953 0.2940111756324768
0.2543312907218933 0.2997535765171051
0.25546029210090637 0.27577468752861023
0.25468409061431885 0.3626735508441925
0.2548080384731293 0.2862629294395447
0.2527555823326111 0.2977807819843292
0.2553640305995941 0.3035070300102234
0.255281925201416 0.2795987129211426
0.2549078166484833 0.2741996645927429
0.25535306334495544 0.2774406373500824
0.25299984216690063 0.2789604961872101
0.2551308572292328 0.27813032269477844
0.2513134479522705 0.3266235888004303
0.25464358925819397 0.27735236287117004
0.2531040608882904 0.2819817364215851
0.25264862179756165 0.3092029094696045
0.2538786232471466 0.2813445031642914
0.2543196380138397 0.2770652770996094
0.2526749074459076 0.27999475598335266
0.2556012272834778 0.27249211072921753
0.254005491733551 0.2749404311180115
0.2543407082557678 0.2852536141872406
0.25345179438591003 0.2686900198459625
0.25377821922302246 0.2800332009792328
0.2533298432826996 0.27659207582473755
0.2517798840999603 0.2874331772327423
0.2565886378288269 0.28203386068344116
0.2539745271205902 0.2812039256095886
0.25503095984458923 0.2737791836261749
0.25363972783088684 0.29233554005622864
0.25362175703048706 0.2901969254016876
0.2553125321865082 0.2806773781776428
0.2545221447944641 0.2812754809856415
0.2523883283138275 0.28301045298576355
0.2546456456184387 0.2738553285598755
0.25340142846107483 0.3037933111190796
0.2530892789363861 0.28308582305908203
0.25268882513046265 0.29298892617225647
0.25404390692710876 0.27182239294052124
0.2555732727050781 0.27608704566955566
0.2529503405094147 0.29077857732772827
0.25337275862693787 0.2904362976551056
0.25466299057006836 0.2748199701309204
0.2521524131298065 0.2734587490558624
0.25389954447746277 0.2893054187297821
0.25329601764678955 0.30897942185401917
0.25190791487693787 0.27305933833122253
0.25213107466697693 0.2869214415550232
0.25446009635925293 0.270243763923645
0.25237706303596497 0.2736198902130127
0.25056156516075134 0.2932916581630707
0.254461407661438 0.30500608682632446
0.25290170311927795 0.28443342447280884
0.250392347574234 0.28562629222869873
0.25379449129104614 0.27312231063842773
0.25344181060791016 0.2867583930492401
0.25145241618156433 0.2735280990600586
0.25233742594718933 0.2813800275325775
0.253994882106781 0.2708072066307068
0.25179436802864075 0.2854219079017639
0.25313010811805725 0.26981788873672485
0.2539243996143341 0.2919241189956665
0.25263434648513794 0.3685606122016907
0.2520759701728821 0.287139892578125
0.25434690713882446 0.281754732131958
0.25227683782577515 0.2812936305999756
0.2519323229789734 0.27517303824424744
0.25196102261543274 0.2801571190357208
0.25257542729377747 0.27454835176467896
0.25227871537208557 0.28432542085647583
0.25188446044921875 0.2788080871105194
0.2535090148448944 0.288646936416626
0.25228309631347656 0.27062883973121643
0.25180312991142273 0.27221134305000305
0.2544764578342438 0.30189865827560425
0.25033220648765564 0.270270437002182
0.2516948878765106 0.2819753885269165
0.2516491115093231 0.2786870300769806
0.25060606002807617 0.27803292870521545
0.25377145409584045 0.27065399289131165
0.2520557641983032 0.2756933569908142
0.2538819909095764 0.29525747895240784
0.2509973347187042 0.2716555595397949
0.2514313757419586 0.30803927779197693
0.2526175081729889 0.32275721430778503
0.2516656219959259 0.282694935798645
0.25190529227256775 0.2830240726470947
0.2521917223930359 0.312610924243927
0.25156593322753906 0.2776455283164978
0.2515769898891449 0.27651309967041016
0.25194504857063293 0.28305479884147644
0.2529350817203522 0.2829529941082001
0.25055938959121704 0.2794491648674011
0.25044429302215576 0.27994677424430847
0.25061938166618347 0.27689510583877563
0.2505726218223572 0.2847004532814026
0.24940359592437744 0.27189895510673523
0.2516677975654602 0.35270756483078003
0.2526001036167145 0.2775239944458008
0.25170058012008667 0.30092692375183105
0.2505824565887451 0.27171221375465393
0.2537720203399658 0.27682119607925415
0.2506868541240692 0.29068443179130554
0.2519828975200653 0.31314337253570557
0.2509429156780243 0.27621257305145264
0.2516486644744873 0.27859702706336975
0.25180962681770325 0.2819492220878601
0.25283315777778625 0.2695617079734802
0.25247442722320557 0.27930939197540283
0.25062939524650574 0.28212618827819824
0.25095856189727783 0.2759883403778076
0.2500547766685486 0.28893741965293884
0.25089704990386963 0.2768996059894562
0.25210636854171753 0.29114454984664917
0.2512669563293457 0.3095828890800476
0.25241580605506897 0.2706717252731323
0.2512874901294708 0.28210213780403137
0.24997185170650482 0.3301089406013489
0.25127750635147095 0.280062735080719
0.2533892095088959 0.2937016785144806
0.25119370222091675 0.2803402841091156
0.25174856185913086 0.29280900955200195
0.2516816258430481 0.28370028734207153
0.25104212760925293 0.3350847661495209
0.25112417340278625 0.27988120913505554
0.2495546191930771 0.31619948148727417
0.2518405616283417 0.273898720741272
0.2500174641609192 0.2717163860797882
0.2525027096271515 0.28767305612564087
0.24962086975574493 0.3595629036426544
0.25158223509788513 0.30749988555908203
0.2512054443359375 0.2936195433139801
0.2496272772550583 0.3199663758277893
0.24967098236083984 0.2767305374145508
0.25167587399482727 0.2740066945552826
0.24958769977092743 0.3018760085105896
0.2503194212913513 0.28311190009117126
0.2516401410102844 0.2833399176597595
0.25184544920921326 0.280473917722702
0.2501942217350006 0.27924641966819763
0.25206759572029114 0.27848902344703674
0.2519446611404419 0.2875536382198334
0.2492377907037735 0.2795200049877167
0.2510732412338257 0.28154581785202026
0.25146350264549255 0.27258482575416565
0.25067898631095886 0.2950149178504944
0.2515121400356293 0.2792612910270691
0.25106576085090637 0.30881983041763306
0.2507729232311249 0.2779485583305359
0.25048956274986267 0.35057294368743896
0.25012779235839844 0.2795470058917999
0.25032472610473633 0.29368674755096436
0.25030526518821716 0.2724674642086029
0.250341534614563 0.28346335887908936
0.25106000900268555 0.30975115299224854
0.25160232186317444 0.30144503712654114
0.2488185614347458 0.27266833186149597
0.24990060925483704 0.2918165922164917
0.2509670853614807 0.2840716540813446
0.24967509508132935 0.2780030071735382
0.25134870409965515 0.26659977436065674
0.24990525841712952 0.2796519100666046
0.2515638768672943 0.3157615065574646
0.24970415234565735 0.28330758213996887
0.2504059374332428 0.2727239429950714
0.2503274381160736 0.26893150806427
0.25004684925079346 0.3245663344860077
0.24955841898918152 0.26818954944610596
0.24927648901939392 0.2793872058391571
0.25034797191619873 0.27985382080078125
0.2503085136413574 0.2740878164768219
0.2505543529987335 0.3116872310638428
0.2505236268043518 0.2775142788887024
0.24940623342990875 0.27919304370880127
0.24909548461437225 0.2797163724899292
0.2503795623779297 0.26791542768478394
0.2491091787815094 0.2896799147129059
0.25055837631225586 0.30287492275238037
0.25196903944015503 0.2833457291126251
0.25213342905044556 0.2802387475967407
0.2511829435825348 0.2908570468425751
0.24890664219856262 0.2724114656448364
0.24904949963092804 0.27203038334846497
0.2510632574558258 0.30412259697914124
0.24805614352226257 0.31525349617004395
0.2493317574262619 0.2734886109828949
0.2479231208562851 0.28590261936187744
0.2488037794828415 0.27857133746147156
0.25038573145866394 0.3008061647415161
0.25035786628723145 0.2977580428123474
0.24945348501205444 0.28425267338752747
0.24998673796653748 0.30963805317878723
0.24942299723625183 0.2942966818809509
0.2502644956111908 0.2772688567638397
0.2498984932899475 0.2757660448551178
0.24915872514247894 0.28598564863204956
0.2496013343334198 0.27735745906829834
0.24968156218528748 0.2733628451824188
0.24882735311985016 0.2956763505935669
0.2490675300359726 0.2875048816204071
0.25013256072998047 0.2683655023574829
0.2521301209926605 0.28082460165023804
0.24763232469558716 0.28666022419929504
0.2502859830856323 0.27804550528526306
0.2501292824745178 0.28886422514915466
0.2507615387439728 0.27469995617866516
0.24961568415164948 0.28800591826438904
0.24964751303195953 0.29265573620796204
0.2477681040763855 0.28073033690452576
0.2507220208644867 0.2709215581417084
0.2494848519563675 0.2816692292690277
0.249503493309021 0.2711014449596405
0.24966830015182495 0.27413612604141235
0.24944289028644562 0.27999287843704224
0.24902896583080292 0.2696608603000641
0.24991890788078308 0.28308752179145813
0.25034835934638977 0.27509477734565735
0.25025227665901184 0.2819114327430725
0.2511555254459381 0.27411210536956787
0.24887438118457794 0.2771128714084625
0.2510083317756653 0.30331894755363464
0.24963884055614471 0.2914098799228668
0.2499169260263443 0.270982027053833
0.2507551610469818 0.27617087960243225
0.2491605132818222 0.2804330587387085
0.2476477324962616 0.28373733162879944
0.24936543405056 0.2760046720504761
0.24770091474056244 0.2903342843055725
0.2499428242444992 0.3003118932247162
0.24835027754306793 0.2703950107097626
0.24717386066913605 0.2661891579627991
0.24872726202011108 0.31549400091171265
0.24795840680599213 0.27744823694229126
0.24714384973049164 0.2658645212650299
0.24863235652446747 0.29765549302101135
0.2497357428073883 0.27493053674697876
0.24929296970367432 0.2896493077278137
0.2488168478012085 0.2858605682849884
0.25173255801200867 0.2846826910972595
0.24734684824943542 0.2826109230518341
0.24830499291419983 0.2903594672679901
0.24916982650756836 0.27863574028015137
0.24755112826824188 0.3015221059322357
0.24869319796562195 0.2678506374359131
0.24830184876918793 0.27826127409935
0.24831853806972504 0.2905018627643585
0.24957185983657837 0.28399893641471863
0.24901516735553741 0.2712901830673218
0.24935013055801392 0.2712644934654236
0.24895860254764557 0.2859240472316742
0.24892523884773254 0.2766927480697632
0.2474701851606369 0.27897897362709045
0.24812033772468567 0.27346229553222656
0.2503701150417328 0.26856300234794617
0.2486480176448822 0.27844613790512085
0.24806678295135498 0.2804022431373596
0.24894553422927856 0.3089087903499603
0.2482272833585739 0.2749141454696655
0.24937331676483154 0.27273309230804443
0.24796240031719208 0.2726457715034485
0.24879439175128937 0.2811459004878998
0.24715198576450348 0.27197638154029846
0.24798795580863953 0.26766473054885864
0.24723711609840393 0.28627780079841614
0.24895066022872925 0.27925652265548706
0.24900542199611664 0.28014251589775085
0.24876917898654938 0.27389514446258545
0.24821840226650238 0.2875255048274994
0.24947454035282135 0.2816152274608612
0.24928607046604156 0.273617148399353
0.24894370138645172 0.269380658864975
0.24848879873752594 0.2737797200679779
0.24779030680656433 0.280416339635849
0.24890361726284027 0.302380234003067
0.24842065572738647 0.2816356420516968
0.24749544262886047 0.2822410464286804
0.24995237588882446 0.27648571133613586
0.24755322933197021 0.2722240388393402
0.24907782673835754 0.27258530259132385
0.24532553553581238 0.2925224006175995
0.2462182343006134 0.2829040586948395
0.24726317822933197 0.28696492314338684
0.24759365618228912 0.2690885663032532
0.24903345108032227 0.2689266502857208
0.24895738065242767 0.28704750537872314
0.248683363199234 0.2927003800868988
0.2480016052722931 0.30693596601486206
0.2475234866142273 0.29773572087287903
0.24802304804325104 0.2737590968608856
0.2458973079919815 0.281957745552063
0.24871423840522766 0.2713853120803833
0.24694542586803436 0.2781895101070404
0.24690468609333038 0.27903637290000916
0.24823084473609924 0.2776966691017151
0.24789643287658691 0.2810511887073517
0.24733641743659973 0.2789560854434967
0.247212216258049 0.2737935185432434
0.24782812595367432 0.2872926890850067
0.24826353788375854 0.2711571455001831
0.24873924255371094 0.3156505525112152
0.24703794717788696 0.28759798407554626
0.2478783279657364 0.29640305042266846
0.24800679087638855 0.2680606245994568
0.24922654032707214 0.2684206962585449
0.2462780475616455 0.2769104838371277
0.24715863168239594 0.29031991958618164
0.24659372866153717 0.28188759088516235
0.24935349822044373 0.2703104615211487
0.24662497639656067 0.30971667170524597
0.24761581420898438 0.2857314646244049
0.24795058369636536 0.2810679078102112
0.24532023072242737 0.29908013343811035
0.24747668206691742 0.2797279953956604
0.24738888442516327 0.27114737033843994
0.24727629125118256 0.2858086824417114
0.24872078001499176 0.27857235074043274
0.24752919375896454 0.2962646484375
0.24755622446537018 0.2720305621623993
0.24796055257320404 0.2732175588607788
0.2480166107416153 0.2783452272415161
0.2471473067998886 0.2941860258579254
